11 0.27421875 0.28515625 0.0796875 0.55
11 0.39453125 0.409375 0.1453125 0.30625
5 0.825 0.39140625 0.0875 0.22890625
5 0.93359375 0.38515625 0.1296875 0.24140625
15 0.4984375 0.75 0.996875 0.49140625
7 0.19765625 0.03984375 0.0796875 0.05
7 0.3734375 0.103125 0.05 0.03125
7 0.48359375 0.18671875 0.0546875 0.03125
7 0.803125 0.253125 0.025 0.05234375
7 0.35703125 0.1625 0.0421875 0.025
7 0.48125 0.11328125 0.028125 0.02265625
7 0.42265625 0.20703125 0.0203125 0.01484375
7 0.95859375 0.10390625 0.0265625 0.02109375
10 0.44921875 0.36171875 0.0953125 0.36484375
10 0.684375 0.38046875 0.05 0.31484375
10 0.7421875 0.39453125 0.04375 0.24765625