5 0.7 0.42578125 0.096875 0.18515625
15 0.49921875 0.75390625 0.9984375 0.48359375
7 0.96328125 0.04453125 0.0703125 0.06484375
7 0.27578125 0.13125 0.0453125 0.02890625
7 0.11171875 0.08203125 0.0203125 0.03125
7 0.32578125 0.21875 0.0515625 0.025
7 0.90703125 0.16328125 0.0734375 0.03984375
7 0.01640625 0.06015625 0.0328125 0.02890625
7 0.6390625 0.06328125 0.0875 0.05625
7 0.05859375 0.13046875 0.0421875 0.03125
7 0.403125 0.29140625 0.015625 0.0125
7 0.61796875 0.35703125 0.0140625 0.02265625
7 0.35703125 0.25234375 0.0203125 0.0125
7 0.43828125 0.31875 0.0328125 0.0125
7 0.37421875 0.30625 0.0171875 0.0125
7 0.31484375 0.26953125 0.0203125 0.01484375
7 0.453125 0.29921875 0.015625 0.01015625
7 0.65234375 0.17578125 0.0671875 0.03515625
7 0.3890625 0.290625 0.009375 0.01015625
14 0.1890625 0.496875 0.371875 0.49765625
10 0.38671875 0.42265625 0.0578125 0.2625
10 0.059375 0.3625 0.1 0.475
10 0.446875 0.45625 0.034375 0.15390625
10 0.58515625 0.46328125 0.0234375 0.13125
10 0.56328125 0.46484375 0.0328125 0.1375