15 0 0.9979166671874999 0.9984375 0.9979166671874999 0.9984375 0.5604166671875 0.9125 0.5541666671875001 0.8921875 0.5645833328125 0.86875 0.5645833328125 0.8390625 0.5416666671875 0.8078125 0.5395833328124999 0.80625 0.5395833328124999 0.6453125 0.5583333328125 0.5609375 0.5583333328125 0.496875 0.5770833328125 0.4796875 0.5708333328124999 0.45 0.5770833328125 0.4421875 0.5708333328124999 0.328125 0.5916666671875 0.3140625 0.5875 0.29375 0.61875 0.2921875 0.6375 0.2796875 0.6458333328125 0.2546875 0.6458333328125 0.2375 0.6333333328124999 0.2109375 0.6395833328125 0.2078125 0.61875 0.2125 0.6104166671875 0.1765625 0.6020833328124999 0.1546875 0.6166666671875001 0.0953125 0.6083333328125 0.0875 0.6333333328124999 0.06875 0.625 0 0.6333333328124999 0 0.9979166671874999
5 0.478125 0.2708333328125 0.4984375 0.2708333328125 0.5046875 0.29375 0.5234375 0.3166666671875 0.5296875 0.3645833328125 0.5203125 0.46875 0.5265625 0.46875 0.528125 0.48125 0.5359375 0.47083333281249995 0.553125 0.48333333281249996 0.559375 0.55 0.5875 0.5416666671875 0.5984375 0.5479166671875 0.6375 0.5458333328125 0.6421875 0.5395833328124999 0.653125 0.5458333328125 0.6640625 0.5354166671875 0.7171875 0.5375 0.721875 0.54375 0.746875 0.5375 0.7515625 0.5291666671875 0.8453125 0.5291666671875 0.846875 0.11041666718750001 0.8453125 0.11041666718750001 0.840625 0.1208333328125 0.45625 0.1729166671875 0.4609375 0.25833333281250004 0.478125 0.2708333328125
7 0.6203125 0.25833333281250004 0.6203125 0.24583333281250003 0.584375 0.20208333281250002 0.5796875 0.20208333281250002 0.5765625 0.2125 0.5875 0.23125 0.609375 0.25625 0.6203125 0.25833333281250004
7 0.178125 0.11041666718750001 0.175 0.11041666718750001 0.171875 0.13333333281249998 0.184375 0.1395833328125 0.19375 0.12291666718750001 0.178125 0.11041666718750001
14 0.4625 0.44375 0.4640625 0.5479166671875 0.4578125 0.5604166671875 0.4921875 0.5479166671875 0.484375 0.4791666671875 0.490625 0.4375 0.4859375 0.3916666671875 0.484375 0.3916666671875 0.4359375 0.39791666718749996 0.446875 0.4166666671875 0.46875 0.43333333281249997 0.4625 0.44375
10 0.4859375 0.47083333281249995 0.4953125 0.55 0.4828125 0.5625 0.5140625 0.5645833328125 0.5203125 0.5583333328125 0.5140625 0.4625 0.528125 0.35208333281250004 0.5203125 0.3145833328125 0.50625 0.3020833328125 0.49375 0.2708333328125 0.484375 0.2708333328125 0.4765625 0.29375 0.496875 0.31875 0.496875 0.34375 0.4859375 0.47083333281249995
10 0.2 0.22916666718749998 0.1953125 0.2916666671875 0.1984375 0.3020833328125 0.215625 0.30416666718749996 0.221875 0.3166666671875 0.2125 0.4770833328125 0.2390625 0.58125 0.215625 0.6270833328125 0.2328125 0.625 0.2625 0.5916666671875 0.24375 0.49583333281249997 0.25 0.44375 0.259375 0.41875 0.2703125 0.6083333328125 0.2578125 0.6375 0.278125 0.6375 0.2875 0.6291666671875 0.2859375 0.6020833328124999 0.2953125 0.54375 0.2921875 0.4625 0.3078125 0.3854166671875 0.30625 0.33125 0.296875 0.3020833328125 0.3234375 0.29375 0.325 0.28125 0.303125 0.1979166671875 0.2734375 0.1625 0.2765625 0.1270833328125 0.2609375 0.0958333328125 0.25 0.0958333328125 0.2296875 0.1020833328125 0.2203125 0.12291666718750001 0.2171875 0.1854166671875 0.2 0.22916666718749998
10 0.0359375 0.6041666671875 0.0359375 0.58125 0.0203125 0.5083333328124999 0.015625 0.5083333328124999 0.0140625 0.6020833328124999 0.0171875 0.6125 0.028125 0.6125 0.0359375 0.6041666671875
10 0 0.5354166671875 0.00625 0.5 0.05625 0.49583333281249997 0.0671875 0.48541666718750004 0.0765625 0.40416666718750005 0.0765625 0.3875 0.0546875 0.33125 0.05625 0.3145833328125 0.025 0.2791666671875 0.0015625 0.22291666718749997 0 0.22291666718749997 0 0.325 0.0078125 0.3270833328125 0 0.33541666718749996 0 0.3729166671875 0.0109375 0.38333333281250004 0.0171875 0.41875 0.0140625 0.43958333281249995 0 0.4458333328125 0 0.5354166671875
10 0.309375 0.3895833328125 0.29375 0.4770833328125 0.296875 0.5625 0.3046875 0.5625 0.309375 0.5520833328125 0.3234375 0.5770833328125 0.353125 0.55625 0.3526926328125 0.4739139875 0.358044778125 0.44537937968749997 0.3453125 0.4145833328125 0.3390625 0.40208333281249997 0.325 0.2645833328125 0.321875 0.2604166671875 0.325 0.2916666671875 0.3 0.3020833328125 0.3078125 0.33125 0.309375 0.3895833328125
11 0.85625 0 0.8546875 0.23125 0.8484375 0.2479166671875 0.853125 0.2520833328125 0.8484375 0.28125 0.85 0.5395833328124999 0.85625 0.55 0.890625 0.5520833328125 0.8984375 0.5270833328125 0.89375 0.0458333328125 0.890625 0.0041666671875 0.86875 0 0.85625 0
11 0.0578125 0 0.0609375 0.3375 0.0796875 0.3895833328125 0.1453125 0.40416666718750005 0.140625 0.4479166671875 0.14375 0.5083333328124999 0.14375 0.5145833328125 0.15625 0.5916666671875 0.1796875 0.5520833328125 0.18125 0.3854166671875 0.1671875 0.35625 0.175 0.33541666718749996 0.1751031140625 0.2808136484375 0.1734375 0.2166666671875 0.175 0.20208333281250002 0.1744899875 0.1402581265625 0.1734375 0.0125 0.165625 0 0.15733173125 0 0.0578125 0
3 0.0035464656249999996 0.63446663125 0.0111771796875 0.50588090625 0.063501971875 0.50370146875 0.069497521875 0.6155783390625 0.0722227828125 0.6163047875000001 0.06731732812499999 0.5044279390625 0.083367253125 0.625 0.083367253125 0.5791666671875 0.078679753125 0.5333333328125 0.08180475312499999 0.5083333328124999 0.114617253125 0.50625 0.1354485796875 0.5095132609374999 0.1392639359375 0.5291280203125 0.14586725312499998 0.5916666671875 0.15367975312499998 0.6020833328124999 0.141179753125 0.48333333281249996 0.144304753125 0.40208333281249997 0.08039852656249999 0.3881922671875 0.0771282359375 0.3976364125 0.069497521875 0.49425732343749995 0.005181628125 0.5029749984375 0.000276175 0.6337401359375 0.0035464656249999996 0.63446663125
11 0.1200026625 0.5530979171875 0.1169371140625 0.5106044015625 0.09410602812499999 0.5093025812499999 0.084731028125 0.5093025812499999 0.080043528125 0.52180258125 0.08629352812499999 0.5759692484375 0.1200026625 0.5800649671875 0.1200026625 0.5530979171875
11 0.1275186546875 0.5110089765625 0.1334953734375 0.5836416 0.14514443593749998 0.5795556671875 0.13778713125 0.513363825 0.1275186546875 0.5110089765625
10 0.3828125 0.40416666718750005 0.375 0.42291666718750004 0.3796875 0.4270833328125 0.409375 0.4270833328125 0.415625 0.42083333281249996 0.4171875 0.39791666718749996 0.434375 0.39375 0.43125 0.3708333328125 0.4109375 0.3416666671875 0.4078125 0.30625 0.396875 0.30625 0.3921875 0.3375 0.3765625 0.35625 0.3765625 0.3916666671875 0.3828125 0.40416666718750005
5 0.496875 0.3166666671875 0.48125 0.3104166671875 0.48125 0.3083333328125 0.478125 0.3583333328125 0.484375 0.3708333328125 0.49375 0.35625 0.496875 0.3166666671875
4 0.35625 0.5541666671875001 0.3703125 0.5625 0.3953125 0.5541666671875001 0.4046875 0.5604166671875 0.4109375 0.5604166671875 0.4078125 0.5541666671875001 0.4296875 0.5604166671875 0.434375 0.5541666671875001 0.4546875 0.55625 0.4625 0.5458333328125 0.4609375 0.43541666718750005 0.44375 0.4479166671875 0.41875 0.44166666718750003 0.4109375 0.43125 0.378125 0.43125 0.3765625 0.4291666671875 0.3515625 0.43333333281249997 0.3546875 0.4583333328125 0.346875 0.48125 0.35625 0.5541666671875001
14 0.259375 0.4291666671875 0.2578125 0.4291666671875 0.2484375 0.4604166671875 0.246875 0.49583333281249997 0.2640625 0.5791666671875 0.259375 0.4291666671875
14 0.196875 0.5020833328125 0.1859375 0.55 0.1609375 0.5854166671875001 0.1609375 0.5958333328125 0.196875 0.5916666671875 0.2109375 0.6020833328124999 0.2359375 0.5875 0.209375 0.46666666718750005 0.21875 0.3416666671875 0.209375 0.3416666671875 0.18125 0.3416666671875 0.16875 0.35 0.1953125 0.41875 0.196875 0.5020833328125