11 0.08984375 0.3375 0.1171875 0.675
11 0.78359375 0.26328125 0.0359375 0.5265625
18 0.70234375 0.39921875 0.0828125 0.07265625
5 0.36484375 0.36640625 0.1453125 0.39609375
15 0.49921875 0.753125 0.9984375 0.48515625
7 0.6515625 0.178125 0.065625 0.03515625
7 0.61328125 0.0375 0.0953125 0.06640625
7 0.8875 0.15625 0.071875 0.02890625
7 0.65078125 0.14765625 0.0671875 0.09609375
7 0.8875 0.13359375 0.071875 0.075
7 0.96484375 0.01953125 0.0671875 0.0390625
14 0.50390625 0.47890625 0.0890625 0.19140625
10 0.5546875 0.44375 0.046875 0.20390625
10 0.4359375 0.40546875 0.0625 0.28125