14 0 0.6229166671875 0.021875 0.625 0.0359375 0.6520833328125 0.04375 0.6229166671875 0.0390625 0.5833333328125 0.0578125 0.5770833328125 0.0609375 0.6916666671875 0.0640625 0.70625 0.0734375 0.70625 0.0828125 0.6895833328125 0.08125 0.58125 0.115625 0.5791666671875 0.09375 0.5333333328125 0.0890625 0.5 0.0890625 0.45 0.1109375 0.38125 0.1109375 0.35625 0.0359375 0.3395833328125 0.04375 0.3145833328125 0.00625 0.3 0.0015625 0.2854166671875 0 0.2854166671875 0 0.6229166671875
7 0.121875 0.2791666671875 0.1203125 0.2708333328125 0.1078125 0.2666666671875 0.1 0.2666666671875 0.084375 0.2666666671875 0.078125 0.275 0.0953125 0.2833333328125 0.121875 0.2791666671875
7 0.1546875 0.30416666718749996 0.1421875 0.30416666718749996 0.1359375 0.3083333328125 0.1390625 0.3145833328125 0.1625 0.3145833328125 0.1546875 0.30416666718749996
15 0.3796875 0.55 0.3765625 0.5333333328125 0.3609375 0.5395833328124999 0.375 0.5479166671875 0.375 0.5770833328125 0.4015625 0.5979166671875 0.4046875 0.6166666671875001 0.3890625 0.6291666671875 0.353125 0.63125 0.375 0.65625 0.3578125 0.6770833328125 0.2984375 0.6833333328125 0.2671875 0.66875 0.253125 0.675 0.2265625 0.6708333328125 0.23125 0.5625 0.209375 0.5479166671875 0.2015625 0.5645833328125 0.16875 0.5708333328124999 0.146875 0.5625 0.11875 0.5645833328125 0.1234375 0.575 0.11875 0.5916666671875 0.0875 0.5979166671875 0.0921875 0.7 0.0765625 0.71875 0.0625 0.7166666671875 0.05625 0.6979166671875 0.0546875 0.6333333328124999 0.059375 0.6208333328125 0.0515625 0.59375 0.04375 0.65625 0.0203125 0.6583333328125 0.0015625 0.6416666671875 0 0.9979166671874999 0.8375 0.9979166671874999 0.76875 0.8875 0.6609375 0.7354166671875 0.65625 0.5833333328125 0.5890625 0.5458333328125 0.5625 0.5395833328124999 0.55625 0.525 0.5390625 0.5333333328125 0.5265625 0.5208333328125 0.4828125 0.51875 0.46875 0.51875 0.384375 0.5291666671875 0.384375 0.5416666671875 0.390625 0.54375 0.3796875 0.55
16 0.903125 0.025 0.8765625 0.04375 0.825 0.10833333281249999 0.8046875 0.1375 0.8015625 0.1541666671875 0.7796875 0.1666666671875 0.678125 0.2916666671875 0.6765625 0.65625 0.675 0.66875 0.6625 0.68125 0.6640625 0.725 0.85 0.9979166671874999 0.9984375 0.9979166671874999 0.9984375 0.010416667187500001 0.9903124999999999 0.010416667187500001 0.9171875 0.010416667187500001 0.9109375 0.01875 0.90625 0.0125 0.903125 0.025
7 0.690625 0.10625 0.7234375 0.10625 0.75 0.0958333328125 0.759375 0.08333333281250001 0.7578125 0.06875 0.7390625 0.054166667187499996 0.73125 0.054166667187499996 0.6890625 0.060416667187499995 0.675 0.075 0.671875 0.09375 0.690625 0.10625
7 0.1234375 0.23125 0.1203125 0.2208333328125 0.09375 0.21458333281250003 0.0828125 0.21458333281250003 0.071875 0.21875 0.0703125 0.2270833328125 0.1 0.2375 0.1234375 0.23125
7 0.1390625 0.2520833328125 0.125 0.2520833328125 0.121875 0.2604166671875 0.128125 0.2645833328125 0.140625 0.2625 0.1390625 0.2520833328125
10 0.2671875 0 0.271875 0.0416666671875 0.24375 0.0791666671875 0.2203125 0.1270833328125 0.2203125 0.22916666718749998 0.228125 0.2645833328125 0.2375 0.2791666671875 0.2375 0.3375 0.2484375 0.4125 0.234375 0.5229166671875001 0.2390625 0.63125 0.23125 0.6604166671875 0.2390625 0.6666666671875 0.278125 0.6583333328125 0.2890625 0.6708333328125 0.321875 0.6729166671875 0.3609375 0.6666666671875 0.3703125 0.6583333328125 0.3296875 0.625 0.3234375 0.59375 0.3265625 0.49375 0.3359375 0.47291666718750003 0.3421875 0.40625 0.3578125 0.3458333328125 0.359375 0.21458333281250003 0.34375 0.0895833328125 0.3171875 0.05625 0.3234375 0.04375 0.3203125 0 0.3114583328125 0 0.2671875 0
10 0.40625 0.46458333281249997 0.4046875 0.5166666671875 0.41875 0.5145833328125 0.421875 0.50625 0.4234375 0.45625 0.4296875 0.44375 0.4171875 0.40208333281249997 0.415625 0.4 0.4125 0.4145833328125 0.3984375 0.43125 0.3984375 0.45 0.40625 0.46458333281249997
10 0.15625 0.3645833328125 0.1578125 0.3916666671875 0.1640625 0.3958333328125 0.1703125 0.51875 0.1609375 0.55625 0.178125 0.5541666671875001 0.184375 0.49583333281249997 0.1859375 0.55625 0.196875 0.5520833328125 0.2 0.525 0.196875 0.40416666718750005 0.203125 0.3458333328125 0.1921875 0.3333333328125 0.1859375 0.3 0.1796875 0.3 0.1734375 0.3104166671875 0.1765625 0.3333333328125 0.1640625 0.3416666671875 0.15625 0.3645833328125
5 0.528125 0.3375 0.51953125 0.3375 0.4390625 0.3416666671875 0.4453125 0.5125 0.5296875 0.5083333328124999 0.528125 0.3375
14 0 0.4270833328125 0.05 0.4145833328125 0.0515625 0.43541666718750005 0.04375 0.43958333281249995 0.0421875 0.46458333281249997 0.05625 0.4604166671875 0.0609375 0.47083333281249995 0.0609375 0.69375 0.0640625 0.7083333328125 0.075 0.7083333328125 0.08125 0.69375 0.0828125 0.40625 0.1109375 0.3791666671875 0.109375 0.3541666671875 0.00625 0.34375 0 0.34375 0 0.4270833328125