14 0 0.375 0.04375 0.3895833328125 0.0546875 0.41875 0.1109375 0.42083333281249996 0.125 0.43333333281249997 0.153125 0.44166666718750003 0.15 0.6083333328125 0.1578125 0.6083333328125 0.1609375 0.5958333328125 0.1640625 0.46875 0.171875 0.4375 0.1875 0.42291666718750004 0.190625 0.45 0.203125 0.45416666718750004 0.2015625 0.6479166671875001 0.215625 0.6520833328125 0.221875 0.5125 0.21875 0.40416666718750005 0.240625 0.39375 0.2421875 0.3729166671875 0.0796875 0.35625 0.0715625 0.35625 0.0390625 0.35625 0.0296875 0.3729166671875 0.0125 0.36875 0 0.375
7 0.221875 0.30416666718749996 0.2125 0.3020833328125 0.2046875 0.3020833328125 0.2 0.30416666718749996 0.203125 0.3125 0.2234375 0.3125 0.221875 0.30416666718749996
10 0.24375 0.3729166671875 0.24375 0.3895833328125 0.2359375 0.40416666718750005 0.2390625 0.5395833328124999 0.278125 0.5166666671875 0.2703125 0.5125 0.2671875 0.475 0.26875 0.4270833328125 0.275 0.4125 0.28125 0.43541666718750005 0.2765625 0.3583333328125 0.25625 0.30416666718749996 0.2515625 0.30416666718749996 0.24375 0.32083333281250004 0.246875 0.33541666718749996 0.2375 0.3458333328125 0.24375 0.3729166671875
7 0.253125 0.29375 0.246875 0.28958333281250004 0.23828125 0.28958333281250004 0.2265625 0.2916666671875 0.2265625 0.2979166671875 0.25 0.3020833328125 0.253125 0.29375
15 0 0.9979166671874999 0.9984375 0.9979166671874999 0.9984375 0.8541666671874999 0.8015625 0.8520833328125 0.7203125 0.7541666671875 0.721875 0.7479166671875 0.678125 0.6895833328125 0.6703125 0.6333333328124999 0.684375 0.6145833328125 0.68125 0.575 0.6265625 0.55 0.61875 0.5375 0.5984375 0.5333333328125 0.5953125 0.5229166671875001 0.578125 0.53125 0.565625 0.5145833328125 0.4796875 0.5166666671875 0.478125 0.5145833328125 0.4625 0.51875 0.45 0.5333333328125 0.4390625 0.53125 0.4421875 0.5395833328124999 0.4515625 0.5354166671875 0.4390625 0.5604166671875 0.4484375 0.5604166671875 0.4671875 0.5916666671875 0.4625 0.60625 0.4453125 0.60625 0.4359375 0.6375 0.4203125 0.6416666671875 0.3765625 0.6458333328125 0.365625 0.6333333328124999 0.3296875 0.6354166671875 0.3203125 0.6208333328125 0.328125 0.5916666671875 0.321875 0.5354166671875 0.29375 0.53125 0.2671875 0.5479166671875 0.23125 0.5520833328125 0.221875 0.5625 0.215625 0.6583333328125 0.2046875 0.6604166671875 0.1953125 0.6520833328125 0.2 0.58125 0.1921875 0.56875 0.1859375 0.5770833328125 0.1765625 0.56875 0.165625 0.5729166671875 0.171875 0.60625 0.1578125 0.61875 0.1234375 0.6083333328125 0.1140625 0.6166666671875001 0.075 0.6166666671875001 0.0609375 0.625 0.03125 0.6229166671875 0.028125 0.6166666671875001 0.00625 0.6208333328125 0 0.6604166671875 0 0.9979166671874999
7 0.753125 0 0.75 0.06875 0.715625 0.0895833328125 0.7125 0.10625 0.7203125 0.1166666671875 0.7640625 0.11875 0.784375 0.1125 0.7984375 0.0958333328125 0.790625 0.0770833328125 0.7578125 0.0645833328125 0.7578125 0 0.753125 0
14 0.0421875 0.3770833328125 0.0484375 0.3583333328125 0.1421875 0.3625 0.1578125 0.33125 0.1546875 0.32083333281250004 0.134375 0.3145833328125 0.125 0.3 0.103125 0.2979166671875 0.0953125 0.3083333328125 0.03125 0.3083333328125 0.0171875 0.28958333281250004 0.0140625 0.28958333281250004 0.01875 0.3270833328125 0.05 0.35 0.0328125 0.35625 0.0421875 0.3770833328125
10 0.071875 0.30625 0.09375 0.3083333328125 0.103125 0.2958333328125 0.1234375 0.2979166671875 0.1171875 0.2666666671875 0.109375 0.2625 0.1203125 0.2541666671875 0.1265625 0.23333333281250002 0.121875 0.20833333281250002 0.1140625 0.20208333281250002 0.10625 0.20208333281250002 0.096875 0.20833333281250002 0.090625 0.23958333281250002 0.071875 0.2479166671875 0.071875 0.30625
7 0.13125 0.3020833328125 0.1203125 0.2979166671875 0.1109375 0.2979166671875 0.1015625 0.2979166671875 0.0953125 0.3083333328125 0.1328125 0.3145833328125 0.13125 0.3020833328125
16 0.7703125 0.2541666671875 0.7203125 0.3 0.6921875 0.3395833328125 0.6890625 0.61875 0.6796875 0.6416666671875 0.6890625 0.69375 0.7171875 0.7208333328125 0.728125 0.7458333328125 0.7984375 0.8416666671874999 0.9984375 0.8458333328125001 0.9984375 0.20833333281250002 0.8203125 0.20416666718749998 0.815625 0.20416666718749998 0.8015625 0.2166666671875 0.7921875 0.2104166671875 0.7921875 0.2208333328125 0.7703125 0.2541666671875
7 0.73125 0.1979166671875 0.7296875 0.18125 0.715625 0.175 0.7078125 0.175 0.684375 0.17916666718750002 0.6734375 0.1979166671875 0.6890625 0.20833333281250002 0.73125 0.1979166671875
10 0.4640625 0.5041666671875 0.4625 0.45625 0.471875 0.43125 0.4546875 0.4 0.45 0.4 0.4453125 0.45 0.453125 0.5104166671875 0.459375 0.5104166671875 0.4640625 0.5041666671875
7 0.45 0.3479166671875 0.45 0.35625 0.4640625 0.36666666718749996 0.4546875 0.3479166671875 0.45 0.3479166671875
7 0.4734375 0.125 0.496875 0.1166666671875 0.5 0.09375 0.471875 0.0791666671875 0.4609375 0.0791666671875 0.4390625 0.08541666718749999 0.421875 0.10625 0.4484375 0.12291666718750001 0.4734375 0.125
7 0.290625 0.2979166671875 0.2890625 0.30625 0.3015625 0.3083333328125 0.2984375 0.2979166671875 0.290625 0.2979166671875
14 0.19375 0.54375 0.1765625 0.5041666671875 0.178125 0.43125 0.1734375 0.43125 0.159375 0.48125 0.159375 0.5520833328125 0.1890625 0.5583333328125 0.19375 0.54375
14 0.015625 0.5895833328125 0.021875 0.59375 0.0578125 0.5770833328125 0.078125 0.5916666671875 0.146875 0.59375 0.1484375 0.5708333328124999 0.1265625 0.5208333328125 0.1140625 0.42291666718750004 0.0625 0.41875 0.0640625 0.3958333328125 0.059375 0.3895833328125 0.05625 0.3895833328125 0.059375 0.4145833328125 0.05 0.5083333328124999 0.0421875 0.5395833328124999 0.015625 0.5895833328125
10 0.3 0.2416666671875 0.309375 0.2604166671875 0.3375 0.2833333328125 0.3296875 0.35208333281250004 0.340625 0.4270833328125 0.3296875 0.50625 0.3328125 0.6 0.328125 0.6229166671875 0.3421875 0.6270833328125 0.371875 0.61875 0.371875 0.625 0.3921875 0.63125 0.4265625 0.6333333328124999 0.4359375 0.6291666671875 0.4359375 0.61875 0.4203125 0.6083333328125 0.4046875 0.5791666671875 0.40625 0.4895833328125 0.415625 0.46458333281249997 0.415625 0.4291666671875 0.428125 0.35625 0.415625 0.1708333328125 0.3984375 0.13125 0.4109375 0.1166666671875 0.4140625 0.0791666671875 0.40625 0.0625 0.3890625 0.054166667187499996 0.3796875 0.054166667187499996 0.36875 0.0770833328125 0.36875 0.11041666718750001 0.3265625 0.1708333328125 0.3 0.2416666671875
10 0.3109375 0.3854166671875 0.29375 0.4270833328125 0.321875 0.425 0.3140625 0.3854166671875 0.3109375 0.3854166671875
10 0.596875 0.5125 0.6046875 0.5125 0.609375 0.45 0.6265625 0.43541666718750005 0.6171875 0.40833333281249995 0.6140625 0.40833333281249995 0.6125 0.41875 0.596875 0.43125 0.603125 0.43958333281249995 0.596875 0.5125
7 0.1921875 0.25625 0.1921875 0.2625 0.2078125 0.2625 0.2046875 0.25625 0.1921875 0.25625
7 0 0.1354166671875 0.0125 0.1354166671875 0.015625 0.1145833328125 0.0015625 0.10625 0 0.10625 0 0.1354166671875
7 0.1875 0.27291666718749996 0.1765625 0.2666666671875 0.16875 0.2666666671875 0.1484375 0.26875 0.1484375 0.2770833328125 0.1859375 0.28125 0.1875 0.27291666718749996
7 0.1453125 0.15625 0.125 0.14791666718750002 0.11875 0.14791666718750002 0.1140625 0.15625 0.1171875 0.16875 0.1453125 0.16458333281249998 0.1453125 0.15625
7 0.1921875 0.2375 0.1921875 0.2270833328125 0.171875 0.2208333328125 0.1625 0.2208333328125 0.146875 0.22291666718749997 0.146875 0.23541666718749998 0.16875 0.2416666671875 0.1921875 0.2375
5 0.56875 0.49791666718750005 0.5703125 0.3375 0.562152778125 0.3375 0.4875 0.3416666671875 0.490625 0.50625 0.559375 0.5041666671875 0.56875 0.49791666718750005