15 0 0.9979166671874999 0.9984375 0.9979166671874999 0.9984375 0.5145833328125 0.9875 0.5125 0.9765625 0.5125 0.8140625 0.5208333328125 0.7875 0.53125 0.728125 0.5270833328125 0.7125 0.5395833328124999 0.6640625 0.54375 0.65 0.55625 0.6265625 0.5416666671875 0.5328125 0.54375 0.515625 0.5541666671875001 0.478125 0.5541666671875001 0.46875 0.5625 0.3640625 0.5645833328125 0.3265625 0.5770833328125 0.2953125 0.5645833328125 0.225 0.5645833328125 0.2046875 0.5729166671875 0.190625 0.5479166671875 0.184375 0.55625 0.1765625 0.5541666671875001 0.1703125 0.56875 0.1375 0.5708333328124999 0.1390625 0.5770833328125 0.10625 0.56875 0.0734375 0.56875 0.06875 0.575 0.0484375 0.5666666671875 0.04375 0.6083333328125 0.01875 0.6083333328125 0.0125 0.5541666671875001 0 0.55625 0 0.9979166671874999
15 0 0.9979166671874999 0.6625 0.9979166671874999 0.6671875 0.9916666671875 0.6796875 0.9979166671874999 0.9984375 0.9979166671874999 0.9984375 0.5166666671875 0.96875 0.5145833328125 0.9609375 0.5229166671875001 0.9515625 0.5166666671875 0.934375 0.5229166671875001 0.9296875 0.5166666671875 0.896875 0.5166666671875 0.8953125 0.5145833328125 0.815625 0.51875 0.7921875 0.53125 0.728125 0.5270833328125 0.709375 0.5395833328124999 0.675 0.5458333328125 0.6640625 0.5395833328124999 0.659375 0.5541666671875001 0.615625 0.5375 0.6140625 0.5458333328125 0.5328125 0.5395833328124999 0.5171875 0.5520833328125 0.475 0.5520833328125 0.465625 0.5645833328125 0.4625 0.5583333328125 0.4171875 0.5666666671875 0.3703125 0.5625 0.3328125 0.5708333328124999 0.309375 0.5645833328125 0.2046875 0.5708333328124999 0.1921875 0.5458333328125 0.1765625 0.5479166671875 0.16875 0.56875 0.1546875 0.5708333328124999 0.078125 0.56875 0.0546875 0.5520833328125 0.0484375 0.5541666671875001 0.046875 0.60625 0.034375 0.6104166671875 0.0171875 0.60625 0.0140625 0.5541666671875001 0 0.5541666671875001 0 0.9979166671874999
14 0 0.3479166671875 0.0140625 0.35 0.0203125 0.36875 0.0234375 0.5958333328125 0.040625 0.5979166671875 0.0453125 0.5916666671875 0.0453125 0.3583333328125 0.203125 0.3854166671875 0.2078125 0.3916666671875 0.2203125 0.38125 0.2359375 0.3875 0.2375 0.38125 0.2546875 0.3791666671875 0.290625 0.3916666671875 0.3234375 0.3916666671875 0.328125 0.4375 0.325 0.5125 0.328125 0.5458333328125 0.334375 0.55 0.3296875 0.5583333328125 0.3375 0.5583333328125 0.340625 0.42291666718750004 0.334375 0.3770833328125 0.3484375 0.3729166671875 0.346875 0.3625 0.2203125 0.3333333328125 0.1140625 0.29375 0.009375 0.2854166671875 0.0046875 0.2854166671875 0 0.2875 0 0.3479166671875
11 0.3109375 0.5541666671875001 0.315625 0.5354166671875 0.3109375 0.40833333281249995 0.303125 0.3958333328125 0.26875 0.38125 0.26015625 0.38125 0.240625 0.3895833328125 0.240625 0.5520833328125 0.2453125 0.5583333328125 0.3109375 0.5541666671875001
11 0.30625 0.35 0.309375 0.24375 0.303125 0.0416666671875 0.296875 0.029166667187500002 0.2703125 0.0166666671875 0.2625 0.0166666671875 0.2390625 0.0166666671875 0.2359375 0.025 0.2390625 0.3291666671875 0.30625 0.35
7 0.1859375 0.060416667187499995 0.2328125 0.058333332812500006 0.2359375 0.0333333328125 0.2078125 0.01875 0.2 0.01875 0.16875 0.0208333328125 0.159375 0.0395833328125 0.1671875 0.05208333281250001 0.1859375 0.060416667187499995
14 0.3546875 0.38125 0.353125 0.46458333281249997 0.340625 0.5083333328124999 0.3390625 0.5458333328125 0.340625 0.5520833328125 0.3796875 0.55 0.409375 0.5604166671875 0.4296875 0.5479166671875 0.4609375 0.5541666671875001 0.465625 0.5458333328125 0.4375 0.4916666671875 0.4265625 0.43125 0.4296875 0.3458333328125 0.4375 0.30625 0.453125 0.28125 0.4390625 0.2666666671875 0.4046875 0.2604166671875 0.3966145828125 0.2604166671875 0.3390625 0.2625 0.325 0.27291666718749996 0.3421875 0.3125 0.3546875 0.38125
10 0.403125 0.25833333281250004 0.4421875 0.2645833328125 0.4546875 0.275 0.4578125 0.3020833328125 0.446875 0.3 0.43125 0.3541666671875 0.4296875 0.44166666718750003 0.4390625 0.4875 0.4421875 0.44375 0.4453125 0.4375 0.45 0.44166666718750003 0.446875 0.5041666671875 0.4546875 0.525 0.465625 0.5375 0.4828125 0.5375 0.4703125 0.5083333328124999 0.4734375 0.43125 0.465625 0.3479166671875 0.4765625 0.2854166671875 0.459375 0.23125 0.4609375 0.20625 0.4546875 0.1875 0.4421875 0.1875 0.4359375 0.19583333281249998 0.4359375 0.21458333281250003 0.415625 0.23333333281250002 0.403125 0.25833333281250004
7 0.428125 0.2 0.41875 0.2 0.4125 0.2104166671875 0.4296875 0.21458333281250003 0.434375 0.20833333281250002 0.428125 0.2
7 0.496875 0.20208333281250002 0.5109375 0.1895833328125 0.509375 0.17916666718750002 0.4984375 0.1729166671875 0.4890625 0.1729166671875 0.4609375 0.1770833328125 0.4578125 0.1895833328125 0.475 0.20208333281250002 0.496875 0.20208333281250002
7 0.390625 0.11875 0.3984375 0.11041666718750001 0.3953125 0.0979166671875 0.3734375 0.0895833328125 0.36875 0.0895833328125 0.353125 0.09375 0.3515625 0.11041666718750001 0.3671875 0.11875 0.390625 0.11875
7 0.4875 0.1041666671875 0.475 0.1041666671875 0.4671875 0.11875 0.4890625 0.125 0.4953125 0.11041666718750001 0.4875 0.1041666671875
10 0.6859375 0.5208333328125 0.6875 0.53125 0.703125 0.53125 0.7203125 0.5229166671875001 0.715625 0.44375 0.7265625 0.375 0.734375 0.3729166671875 0.7359375 0.38125 0.7390625 0.36875 0.725 0.3458333328125 0.696875 0.3291666671875 0.7046875 0.325 0.6859375 0.30416666718749996 0.6875 0.2854166671875 0.68125 0.2791666671875 0.6765625 0.2791666671875 0.671875 0.2875 0.675 0.30625 0.6859375 0.3125 0.6859375 0.5208333328125
10 0.740625 0.3708333328125 0.734375 0.45416666718750004 0.7453125 0.49375 0.7453125 0.5083333328124999 0.7359375 0.5166666671875 0.7578125 0.51875 0.7625 0.33541666718749996 0.74375 0.27291666718749996 0.734375 0.27291666718749996 0.7296875 0.28958333281250004 0.7390625 0.3145833328125 0.7359375 0.3604166671875 0.740625 0.3708333328125
11 0.5453125 0.5166666671875 0.5484375 0.5104166671875 0.5609375 0.51875 0.5859375 0.5166666671875 0.5875 0.46666666718750005 0.575 0.46666666718750005 0.5703125 0.4583333328125 0.5859375 0.45 0.5859375 0.43958333281249995 0.5578125 0.43125 0.5494791671875 0.43125 0.5328125 0.43125 0.5234375 0.44166666718750003 0.525 0.5166666671875 0.5453125 0.5166666671875
11 0.5390625 0.3541666671875 0.546875 0.33541666718749996 0.5640625 0.3333333328125 0.565625 0.3416666671875 0.553125 0.35625 0.5515625 0.3770833328125 0.5703125 0.40208333281249997 0.5953125 0.40625 0.5953125 0.325 0.5875 0.3125 0.5859375 0.2666666671875 0.5875 0.25625 0.5953125 0.2791666671875 0.5953125 0.11875 0.58125 0.0916666671875 0.584375 0.03125 0.5765625 0.025 0.575 0.025 0.51875 0.0395833328125 0.51875 0.35208333281250004 0.5296875 0.3583333328125 0.5390625 0.3541666671875
10 0.628125 0.3645833328125 0.6265625 0.40625 0.634375 0.3916666671875 0.6453125 0.3958333328125 0.64375 0.4895833328125 0.6484375 0.51875 0.640625 0.5354166671875 0.659375 0.5291666671875 0.65625 0.4916666671875 0.6703125 0.5104166671875 0.671875 0.5291666671875 0.68125 0.5333333328125 0.684375 0.5166666671875 0.65625 0.45 0.6671875 0.40416666718750005 0.6671875 0.3604166671875 0.671875 0.35208333281250004 0.68125 0.3541666671875 0.684375 0.34375 0.6796875 0.3145833328125 0.6625 0.2916666671875 0.6625 0.2666666671875 0.6546875 0.24375 0.6453125 0.24375 0.6359375 0.2520833328125 0.6359375 0.2854166671875 0.6140625 0.33125 0.628125 0.3645833328125
7 0.996875 0.0875 0.990625 0.0916666671875 0.99375 0.1 0.9984375 0.0875 0.996875 0.0875
7 0.9671875 0.0958333328125 0.965625 0.09375 0.95 0.0979166671875 0.9484375 0.1145833328125 0.9671875 0.1145833328125 0.9671875 0.0958333328125
7 0.8140625 0.2770833328125 0.815625 0.2666666671875 0.8 0.225 0.79375 0.225 0.7890625 0.23125 0.796875 0.2604166671875 0.8046875 0.275 0.8140625 0.2770833328125