11 0.225 0.39921875 0.05 0.33125
5 0.55859375 0.43671875 0.0609375 0.16875
5 0.615625 0.43359375 0.053125 0.1625
12 0.89140625 0.47890625 0.2109375 0.27109375
15 0.49921875 0.753125 0.9953125 0.48515625
7 0.05546875 0.04765625 0.0921875 0.05390625
7 0.92734375 0.03046875 0.1015625 0.06015625
7 0.5453125 0.31953125 0.01875 0.03515625
7 0.11640625 0.17109375 0.0515625 0.03359375
7 0.5875 0.05390625 0.090625 0.05390625
7 0.23046875 0.21328125 0.0421875 0.02265625
7 0.196875 0.24296875 0.028125 0.01875
7 0.303125 0.26328125 0.046875 0.02265625
7 0.13984375 0.13046875 0.0328125 0.02265625
7 0.9609375 0.21640625 0.025 0.02109375
7 0.3140625 0.22578125 0.025 0.01484375
7 0.65078125 0.23671875 0.0171875 0.01484375
7 0.25078125 0.27109375 0.0140625 0.0125
10 0.05390625 0.34609375 0.1078125 0.5625
10 0.15390625 0.44375 0.0453125 0.22109375
10 0.3359375 0.428125 0.053125 0.23125
10 0.46953125 0.446875 0.0359375 0.18984375
10 0.50625 0.44609375 0.03125 0.17109375