11 0.79296875 0.26328125 0.0359375 0.5265625
18 0.7828125 0.328125 0.428125 0.36015625
5 0.30078125 0.390625 0.2390625 0.41484375
15 0.49921875 0.75234375 0.9953125 0.4875
7 0.65078125 0.15703125 0.0703125 0.03515625
7 0.90234375 0.13359375 0.0765625 0.03359375
7 0.6109375 0.01796875 0.103125 0.03515625
7 0.90234375 0.11171875 0.0765625 0.07734375
7 0.45625 0.175 0.01875 0.025
7 0.65078125 0.10078125 0.0703125 0.15234375
14 0.4921875 0.47734375 0.103125 0.21640625
10 0.42890625 0.40625 0.1109375 0.35859375
10 0.55390625 0.43828125 0.0484375 0.22265625