7 0.7125 0.1458333328125 0.7171875 0.1125 0.7125 0.1 0.70625 0.1 0.7046875 0.1 0.6734375 0.1145833328125 0.66875 0.1375 0.678125 0.1458333328125 0.7125 0.1458333328125
7 0.6921875 0.14791666718750002 0.7140625 0.14375 0.7171875 0.1145833328125 0.7125 0.1020833328125 0.703125 0.1020833328125 0.6765625 0.1125 0.66875 0.12291666718750001 0.66875 0.1375 0.6921875 0.14791666718750002
7 0.1375 0.325 0.1625 0.325 0.1640625 0.3375 0.1796875 0.3416666671875 0.184375 0.3541666671875 0.190625 0.3333333328125 0.23125 0.3395833328125 0.2390625 0.35208333281250004 0.2421875 0.3145833328125 0.23125 0.30416666718749996 0.209375 0.30416666718749996 0.1890625 0.3145833328125 0.184375 0.3020833328125 0.196875 0.2791666671875 0.18125 0.2625 0.18125 0.25 0.15625 0.2416666671875 0.14609375 0.2416666671875 0.1359375 0.2416666671875 0.1265625 0.2541666671875 0.1265625 0.2875 0.1375 0.325
14 0.090625 0.39791666718749996 0.1109375 0.38125 0.1265625 0.3895833328125 0.1640625 0.3895833328125 0.178125 0.3604166671875 0.15625 0.3375 0.071875 0.3458333328125 0.0546875 0.3270833328125 0.0515625 0.3270833328125 0.0515625 0.3395833328125 0.0609375 0.3458333328125 0.08125 0.39375 0.090625 0.39791666718749996
7 0.171875 0.28958333281250004 0.1625 0.2854166671875 0.1515625 0.2854166671875 0.146875 0.28958333281250004 0.1515625 0.3 0.171875 0.2979166671875 0.171875 0.28958333281250004
14 0.0296875 0.4291666671875 0.0453125 0.43541666718750005 0.040625 0.4625 0.046875 0.48125 0.0421875 0.4916666671875 0.0453125 0.5041666671875 0.0515625 0.5083333328124999 0.053125 0.4583333328125 0.0640625 0.4458333328125 0.071875 0.45416666718750004 0.071875 0.46666666718750005 0.0796875 0.46666666718750005 0.0953125 0.43958333281249995 0.10625 0.4375 0.1109375 0.46458333281249997 0.1171875 0.44166666718750003 0.1796875 0.45208333281249996 0.1796875 0.5875 0.1828125 0.5979166671875 0.1890625 0.5979166671875 0.19375 0.5854166671875001 0.1859375 0.5520833328125 0.1921875 0.5229166671875001 0.1875 0.48333333281249996 0.1921875 0.48125 0.19375 0.45 0.2328125 0.44166666718750003 0.240625 0.45208333281249996 0.25 0.54375 0.25 0.5583333328125 0.240625 0.5645833328125 0.240625 0.60625 0.24375 0.6208333328125 0.2546875 0.61875 0.25625 0.45416666718750004 0.259375 0.4270833328125 0.271875 0.41875 0.271875 0.40416666718750005 0.253125 0.39375 0.209375 0.39791666718749996 0.1125 0.3854166671875 0.1109375 0.38333333281250004 0.090625 0.4 0.05625 0.4 0.0296875 0.42291666718750004 0.0296875 0.4291666671875
7 0.2171875 0.3333333328125 0.215625 0.33125 0.209375 0.3375 0.2203125 0.3416666671875 0.2234375 0.33541666718749996 0.2171875 0.3333333328125
7 0.4453125 0 0.3515625 0.0020833328125000002 0.3859375 0.0208333328125 0.4234375 0.0229166671875 0.44375 0.014583332812499999 0.453125 0 0.4453125 0
7 0 0.1729166671875 0.0328125 0.1666666671875 0.03125 0.1520833328125 0.00625 0.14375 0 0.14375 0 0.1729166671875
10 0.3078125 0.2833333328125 0.3140625 0.3020833328125 0.35 0.3375 0.3375 0.3583333328125 0.346875 0.4458333328125 0.340625 0.6041666671875 0.425 0.6104166671875 0.428125 0.6041666671875 0.40625 0.58125 0.4015625 0.5520833328125 0.421875 0.3645833328125 0.415625 0.23958333281250002 0.396875 0.20208333281250002 0.4015625 0.14791666718750002 0.384375 0.13333333281249998 0.375 0.13333333281249998 0.3671875 0.14791666718750002 0.36875 0.1833333328125 0.3328125 0.225 0.3078125 0.2833333328125
7 0.425 0.35625 0.425 0.36875 0.4359375 0.3770833328125 0.4296875 0.35625 0.425 0.35625
7 0.2734375 0.3416666671875 0.2828125 0.32083333281250004 0.2796875 0.3125 0.2671875 0.3125 0.2625 0.3229166671875 0.25 0.3270833328125 0.2515625 0.3479166671875 0.2734375 0.3416666671875
7 0.2703125 0.3125 0.2671875 0.32083333281250004 0.2796875 0.3229166671875 0.278125 0.3125 0.2703125 0.3125
7 0.1921875 0.3166666671875 0.1859375 0.325 0.2046875 0.3270833328125 0.1984375 0.3166666671875 0.1921875 0.3166666671875
15 0 0.9979166671874999 0.9984375 0.9979166671874999 0.9984375 0.5645833328125 0.98125 0.5791666671875 0.9703125 0.5666666671875 0.9671875 0.5729166671875 0.9078125 0.5666666671875 0.903125 0.5875 0.9046875 0.6520833328125 0.9109375 0.6895833328125 0.903125 0.7229166671875 0.8375 0.7208333328125 0.8171875 0.7291666671875 0.7921875 0.7208333328125 0.6859375 0.725 0.671875 0.7208333328125 0.6234375 0.6583333328125 0.6140625 0.625 0.60625 0.6208333328125 0.6109375 0.6145833328125 0.6 0.60625 0.603125 0.6 0.6109375 0.60625 0.6140625 0.5979166671875 0.6125 0.5625 0.6015625 0.5625 0.6046875 0.5520833328125 0.590625 0.5375 0.5828125 0.5375 0.575 0.55625 0.5671875 0.5229166671875001 0.55 0.53125 0.5359375 0.5166666671875 0.4671875 0.51875 0.465625 0.5166666671875 0.4328125 0.525 0.4375 0.54375 0.43125 0.5520833328125 0.453125 0.5895833328125 0.4375 0.5958333328125 0.43125 0.6145833328125 0.41875 0.6229166671875 0.3578125 0.6166666671875001 0.3453125 0.625 0.33125 0.60625 0.334375 0.5520833328125 0.3265625 0.5395833328124999 0.28125 0.5395833328124999 0.278125 0.5458333328125 0.2625 0.5333333328125 0.2625 0.60625 0.25625 0.63125 0.24375 0.6333333328124999 0.2328125 0.61875 0.2359375 0.5520833328125 0.225 0.5625 0.196875 0.5645833328125 0.1984375 0.5895833328125 0.1921875 0.6041666671875 0.18125 0.6083333328125 0.1734375 0.5979166671875 0.1453125 0.6083333328125 0.09375 0.6125 0.090625 0.6375 0.084375 0.64375 0.06875 0.6395833328125 0.065625 0.6145833328125 0.04375 0.6125 0.0359375 0.5979166671875 0 0.5916666671875 0 0.9979166671874999
14 0.0734375 0.6291666671875 0.0828125 0.6333333328124999 0.0859375 0.6104166671875 0.0765625 0.59375 0.0875 0.5916666671875 0.084375 0.5666666671875 0.090625 0.54375 0.08125 0.5270833328125 0.0875 0.5229166671875001 0.078125 0.5166666671875 0.0765625 0.5 0.0828125 0.49791666718750005 0.0828125 0.48541666718750004 0.071875 0.4916666671875 0.0703125 0.575 0.08125 0.58125 0.0703125 0.5916666671875 0.0765625 0.6104166671875 0.0734375 0.6291666671875
10 0.45 0.5125 0.453125 0.44166666718750003 0.440625 0.41041666718750003 0.434375 0.41041666718750003 0.434375 0.4916666671875 0.4359375 0.5125 0.4421875 0.5166666671875 0.45 0.5125
7 0.1390625 0.1854166671875 0.1296875 0.18125 0.125 0.18125 0.1203125 0.1916666671875 0.1265625 0.2104166671875 0.140625 0.19583333281249998 0.1390625 0.1854166671875
7 0.684375 0.0166666671875 0.7078125 0.014583332812499999 0.709375 0.0041666671875 0.7015625 0.0041666671875 0.5953125 0.00625 0.609375 0.0083333328125 0.6015625 0.0125 0.684375 0.0166666671875
16 0.634375 0.36875 0.640625 0.3875 0.634375 0.3916666671875 0.6296875 0.3854166671875 0.6265625 0.54375 0.61875 0.55625 0.625 0.5645833328125 0.625 0.5958333328125 0.61875 0.5979166671875 0.621875 0.6354166671875 0.6796875 0.7145833328125 0.8171875 0.7125 0.8125 0.7041666671875 0.8203125 0.6979166671875 0.8078125 0.6604166671875 0.80625 0.43958333281249995 0.7984375 0.3333333328125 0.7828125 0.3125 0.696875 0.3125 0.690625 0.3125 0.6734375 0.3166666671875 0.6578125 0.3333333328125 0.64375 0.3708333328125 0.634375 0.36875
11 0.71875 0 0.715625 0.01875 0.715625 0.2875 0.7375 0.30625 0.7828125 0.30625 0.8046875 0.3291666671875 0.809375 0.6541666671875 0.8203125 0.6729166671875 0.8234375 0.7145833328125 0.85625 0.7208333328125 0.896875 0.71875 0.9015625 0.6916666671875 0.9015625 0.6645833328124999 0.8921875 0.65625 0.8875 0 0.8794642859374999 0 0.71875 0
11 0.040625 0.3541666671875 0.046875 0.3083333328125 0.0453125 0.1770833328125 0.0515625 0.15 0.08125 0.1458333328125 0.096875 0.1604166671875 0.096875 0.23958333281250002 0.1109375 0.2416666671875 0.121875 0.2541666671875 0.1171875 0.1916666671875 0.121875 0.17916666718750002 0.121875 0.075 0.10625 0.054166667187499996 0.096875 0.054166667187499996 0.0359375 0.0625 0.040625 0.40208333281249997 0.0453125 0.3916666671875 0.040625 0.3541666671875
14 0.1171875 0.5833333328125 0.1765625 0.575 0.1703125 0.5708333328124999 0.1734375 0.5666666671875 0.15 0.5020833328125 0.1515625 0.44375 0.1328125 0.44166666718750003 0.125 0.45 0.121875 0.46875 0.11875 0.44166666718750003 0.1015625 0.43958333281249995 0.0984375 0.43958333281249995 0.0921875 0.45208333281249996 0.0859375 0.575 0.103125 0.5729166671875 0.1171875 0.5833333328125
5 0.5 0.5104166671875 0.540625 0.5020833328125 0.540625 0.35 0.525 0.3479166671875 0.5161458328124999 0.3479166671875 0.4625 0.35208333281250004 0.465625 0.5083333328124999 0.4734375 0.5020833328125 0.5 0.5104166671875