11 0.6796875 0 0.675 0.08333333281250001 0.678125 0.175 0.6734375 0.19583333281249998 0.6734375 0.3729166671875 0.6765625 0.38333333281250004 0.703125 0.38333333281250004 0.7109375 0.40625 0.7109375 0.5916666671875 0.7234375 0.6041666671875 0.7671875 0.6083333328125 0.7734375 0.6041666671875 0.7796875 0 0.7713541671875 0 0.6796875 0
5 0.50625 0.5104166671875 0.50625 0.40833333281249995 0.5015625 0.40208333281249997 0.4875 0.40208333281249997 0.4703125 0.40416666718750005 0.4671875 0.4145833328125 0.471875 0.5125 0.50625 0.5104166671875
15 0 0.9979166671874999 0.9984375 0.9979166671874999 0.9984375 0.6041666671875 0.9234375 0.5895833328125 0.921875 0.5770833328125 0.9375 0.575 0.9390625 0.5666666671875 0.9328125 0.5625 0.9109375 0.5708333328124999 0.8875 0.55625 0.8359375 0.5541666671875001 0.825 0.5645833328125 0.8046875 0.5541666671875001 0.7796875 0.56875 0.7796875 0.6291666671875 0.775 0.6354166671875 0.7671875 0.625 0.7625 0.6395833328125 0.73125 0.6333333328124999 0.7203125 0.6416666671875 0.6328125 0.6375 0.59375 0.5916666671875 0.603125 0.55 0.590625 0.5354166671875 0.5703125 0.5416666671875 0.54375 0.5229166671875001 0.5 0.5208333328125 0.4921875 0.5208333328125 0.478125 0.525 0.475 0.5333333328125 0.4828125 0.575 0.453125 0.59375 0.3953125 0.59375 0.3890625 0.575 0.3921875 0.5520833328125 0.3828125 0.5479166671875 0.3828125 0.5354166671875 0.371875 0.53125 0.3484375 0.5458333328125 0.340625 0.6 0.3265625 0.5895833328125 0.3265625 0.5625 0.3203125 0.5583333328125 0.325 0.5479166671875 0.30625 0.54375 0.2859375 0.55625 0.2796875 0.5854166671875001 0.2640625 0.5791666671875 0.2359375 0.5854166671875001 0.225 0.60625 0.2171875 0.59375 0.1859375 0.5854166671875001 0.1734375 0.5895833328125 0.1625 0.5770833328125 0.0953125 0.575 0.0875 0.58125 0.078125 0.575 0.071875 0.58125 0.0546875 0.575 0.040625 0.58125 0.0359375 0.5645833328125 0.0046875 0.56875 0 0.575 0 0.9979166671874999
7 0.4046875 0.0791666671875 0.4296875 0.08333333281250001 0.4578125 0.0791666671875 0.4734375 0.0645833328125 0.4734375 0.05 0.4640625 0.0333333328125 0.4359375 0.025 0.434375 0.0229166671875 0.403125 0.0270833328125 0.3875 0.0375 0.38125 0.060416667187499995 0.4046875 0.0791666671875
7 0.6734375 0.15 0.671875 0.15 0.6625 0.16458333281249998 0.6703125 0.17916666718750002 0.675 0.1770833328125 0.6734375 0.15
7 0.109375 0.2104166671875 0.1078125 0.2 0.075 0.1916666671875 0.06875 0.1916666671875 0.053125 0.19583333281249998 0.0515625 0.20416666718749998 0.0828125 0.2166666671875 0.109375 0.2104166671875
7 0 0.23541666718749998 0.0359375 0.23333333281250002 0.0328125 0.2208333328125 0.0125 0.21458333281250003 0 0.21458333281250003 0 0.23541666718749998
7 0.121875 0.28125 0.1140625 0.28958333281250004 0.125 0.2958333328125 0.1234375 0.2833333328125 0.121875 0.28125
7 0.2234375 0.2791666671875 0.2140625 0.27291666718749996 0.20546875 0.27291666718749996 0.196875 0.27291666718749996 0.196875 0.2854166671875 0.2203125 0.2875 0.2234375 0.2791666671875
14 0.1578125 0.4583333328125 0.1734375 0.4625 0.1703125 0.48125 0.1609375 0.48541666718750004 0.16875 0.4916666671875 0.1703125 0.5270833328125 0.1578125 0.53125 0.1578125 0.5708333328124999 0.16875 0.56875 0.1765625 0.5791666671875 0.184375 0.56875 0.2015625 0.5708333328124999 0.2125 0.5604166671875 0.2203125 0.5979166671875 0.2296875 0.5916666671875 0.2328125 0.5708333328124999 0.2578125 0.56875 0.278125 0.5770833328125 0.2796875 0.4604166671875 0.29375 0.45416666718750004 0.3265625 0.46666666718750005 0.33125 0.5854166671875001 0.340625 0.5875 0.3421875 0.45208333281249996 0.353125 0.44166666718750003 0.3515625 0.4291666671875 0.2671875 0.425 0.25625 0.41041666718750003 0.265625 0.3895833328125 0.2515625 0.3791666671875 0.246875 0.3854166671875 0.178125 0.38125 0.1625 0.3645833328125 0.1609375 0.3625 0.1578125 0.3729166671875 0.165625 0.40208333281249997 0.1578125 0.41041666718750003 0.1578125 0.4583333328125
7 0.2953125 0.3291666671875 0.29375 0.3375 0.3046875 0.3375 0.303125 0.3291666671875 0.2953125 0.3291666671875
10 0.390625 0.3645833328125 0.4 0.3895833328125 0.403125 0.44166666718750003 0.396875 0.5791666671875 0.41875 0.5770833328125 0.4359375 0.5854166671875001 0.4640625 0.5791666671875 0.4484375 0.5625 0.434375 0.56875 0.415625 0.5520833328125 0.421875 0.4791666671875 0.428125 0.46875 0.4328125 0.47291666718750003 0.43125 0.5541666671875001 0.4359375 0.5583333328125 0.4453125 0.54375 0.4625 0.40208333281249997 0.4515625 0.3020833328125 0.4375 0.2770833328125 0.440625 0.2375 0.4328125 0.2270833328125 0.4203125 0.2270833328125 0.4140625 0.24375 0.415625 0.2666666671875 0.390625 0.3125 0.390625 0.3645833328125
10 0.58125 0.4479166671875 0.5671875 0.42291666718750004 0.5640625 0.42291666718750004 0.5515625 0.4583333328125 0.56875 0.5270833328125 0.58125 0.48125 0.58125 0.4479166671875
10 0.384375 0.4625 0.3859375 0.5208333328125 0.3796875 0.525 0.39375 0.5208333328125 0.3984375 0.4875 0.4 0.43541666718750005 0.3921875 0.41041666718750003 0.3890625 0.41041666718750003 0.3859375 0.4270833328125 0.371875 0.43541666718750005 0.371875 0.45416666718750004 0.384375 0.4625
7 0.0671875 0.13125 0.078125 0.12291666718750001 0.075 0.10833333281249999 0.021875 0.0979166671875 0.0203125 0.0958333328125 0.003125 0.10625 0.015625 0.12291666718750001 0.046875 0.13125 0.0671875 0.13125
7 0.8078125 0 0.809375 0.014583332812499999 0.796875 0.0229166671875 0.78125 0.01875 0.7796875 0.0666666671875 0.79375 0.0645833328125 0.8 0.07083333281250001 0.79375 0.0791666671875 0.809375 0.0625 0.840625 0.058333332812500006 0.821875 0.0479166671875 0.8578125 0 0.8494791671874999 0 0.8078125 0
7 0.596875 0 0.5859375 0.0645833328125 0.6734375 0.0625 0.678125 0 0.67 0 0.596875 0
11 0.153125 0.5458333328125 0.15625 0.5395833328124999 0.15625 0.45416666718750004 0.15 0.43125 0.15625 0.23333333281250002 0.1640625 0.2208333328125 0.196875 0.2166666671875 0.196875 0.1458333328125 0.184375 0.1291666671875 0.1765625 0.1291666671875 0.1296875 0.1291666671875 0.1265625 0.1354166671875 0.1296875 0.5458333328125 0.153125 0.5458333328125
16 0.6046875 0.5916666671875 0.634375 0.6291666671875 0.7171875 0.6270833328125 0.7171875 0.6020833328124999 0.7109375 0.5916666671875 0.70625 0.3916666671875 0.6796875 0.3875 0.67125 0.3875 0.6375 0.3875 0.609375 0.4166666671875 0.609375 0.5645833328125 0.6046875 0.5916666671875
10 0.04375 0.4875 0.05 0.475 0.0625 0.48125 0.05625 0.48541666718750004 0.0609375 0.5354166671875 0.078125 0.5333333328125 0.0859375 0.4916666671875 0.0734375 0.475 0.0671875 0.4291666671875 0.0625 0.4291666671875 0.0296875 0.4770833328125 0.025 0.5291666671875 0.0453125 0.53125 0.04375 0.4875