5 1 0 0.671875 0.0020833328125000002 0.6703125 0 0.478125 0.04375 0.4796875 0.1291666671875 0.48125 0.1520833328125 0.4984375 0.15625 0.5 0.1833333328125 0.509375 0.1895833328125 0.5046875 0.2 0.5109375 0.20416666718749998 0.5125 0.2270833328125 0.5078125 0.23541666718749998 0.5109375 0.3333333328125 0.540625 0.3395833328125 0.54375 0.3583333328125 0.5265625 0.3916666671875 0.546875 0.41875 0.5453125 0.425 0.559375 0.43125 0.559375 0.44166666718750003 0.5671875 0.4458333328125 0.5625 0.45416666718750004 0.575 0.4625 0.590625 0.4604166671875 0.6015625 0.4770833328125 0.60625 0.49375 0.6015625 0.5645833328125 0.6234375 0.5729166671875 0.7375 0.5625 0.7484375 0.56875 0.875065553125 0.56894506875 0.8875682156250001 0.5351628609375 1 0.5467369328125 1 0
7 0.6796875 0.175 0.6765625 0.175 0.678125 0.1979166671875 0.6953125 0.2104166671875 0.69375 0.1916666671875 0.6796875 0.175
10 0.1578125 0.2791666671875 0.171875 0.3229166671875 0.171875 0.36666666718749996 0.18125 0.3916666671875 0.1796875 0.43541666718750005 0.165625 0.5041666671875 0.1564804078125 0.63695008125 0.202306175 0.6388007296875 0.20786082968750003 0.62214468125 0.184375 0.60625 0.1875 0.5395833328124999 0.1953125 0.5 0.2203125 0.44166666718750003 0.228125 0.4791666671875 0.228125 0.6291666671875 0.2765625 0.63125 0.290625 0.6270833328125 0.2921875 0.61875 0.2625 0.59375 0.2578125 0.54375 0.2625 0.4458333328125 0.285625675 0.4611357890625 0.2897915859375 0.39821275156249997 0.274516365625 0.3778553359375 0.278125 0.3458333328125 0.2546875 0.175 0.2375 0.15625 0.240625 0.1145833328125 0.21875 0.08541666718749999 0.2140625 0.08541666718749999 0.2046875 0.09375 0.203125 0.1354166671875 0.1578125 0.1916666671875 0.1578125 0.2791666671875
10 0.3390625 0.2958333328125 0.332840078125 0.3408418015625 0.3481152984375 0.35564720156249996 0.3495039359375 0.3926607359375 0.40227299531250005 0.39821275156249997 0.3984375 0.3291666671875 0.40625 0.3125 0.425 0.3395833328125 0.4359375 0.3375 0.43125 0.3145833328125 0.409375 0.2854166671875 0.403125 0.2770833328125 0.4046875 0.2270833328125 0.390625 0.21458333281250003 0.3875 0.21458333281250003 0.375 0.2416666671875 0.3765625 0.2604166671875 0.35 0.27291666718749996 0.3390625 0.2958333328125
10 0.4609375 0.21875 0.459375 0.2625 0.4140625 0.2875 0.4359375 0.31875 0.446875 0.3166666671875 0.453125 0.3270833328125 0.4546875 0.475 0.4765625 0.55625 0.4734375 0.5729166671875 0.44375 0.6 0.4625 0.6 0.475 0.6104166671875 0.4953125 0.60625 0.50625 0.59375 0.4984375 0.55625 0.490625 0.43333333281249997 0.503125 0.3625 0.503125 0.23958333281250002 0.49375 0.2 0.471875 0.1875 0.4546875 0.15625 0.44453125 0.15625 0.43125 0.1604166671875 0.4265625 0.19375 0.4359375 0.20833333281250002 0.4609375 0.21875
15 0 0.9979166671874999 0.9984375 0.9979166671874999 0.9984375 0.54375 0.9171875 0.5416666671875 0.908984375 0.5416666671875 0.884375 0.5416666671875 0.88125 0.5708333328124999 0.8734375 0.5770833328125 0.6 0.56875 0.5875 0.5854166671875001 0.5734375 0.5770833328125 0.56875 0.5916666671875 0.559375 0.5770833328125 0.5546875 0.59375 0.54375 0.6 0.5171875 0.6 0.5125 0.5916666671875 0.509375 0.6041666671875 0.4828125 0.6166666671875001 0.4421875 0.6125 0.428125 0.5958333328125 0.4203125 0.6083333328125 0.4078125 0.5958333328125 0.403125 0.6083333328125 0.38125 0.60625 0.375 0.5979166671875 0.371875 0.6083333328125 0.3484375 0.6020833328124999 0.3375 0.6104166671875 0.3078125 0.6104166671875 0.29375 0.6333333328124999 0.253125 0.6416666671875 0.221875 0.6395833328125 0.2171875 0.625 0.2234375 0.6208333328125 0.209375 0.6104166671875 0.2 0.625 0.1734375 0.6354166671875 0.15625 0.6354166671875 0.1453125 0.61875 0.1296875 0.625 0.125 0.5666666671875 0.0984375 0.5625 0.0921875 0.61875 0.1125 0.6375 0.1015625 0.65625 0.109375 0.6666666671875 0.1046875 0.69375 0.0875 0.7 0.06875 0.6895833328125 0.05625 0.6958333328124999 0.053125 0.6895833328125 0 0.69375 0 0.9979166671874999
10 0.1984375 0.575 0.2015625 0.5020833328125 0.2 0.5020833328125 0.1875 0.5729166671875 0.190625 0.6104166671875 0.2125 0.6 0.1984375 0.575
10 0.1234375 0.30625 0.1234375 0.3854166671875 0.134375 0.4125 0.13125 0.6083333328125 0.1390625 0.6125 0.1578125 0.6104166671875 0.1640625 0.49791666718750005 0.178125 0.43541666718750005 0.16875 0.32083333281250004 0.1546875 0.2791666671875 0.15625 0.1875 0.1890625 0.15 0.1796875 0.1291666671875 0.1703125 0.1270833328125 0.1625 0.1270833328125 0.1484375 0.14375 0.1390625 0.1916666671875 0.1140625 0.23333333281250002 0.1234375 0.30625
14 0 0.6854166671875 0.0640625 0.6791666671875001 0.0984375 0.6875 0.10625 0.68125 0.10625 0.6708333328125 0.0703125 0.6166666671875001 0.0515625 0.5708333328124999 0.0375 0.48541666718750004 0.040625 0.3604166671875 0.0625 0.28958333281250004 0.0984375 0.23541666718749998 0.0984375 0.2208333328125 0.0640625 0.19583333281249998 0.0046875 0.17916666718750002 0 0.17916666718750002 0 0.6854166671875
14 0.503125 0.5791666671875 0.55 0.5916666671875 0.5265625 0.54375 0.515625 0.48541666718750004 0.5171875 0.40833333281249995 0.5265625 0.375 0.540625 0.35208333281250004 0.5359375 0.34375 0.5078125 0.3395833328125 0.5015625 0.3395833328125 0.503125 0.38333333281250004 0.4921875 0.40625 0.4921875 0.45208333281249996 0.503125 0.5791666671875
4 0.09375 0.5291666671875 0.09375 0.54375 0.121875 0.55 0.1265625 0.5625 0.128125 0.4270833328125 0.096875 0.4270833328125 0.0953125 0.4270833328125 0.09375 0.45 0.103125 0.45625 0.103125 0.525 0.09375 0.5291666671875
4 0.2671875 0.45416666718750004 0.2609375 0.53125 0.265625 0.5916666671875 0.4078125 0.58125 0.4453125 0.5854166671875001 0.4578125 0.5770833328125 0.4640625 0.5604166671875 0.4640625 0.5166666671875 0.4515625 0.475 0.44671001875 0.4167195203125 0.45 0.40625 0.4508760359375 0.3871087203125 0.38125 0.3916666671875 0.3328125 0.3895833328125 0.32437499999999997 0.3895833328125 0.2875 0.3916666671875 0.2859375 0.45208333281249996 0.28125 0.4604166671875 0.2671875 0.45416666718750004
7 0.6703125 0.1520833328125 0.646875 0.1125 0.6421875 0.1125 0.6390625 0.1270833328125 0.6640625 0.16875 0.671875 0.16875 0.6703125 0.1520833328125