7 0.03125 0.2721354171875 0.0283203125 0.2526041671875 0 0.25390625 0.0048828125 0.2708333328125 0.03125 0.2721354171875
7 0.6533203125 0.0859375 0.6279296875 0.09114583281250001 0.611328125 0.1080729171875 0.611328125 0.1184895828125 0.6220703125 0.1276041671875 0.654296875 0.12890625 0.6826171875 0.1197916671875 0.685546875 0.1002604171875 0.6728515625 0.08854166718749999 0.6533203125 0.0859375
7 0.6396484375 0.08854166718749999 0.611328125 0.1080729171875 0.6181640625 0.125 0.654296875 0.12890625 0.6826171875 0.1197916671875 0.685546875 0.1002604171875 0.6708984375 0.08854166718749999 0.6396484375 0.08854166718749999
12 0.9814453125 0.6302083328125 1 0.6315104171875 0.9990234375 0.2864583328125 0.7255859375 0.2890625 0.5869140625 0.3958333328125 0.5712890625 0.4192708328125 0.5654296875 0.4140625 0.5458984375 0.4270833328125 0.537109375 0.4466145828125 0.537109375 0.5091145828125 0.5517578125 0.5416666671875 0.5966796875 0.5807291671875 0.6865234375 0.6276041671875 0.7294921875 0.6640625 0.7392578125 0.6484375 0.7470703125 0.6614583328125 0.759765625 0.6627604171875 0.751953125 0.6549479171875 0.75 0.6341145828125 0.73828125 0.6263020828125 0.7451171875 0.6145833328125 0.7958984375 0.6119791671875 0.8154296875 0.6197916671875 0.8193359375 0.6119791671875 0.8310546875 0.6302083328125 0.8486328125 0.6354166671875 0.9345703125 0.6354166671875 0.9580078125 0.6276041671875 0.96484375 0.66015625 0.974609375 0.6653645828125 0.978515625 0.61328125 0.986328125 0.61328125 0.98046875 0.6158854171875 0.9814453125 0.6302083328125
15 0.9658203125 0.6666666671875 0.9580078125 0.6380208328125 0.8623046875 0.640625 0.8271484375 0.6354166671875 0.8173828125 0.6223958328125 0.7626953125 0.6223958328125 0.7392578125 0.6276041671875 0.73828125 0.66015625 0.7294921875 0.6666666671875 0.5810546875 0.5755208328125 0.5244140625 0.5234375 0.5009765625 0.5286458328125 0.4873046875 0.515625 0.4619140625 0.515625 0.4560546875 0.5520833328125 0.421875 0.5611979171875 0.3984375 0.7356770828125 0.4150390625 0.765625 0.4326171875 0.7734375 0.4462890625 0.7916666671875 0.4697265625 0.796875 0.48046875 0.8216145828125001 0.4599609375 0.8463541671874999 0.4228515625 0.8489583328125001 0.3359375 0.83203125 0.337890625 0.7721354171875 0.345703125 0.7513020828125 0.3515625 0.6966145828125 0.3525390625 0.5677083328125 0.3232421875 0.5833333328125 0.1611328125 0.5520833328125 0.1337890625 0.5625 0.0283203125 0.5625 0 0.5768229171875 0.0009765625 0.9973958328125001 1 0.99609375 0.9990234375 0.6354166671875 0.9833984375 0.6354166671875 0.98046875 0.6627604171875 0.9658203125 0.6666666671875
7 0.7490234375 0.6666666671875 0.7734375 0.66796875 0.783203125 0.66015625 0.7802734375 0.6328125 0.7421875 0.62890625 0.7490234375 0.6666666671875
7 0.134765625 0.2903645828125 0.1318359375 0.2708333328125 0.091796875 0.2721354171875 0.0986328125 0.2890625 0.134765625 0.2903645828125
7 0.025390625 0.23307291718749998 0.0322265625 0.25 0.060546875 0.2513020828125 0.0625 0.23828125 0.0556640625 0.22916666718749998 0.0341796875 0.2265625 0.025390625 0.23307291718749998
7 0.9228515625 0.09635416718749999 0.892578125 0.1106770828125 0.892578125 0.1236979171875 0.9013671875 0.1302083328125 0.943359375 0.12890625 0.9677734375 0.1197916671875 0.970703125 0.1080729171875 0.9580078125 0.09895833281250001 0.9228515625 0.09635416718749999
7 0.7978515625 0.6328125 0.7890625 0.65234375 0.791015625 0.6627604171875 0.810546875 0.66796875 0.8330078125 0.6666666671875 0.837890625 0.6471354171875 0.8271484375 0.6354166671875 0.7978515625 0.6328125
7 0.130859375 0.26171875 0.1298828125 0.2421875 0.111328125 0.24348958281250002 0.1162109375 0.2604166671875 0.130859375 0.26171875
10 0.2509765625 0 0.244140625 0.006510417187500001 0.2421875 0.06901041718749999 0.25 0.1341145828125 0.271484375 0.16015625 0.267578125 0.1966145828125 0.232421875 0.3268229171875 0.201171875 0.3971354171875 0.16015625 0.46484375 0.146484375 0.5091145828125 0.1630859375 0.53125 0.2158203125 0.5572916671875 0.3017578125 0.5651041671875 0.3564453125 0.5598958328125 0.35546875 0.7174479171875 0.3515625 0.75390625 0.33984375 0.7825520828125 0.33984375 0.8294270828125001 0.443359375 0.8424479171874999 0.4697265625 0.8307291671874999 0.4765625 0.8138020828125001 0.4658203125 0.7994791671875 0.4521484375 0.7994791671875 0.4189453125 0.7760416671875 0.404296875 0.7486979171875 0.392578125 0.7408854171875 0.41796875 0.5533854171875 0.4521484375 0.5494791671875 0.45703125 0.5403645828125 0.44921875 0.31640625 0.427734375 0.1966145828125 0.423828125 0.11328125 0.4755859375 0.125 0.4990234375 0.1145833328125 0.5 0.10546875 0.4755859375 0.07552083281250001 0.4248046875 0.05729166718749999 0.4033203125 0.0390625 0.3466796875 0.03125 0.3134765625 0.015625 0.3017578125 0 0.2509765625 0
10 0.15234375 0.41796875 0.154296875 0.3763020828125 0.142578125 0.36328125 0.13671875 0.3346354171875 0.1259765625 0.328125 0.119140625 0.3372395828125 0.111328125 0.38671875 0.119140625 0.41015625 0.125 0.5247395828125 0.130859375 0.5533854171875 0.13671875 0.5559895828125 0.150390625 0.5533854171875 0.138671875 0.5091145828125 0.16015625 0.4544270828125 0.15234375 0.41796875
10 0.06640625 0.52734375 0.078125 0.5377604171875 0.08203125 0.5013020828125 0.0771484375 0.4765625 0.06640625 0.50390625 0.06640625 0.52734375
10 0.0869140625 0.3385416671875 0.0810546875 0.3385416671875 0.060546875 0.3736979171875 0.06640625 0.4075520828125 0.064453125 0.4544270828125 0.0732421875 0.4635416671875 0.083984375 0.4622395828125 0.087890625 0.44921875 0.07421875 0.4075520828125 0.109375 0.40234375 0.0869140625 0.3385416671875