12 0.90625 0.490625 0.184375 0.23125
15 0.49921875 0.75390625 0.9953125 0.48359375
7 0.98046875 0.028125 0.0359375 0.05625
7 0.27578125 0.11015625 0.0515625 0.02890625
7 0.93984375 0.15234375 0.0765625 0.04140625
7 0.65703125 0.04453125 0.0921875 0.06015625
7 0.334375 0.20546875 0.053125 0.02734375
7 0.6390625 0.35234375 0.015625 0.025
7 0.3375 0.259375 0.04375 0.01875
7 0.009375 0.03515625 0.01875 0.025
7 0.0625 0.11171875 0.01875 0.03125
7 0.36796875 0.23984375 0.0203125 0.0125
7 0.4546875 0.309375 0.034375 0.01484375
7 0.415625 0.28125 0.01875 0.0125
7 0.675 0.16484375 0.06875 0.0375
7 0.38046875 0.29765625 0.0171875 0.0125
7 0.1734375 0.21484375 0.053125 0.03359375
7 0.04921875 0.1125 0.0453125 0.03359375
7 0.72578125 0.29375 0.0140625 0.0125
7 0.46875 0.28984375 0.015625 0.0125
10 0.390625 0.41171875 0.0625 0.27734375
10 0.03125 0.334375 0.0625 0.51484375
10 0.4609375 0.44765625 0.034375 0.1625
10 0.57890625 0.459375 0.0296875 0.13984375