11 0.79921875 0.26484375 0.0359375 0.52890625
18 0.784375 0.325 0.425 0.37890625
5 0.29609375 0.384375 0.2515625 0.42734375
15 0.49921875 0.753125 0.9953125 0.48515625
7 0.65390625 0.146875 0.0703125 0.03515625
7 0.90859375 0.11875 0.0765625 0.0375
7 0.4578125 0.16640625 0.021875 0.025
7 0.60859375 0.009375 0.0890625 0.01875
7 0.90859375 0.1 0.0765625 0.075
7 0.29453125 0.234375 0.0265625 0.02265625
14 0.49296875 0.475 0.1046875 0.22109375
10 0.42578125 0.40078125 0.1109375 0.37265625
10 0.55703125 0.4375 0.0484375 0.23359375