5 0.4953125 0.421875 0.071875 0.19765625
15 0.49921875 0.75546875 0.9953125 0.48125
7 0.48046875 0.28984375 0.0234375 0.04140625
7 0.6609375 0.3375 0.021875 0.04140625
7 0.065625 0.12734375 0.053125 0.02890625
7 0.1765625 0.203125 0.059375 0.02734375
7 0.178125 0.146875 0.03125 0.01875
7 0.0421875 0.17265625 0.046875 0.025
7 0.11015625 0.21640625 0.0265625 0.01640625
7 0.41015625 0.34453125 0.0203125 0.03515625
7 0.9890625 0.140625 0.01875 0.02265625
10 0.18828125 0.40546875 0.0953125 0.34375
10 0.36328125 0.434375 0.0671875 0.24765625
10 0.12109375 0.30390625 0.0421875 0.05859375
10 0.4296875 0.42734375 0.034375 0.22109375
10 0.39921875 0.43515625 0.0640625 0.22109375