11 0.82109375 0.45234375 0.1734375 0.34140625
5 0.44609375 0.33671875 0.1609375 0.51484375
15 0.49921875 0.78203125 0.9984375 0.43125
7 0.44765625 0.30546875 0.0953125 0.11015625
7 0.32734375 0.33046875 0.0296875 0.07265625
7 0.47109375 0.14453125 0.0484375 0.03515625
7 0.603125 0.28671875 0.040625 0.05625
7 0.640625 0.15234375 0.046875 0.03359375
7 0.4265625 0.33515625 0.040625 0.05
10 0.25 0.33515625 0.146875 0.64140625
10 0.6625 0.37734375 0.103125 0.45859375
10 0.946875 0.32890625 0.103125 0.62890625
10 0.071875 0.34609375 0.14375 0.63359375
10 0.7734375 0.38125 0.090625 0.4125