15 0 0.9979166671874999 0.9984375 0.9979166671874999 0.9984375 0.5666666671875 0.9171875 0.5625 0.915625 0.5604166671875 0.8796875 0.5625 0.871875 0.5875 0.853125 0.58125 0.6875 0.5895833328125 0.615625 0.5854166671875001 0.559375 0.6041666671875 0.5359375 0.6041666671875 0.5171875 0.6166666671875001 0.465625 0.6104166671875 0.290625 0.6354166671875 0.2625 0.625 0.221875 0.6333333328124999 0.2078125 0.6291666671875 0.1953125 0.6375 0.1875 0.675 0.0828125 0.6729166671875 0.059375 0.6875 0 0.6958333328124999 0 0.9979166671874999
5 0.8484375 0 0.74375 0.0270833328125 0.5828125 0.0479166671875 0.5140625 0.0645833328125 0.496875 0.0770833328125 0.4984375 0.1770833328125 0.515625 0.1895833328125 0.515625 0.2166666671875 0.5234375 0.23541666718749998 0.525 0.3479166671875 0.5515625 0.3541666671875 0.55625 0.3645833328125 0.540625 0.40625 0.546875 0.41875 0.540625 0.42291666718750004 0.571875 0.44375 0.578125 0.47083333281249995 0.6078125 0.4791666671875 0.6140625 0.5 0.6125 0.55 0.6203125 0.5666666671875 0.6265625 0.55625 0.6421875 0.5541666671875001 0.76875 0.5666666671875 0.86875 0.5666666671875 0.8765625 0.5541666671875001 0.8921875 0.5479166671875 0.9984375 0.5604166671875 0.9984375 0.0020833328125000002 0.96875 0 0.9607291671875 0 0.8484375 0
7 0.6953125 0.19583333281249998 0.6875 0.19583333281249998 0.6859375 0.20833333281250002 0.703125 0.22291666718749997 0.7046875 0.20833333281250002 0.6953125 0.19583333281249998
7 0.6828125 0.1895833328125 0.684375 0.1770833328125 0.65625 0.13125 0.65 0.13125 0.646875 0.1416666671875 0.653125 0.15625 0.6734375 0.1875 0.6828125 0.1895833328125
11 0 0 0 0.1604166671875 0.0078125 0.16458333281249998 0.025 0.1604166671875 0.03125 0 0.0234375 0 0 0
7 0.0359375 0.0416666671875 0.03125 0.0416666671875 0.028125 0.0666666671875 0.0421875 0.07083333281250001 0.04375 0.05208333281250001 0.0359375 0.0416666671875
10 0.48125 0.2479166671875 0.48125 0.2666666671875 0.4734375 0.28958333281250004 0.459375 0.2833333328125 0.45 0.2916666671875 0.4640625 0.3104166671875 0.4703125 0.30625 0.478125 0.3145833328125 0.478125 0.48125 0.496875 0.55 0.4921875 0.575 0.4671875 0.5958333328125 0.5015625 0.60625 0.5234375 0.5958333328125 0.5109375 0.46875 0.5109375 0.43541666718750005 0.521875 0.3770833328125 0.5203125 0.2666666671875 0.5125 0.22916666718749998 0.5015625 0.2166666671875 0.4921875 0.2166666671875 0.4734375 0.1833333328125 0.459375 0.1833333328125 0.45 0.2 0.4484375 0.21875 0.4609375 0.23958333281250002 0.48125 0.2479166671875
4 0.1875 0.5458333328125 0.1890625 0.43333333281249997 0.18020833281249998 0.43333333281249997 0.1609375 0.43541666718750005 0.1609375 0.5541666671875001 0.1796875 0.5666666671875 0.1875 0.5458333328125
10 0.20608776718750002 0.2165332609375 0.20608776718750002 0.2360558359375 0.2078125 0.2666666671875 0.20491588125 0.33679233750000004 0.201986121875 0.3570958046875 0.2109375 0.3916666671875 0.2171875 0.6166666671875001 0.2484375 0.6125 0.2359375 0.575 0.2328125 0.5208333328125 0.240625 0.49583333281249997 0.24375 0.44166666718750003 0.2515625 0.4291666671875 0.2671875 0.47083333281249995 0.290625 0.61875 0.3296875 0.6166666671875001 0.3421875 0.6104166671875 0.3421875 0.6020833328124999 0.3125 0.5875 0.29375 0.45 0.2953125 0.3916666671875 0.309375 0.3958333328125 0.3197624359375 0.3570958046875 0.29375 0.2625 0.2890625 0.20833333281250002 0.2703125 0.1916666671875 0.275 0.1625 0.259375 0.13125 0.253125 0.13125 0.24375 0.1375 0.240625 0.1770833328125 0.2109375 0.2125 0.20608776718750002 0.2165332609375
10 0.24710439687500002 0.6030802875 0.2728862875 0.6022993359375 0.252963915625 0.57496773125 0.2625 0.49375 0.2625 0.4770833328125 0.24651845312499998 0.44299513749999997 0.2430027515625 0.46329860468749995 0.2447605796875 0.49063023906250003 0.240658934375 0.5054674078125 0.2359375 0.5770833328125 0.24710439687500002 0.6030802875
10 0.1796875 0.2479166671875 0.1828125 0.2666666671875 0.1765625 0.28125 0.184375 0.3291666671875 0.1828125 0.40208333281249997 0.1921875 0.42291666718750004 0.190625 0.6083333328125 0.20625 0.6083333328125 0.2125 0.5958333328125 0.2171875 0.60625 0.2109375 0.54375 0.2109375 0.3854166671875 0.2 0.3604166671875 0.209375 0.2958333328125 0.20625 0.2125 0.240625 0.18125 0.234375 0.16458333281249998 0.225 0.16458333281249998 0.215625 0.16458333281249998 0.2078125 0.1770833328125 0.1984375 0.22291666718749997 0.1796875 0.2479166671875
14 0 0.6625 0.009375 0.6833333328125 0.1046875 0.6604166671875 0.1859375 0.6625 0.1875 0.6479166671875001 0.1578125 0.60625 0.140625 0.5645833328125 0.13125 0.5166666671875 0.128125 0.45 0.1328125 0.3895833328125 0.1453125 0.375 0.153125 0.3125 0.1765625 0.2708333328125 0.1765625 0.25833333281250004 0.128125 0.23333333281250002 0.0484375 0.22291666718749997 0.039453125 0.22291666718749997 0 0.2270833328125 0 0.3019775484375 0.0162259390625 0.3945113859375 0.0224742828125 0.49537034375 0 0.5897549 0 0.6625
11 0 0.5854166671875001 0.0140625 0.5375 0.01875 0.49375 0.0171875 0.3958333328125 0.0015625 0.3125 0 0.3104166671875 0 0.5854166671875001
14 0.5625 0.5916666671875 0.5609375 0.5791666671875 0.5453125 0.5583333328125 0.5328125 0.5 0.534375 0.42083333281249996 0.553125 0.36666666718749996 0.5234375 0.35625 0.5203125 0.35625 0.5203125 0.40208333281249997 0.5109375 0.43541666718750005 0.5203125 0.5791666671875 0.5625 0.5916666671875
4 0.3171875 0.5854166671875001 0.475 0.5833333328125 0.4828125 0.5729166671875 0.484375 0.5229166671875001 0.475 0.4770833328125 0.4734375 0.4166666671875 0.4671875 0.4145833328125 0.465625 0.43333333281249997 0.45625 0.43333333281249997 0.4234375 0.425 0.4109375 0.40625 0.3640625 0.40208333281249997 0.359375 0.40208333281249997 0.3140625 0.40416666718750005 0.303125 0.43333333281249997 0.30625 0.5270833328125 0.3171875 0.5854166671875001
10 0.371875 0.32083333281250004 0.36875 0.3604166671875 0.384375 0.36875 0.3796875 0.40208333281249997 0.4234375 0.4 0.4296875 0.3395833328125 0.434375 0.3333333328125 0.446875 0.35 0.446875 0.31875 0.4296875 0.2916666671875 0.4296875 0.2479166671875 0.4203125 0.2375 0.4140625 0.2375 0.40625 0.25 0.4046875 0.28125 0.384375 0.29375 0.371875 0.32083333281250004