7 0.0390625 0.10833333281249999 0.0140625 0.1 0 0.1 0.0015625 0.1270833328125 0.03125 0.13125 0.04375 0.12291666718750001 0.0390625 0.10833333281249999
5 0.7046875 0.31875 0.7203125 0.3604166671875 0.7175480765625 0.37179487031249997 0.7175480765625 0.3798076921875 0.7079326921875 0.3910256421875 0.69375 0.4 0.6890625 0.3791666671875 0.6921875 0.34375 0.6578125 0.2604166671875 0.6546875 0.2791666671875 0.6640625 0.3104166671875 0.665625 0.3875 0.6453125 0.5 0.6453125 0.5458333328125 0.65 0.5520833328125 0.725 0.5479166671875 0.746875 0.5375 0.8359375 0.54375 0.8359375 0.26875 0.8421875 0.2520833328125 0.840625 0.1729166671875 0.8453125 0.16875 0.840625 0.1291666671875 0.834375 0.1291666671875 0.6640625 0.1520833328125 0.678125 0.1895833328125 0.684375 0.2416666671875 0.7046875 0.31875
7 0.1203125 0.04375 0.1125 0.04375 0.1078125 0.05 0.1125 0.0625 0.1203125 0.058333332812500006 0.1203125 0.04375
7 0 0.054166667187499996 0.00625 0.054166667187499996 0.0140625 0.0375 0.003125 0.025 0 0.025 0 0.054166667187499996
11 0.11875 0 0.11875 0.31875 0.121875 0.3270833328125 0.1234375 0.2979166671875 0.1328125 0.2875 0.159375 0.2833333328125 0.178125 0.40416666718750005 0.2046875 0.4145833328125 0.1984375 0.5125 0.20625 0.5604166671875 0.215625 0.5666666671875 0.2234375 0.55625 0.225 0.5354166671875 0.2265625 0.4125 0.225 0.3875 0.215625 0.3708333328125 0.221875 0.35625 0.221875 0.058333332812500006 0.1890625 0.0270833328125 0.1859375 0 0.1775390625 0 0.11875 0
7 0.2203125 0.14375 0.2203125 0.1604166671875 0.2265625 0.15625 0.2234375 0.14375 0.2203125 0.14375
5 0.4859375 0.2791666671875 0.4890625 0.28958333281250004 0.5078125 0.28125 0.51875 0.3125 0.5328125 0.3291666671875 0.5390625 0.3895833328125 0.5328125 0.47291666718750003 0.5609375 0.48541666718750004 0.5625 0.5375 0.553125 0.5479166671875 0.575 0.55 0.590625 0.5458333328125 0.590625 0.4791666671875 0.5640625 0.3791666671875 0.559375 0.3270833328125 0.55 0.30625 0.5515625 0.20833333281250002 0.5609375 0.16875 0.55625 0.1666666671875 0.5515625 0.1666666671875 0.4703125 0.1770833328125 0.4671875 0.21458333281250003 0.471875 0.275 0.4859375 0.2791666671875
14 0.50625 0.54375 0.5046875 0.4145833328125 0.496875 0.4 0.484375 0.4 0.4546875 0.40416666718750005 0.478125 0.43958333281249995 0.4734375 0.5625 0.50625 0.54375
10 0.5046875 0.3791666671875 0.484375 0.3958333328125 0.5015625 0.4 0.50625 0.4145833328125 0.509375 0.5291666671875 0.5078125 0.5458333328125 0.5015625 0.55 0.528125 0.5541666671875001 0.528125 0.4625 0.5359375 0.43125 0.534375 0.35 0.5296875 0.3270833328125 0.515625 0.3125 0.5109375 0.28958333281250004 0.5046875 0.2854166671875 0.4984375 0.2854166671875 0.490625 0.29375 0.490625 0.3104166671875 0.50625 0.3333333328125 0.5046875 0.3791666671875
10 0.0953125 0.375 0.0546875 0.375 0.0515625 0.38125 0.05 0.3916666671875 0.05625 0.4 0.071875 0.39375 0.0890625 0.40625 0.11875 0.40625 0.1265625 0.425 0.1171875 0.45208333281249996 0.046875 0.45416666718750004 0.0375 0.4604166671875 0.040625 0.5416666671875 0.0578125 0.5520833328125 0.046875 0.5541666671875001 0.03125 0.5916666671875 0.06875 0.5708333328124999 0.0609375 0.5583333328125 0.0640625 0.4895833328125 0.0796875 0.5166666671875 0.0890625 0.49375 0.1375 0.49791666718750005 0.1484375 0.4125 0.1765625 0.40833333281249995 0.16875 0.3333333328125 0.1578125 0.28958333281250004 0.1515625 0.2875 0.1390625 0.2875 0.125 0.3 0.1234375 0.3416666671875 0.109375 0.36666666718749996 0.0953125 0.375
15 0 0.9979166671874999 0.9984375 0.9979166671874999 0.9984375 0.6729166671875 0.9375 0.60625 0.9296875 0.5583333328125 0.89375 0.5520833328125 0.884375 0.5625 0.8625 0.5625 0.8546875 0.5708333328124999 0.8375 0.5604166671875 0.83125 0.54375 0.746875 0.5395833328124999 0.7359375 0.5458333328125 0.69375 0.5354166671875 0.6890625 0.5354166671875 0.659375 0.5395833328124999 0.6421875 0.5708333328124999 0.6359375 0.6166666671875001 0.6484375 0.6645833328124999 0.6328125 0.6729166671875 0.609375 0.6729166671875 0.6015625 0.6625 0.5921875 0.625 0.5921875 0.5645833328125 0.571875 0.5583333328125 0.525 0.5729166671875 0.478125 0.5666666671875 0.353125 0.5854166671875001 0.3375 0.59375 0.325 0.6145833328125 0.2 0.5916666671875 0.1859375 0.6 0.1578125 0.5979166671875 0.1515625 0.6166666671875001 0.1359375 0.6083333328125 0.121875 0.6166666671875001 0.0875 0.6145833328125 0.0828125 0.625 0.0609375 0.6104166671875 0.0296875 0.6104166671875 0.015625 0.6270833328125 0.009375 0.6145833328125 0 0.6145833328125 0 0.9979166671874999
10 0.9375 0.5708333328124999 0.95 0.5770833328125 0.9515625 0.35 0.9765625 0.31875 0.965625 0.30416666718749996 0.971875 0.2666666671875 0.9640625 0.25833333281250004 0.95625 0.25833333281250004 0.9453125 0.27291666718749996 0.9453125 0.2979166671875 0.915625 0.3291666671875 0.9375 0.5708333328124999
10 0.3515625 0.4458333328125 0.35625 0.5541666671875001 0.371875 0.5729166671875 0.3890625 0.5666666671875 0.396875 0.4166666671875 0.409375 0.3958333328125 0.403125 0.3229166671875 0.384375 0.3083333328125 0.38125 0.275 0.3734375 0.275 0.3671875 0.3020833328125 0.346875 0.3145833328125 0.3359375 0.36875 0.3515625 0.4458333328125
10 0 0.5520833328125 0.0140625 0.5375 0.021875 0.46666666718750005 0.0203125 0.4583333328125 0.0078125 0.45625 0 0.45625 0 0.5520833328125
10 0 0.3958333328125 0.025 0.41875 0.0265625 0.3625 0.040625 0.3458333328125 0.0453125 0.2958333328125 0.040625 0.2770833328125 0.015625 0.25625 0.015625 0.2104166671875 0.0046875 0.19583333281249998 0 0.19583333281249998 0 0.3958333328125
5 0.50625 0.3291666671875 0.4921875 0.32083333281250004 0.4890625 0.32083333281250004 0.4890625 0.3770833328125 0.49375 0.3791666671875 0.503125 0.36875 0.50625 0.3291666671875
10 0.2859375 0.34375 0.26875 0.36875 0.271875 0.3791666671875 0.28125 0.3708333328125 0.2875 0.375 0.2765625 0.45 0.2859375 0.575 0.265625 0.5979166671875 0.321875 0.5979166671875 0.3328125 0.5854166671875001 0.328125 0.46875 0.340625 0.32083333281250004 0.3171875 0.2270833328125 0.3046875 0.2125 0.29375 0.2125 0.28125 0.23333333281250002 0.2828125 0.2541666671875 0.290625 0.2666666671875 0.2859375 0.34375
14 0.30625 0.5270833328125 0.3046875 0.5270833328125 0.3015625 0.5645833328125 0.3078125 0.5770833328125 0.3125 0.54375 0.30625 0.5270833328125
14 0.2421875 0.5041666671875 0.2328125 0.54375 0.209375 0.5791666671875 0.2109375 0.5854166671875001 0.240625 0.5833333328125 0.2578125 0.59375 0.284375 0.575 0.275 0.45416666718750004 0.2859375 0.3791666671875 0.2828125 0.3729166671875 0.2703125 0.38125 0.265625 0.3729166671875 0.26875 0.3583333328125 0.26 0.3583333328125 0.225 0.3583333328125 0.2171875 0.36666666718749996 0.240625 0.4291666671875 0.2421875 0.5041666671875
4 0.3578125 0.5583333328125 0.35625 0.47291666718750003 0.346875 0.4375 0.34375 0.4375 0.334375 0.4458333328125 0.33125 0.46666666718750005 0.340625 0.5625 0.3578125 0.5583333328125
4 0.4765625 0.44166666718750003 0.46875 0.43958333281249995 0.4671875 0.45 0.459375 0.45208333281249996 0.4015625 0.43333333281249997 0.4 0.43333333281249997 0.3890625 0.5583333328125 0.46875 0.5583333328125 0.4765625 0.5479166671875 0.4765625 0.44166666718750003
12 0.953125 0.58125 0.9625 0.5958333328125 0.96875 0.63125 0.9984375 0.6541666671875 0.9984375 0.643688725 0.9984375 0.2979166671875 0.953125 0.3458333328125 0.9515625 0.4145833328125 0.953125 0.58125
3 0.146875 0.6 0.153125 0.6083333328125 0.15 0.49583333281249997 0.1765625 0.5145833328125 0.1828125 0.5125 0.19375 0.5145833328125 0.2035524921875 0.5855193 0.2109375 0.5979166671875 0.2082241890625 0.5739512890625 0.2015503359375 0.5187807765625 0.203125 0.4145833328125 0.159375 0.41041666718750003 0.1515625 0.41041666718750003 0.14375 0.43541666718750005 0.1390625 0.49583333281249997 0.11281250000000001 0.49874999999999997 0.134375 0.5083333328124999 0.134375 0.6020833328124999 0.1421875 0.55625 0.146875 0.6
11 0.1328125 0.5125 0.125 0.50625 0.121875 0.50625 0.121875 0.5625 0.134375 0.5604166671875 0.140625 0.56875 0.1328125 0.5125
11 0.175 0.5854166671875001 0.1828125 0.5875 0.196875 0.5604166671875 0.1921875 0.5104166671875 0.1546875 0.50625 0.153125 0.50625 0.1484375 0.5104166671875 0.1515625 0.5666666671875 0.1734375 0.56875 0.175 0.5854166671875001
10 0.4 0.4145833328125 0.4 0.43125 0.4109375 0.43541666718750005 0.4296875 0.43541666718750005 0.4375 0.40416666718750005 0.4390625 0.3729166671875 0.425 0.31875 0.4171875 0.31875 0.4125 0.3479166671875 0.40625 0.3541666671875 0.409375 0.40416666718750005 0.4 0.4145833328125
10 0.553125 0.3020833328125 0.565625 0.325 0.5671875 0.38333333281250004 0.59375 0.475 0.5921875 0.5416666671875 0.6078125 0.6604166671875 0.6390625 0.6645833328124999 0.64375 0.65 0.6296875 0.6145833328125 0.6640625 0.3770833328125 0.6625 0.3125 0.65 0.25833333281250004 0.653125 0.24583333281250003 0.6609375 0.2520833328125 0.671875 0.2958333328125 0.69375 0.3395833328125 0.696875 0.3770833328125 0.715625 0.3729166671875 0.7171875 0.3604166671875 0.6859375 0.2625 0.6703125 0.1729166671875 0.64375 0.1395833328125 0.646875 0.1166666671875 0.6375 0.07291666718749999 0.6015625 0.05 0.59375 0.05 0.5828125 0.07083333281250001 0.575 0.1583333328125 0.559375 0.18125 0.553125 0.3020833328125
0 0.553125 0.2916666671875 0.55625 0.3145833328125 0.571875 0.325 0.5875 0.33125 0.615625 0.325 0.6296875 0.3104166671875 0.6390625 0.275 0.6484375 0.26875 0.640625 0.2625 0.646875 0.2479166671875 0.6390625 0.23333333281250002 0.6390625 0.1916666671875 0.6234375 0.18125 0.6296875 0.1770833328125 0.6234375 0.1458333328125 0.621875 0.1458333328125 0.59375 0.1520833328125 0.5609375 0.1833333328125 0.5546875 0.2104166671875 0.553125 0.2916666671875