5 0.65390625 0.44375 0.0515625 0.14609375
12 0.91875 0.48125 0.159375 0.22890625
15 0.4984375 0.75390625 0.996875 0.48359375
7 0.2125 0.06328125 0.059375 0.03515625
7 0.9609375 0.10390625 0.075 0.04609375
7 0.64296875 0.34140625 0.0171875 0.025
7 0.2140625 0.20859375 0.040625 0.02109375
7 0.296875 0.18203125 0.059375 0.02734375
7 0.39453125 0.271875 0.0296875 0.01484375
7 0.44375 0.303125 0.0375 0.01484375
7 0.3140625 0.24921875 0.040625 0.02265625
7 0.678125 0.13359375 0.075 0.04140625
7 0.21953125 0.18359375 0.0265625 0.01640625
7 0.340625 0.22421875 0.021875 0.01484375
7 0.37265625 0.29140625 0.0171875 0.0125
7 0.45625 0.278125 0.01875 0.01015625
14 0.17890625 0.46484375 0.1609375 0.32890625
10 0.0390625 0.365625 0.078125 0.51484375
10 0.246875 0.41796875 0.059375 0.31015625
10 0.44375 0.44921875 0.04375 0.18125
10 0.5796875 0.45703125 0.03125 0.15234375
10 0.3453125 0.40859375 0.071875 0.325