7 0.6015625 0.19583333281249998 0.6421875 0.18125 0.6375 0.16458333281249998 0.6125 0.1604166671875 0.6109375 0.1583333328125 0.5859375 0.16458333281249998 0.578125 0.175 0.5796875 0.1854166671875 0.6015625 0.19583333281249998
15 0.6984375 1 0.696875 0.9833333328125 0.6546875 0.8958333328125001 0.6546875 0.8041666671875 0.66875 0.7916666671875 0.675 0.7958333328125 0.678125 0.78125 0.671875 0.7604166671875 0.6765625 0.75625 0.6765625 0.7083333328125 0.6703125 0.70625 0.6765625 0.7020833328125 0.6765625 0.6770833328125 0.671875 0.675 0.6765625 0.6729166671875 0.6765625 0.6479166671875001 0.671875 0.6458333328125 0.6703125 0.6583333328125 0.61875 0.65625 0.625 0.6416666671875 0.65 0.6333333328124999 0.65 0.6083333328125 0.640625 0.6083333328125 0.6453125 0.6333333328124999 0.6296875 0.6270833328125 0.6296875 0.6208333328125 0.61875 0.6270833328125 0.6109375 0.6020833328124999 0.5203125 0.55 0.5125 0.5479166671875 0.5078125 0.55625 0.4984375 0.5333333328125 0.4234375 0.525 0.421875 0.525 0.3328125 0.5375 0.315625 0.5333333328125 0.278125 0.5479166671875 0.2546875 0.5416666671875 0.23125 0.5625 0.2046875 0.55625 0.2015625 0.59375 0.1921875 0.5895833328125 0.190625 0.6083333328125 0.215625 0.64375 0.2171875 0.6583333328125 0.2015625 0.6729166671875 0.1765625 0.6625 0.184375 0.6791666671875001 0.175 0.6979166671875 0.21875 0.7208333328125 0.2203125 0.7395833328125 0.209375 0.7583333328124999 0.09375 0.7729166671875001 0.0796875 0.7645833328125 0.071875 0.7479166671875 0.0265625 0.7583333328124999 0.009375 0.75625 0 0.7395833328125 0 1 0.6984375 1
7 0.6515625 0.09375 0.7078125 0.0791666671875 0.7140625 0.06875 0.7125 0.05 0.6875 0.0354166671875 0.6796875 0.0354166671875 0.634375 0.0458333328125 0.6234375 0.0625 0.6234375 0.0791666671875 0.6515625 0.09375
10 0.171875 0.24375 0.1734375 0.3020833328125 0.1609375 0.38125 0.1609375 0.46875 0.146875 0.5166666671875 0.1484375 0.5270833328125 0.16875 0.5291666671875 0.171875 0.54375 0.1609375 0.5979166671875 0.146875 0.61875 0.14375 0.6479166671875001 0.1546875 0.6583333328125 0.1609375 0.6854166671875 0.1765625 0.6833333328125 0.1765625 0.66875 0.1578125 0.6541666671875 0.1578125 0.64375 0.209375 0.6604166671875 0.209375 0.6479166671875001 0.178125 0.6020833328124999 0.2 0.5458333328125 0.2125 0.53125 0.23125 0.525 0.221875 0.45416666718750004 0.1890625 0.3333333328125 0.184375 0.2791666671875 0.2 0.2708333328125 0.215625 0.29375 0.225 0.29375 0.240625 0.2770833328125 0.2578125 0.2208333328125 0.2546875 0.20833333281250002 0.24375 0.2 0.2359375 0.20416666718749998 0.23125 0.2208333328125 0.228125 0.2166666671875 0.2328125 0.1416666671875 0.221875 0.060416667187499995 0.2046875 0.0229166671875 0.190625 0.0229166671875 0.1890625 0.0208333328125 0.165625 0.0395833328125 0.1546875 0.058333332812500006 0.159375 0.2125 0.171875 0.24375
12 0.5328125 0.5520833328125 0.60625 0.5875 0.6140625 0.5979166671875 0.6734375 0.6020833328124999 0.68125 0.54375 0.6796875 0.3875 0.6390625 0.3770833328125 0.6359375 0.3770833328125 0.5953125 0.3958333328125 0.5140625 0.45416666718750004 0.5109375 0.5291666671875 0.5328125 0.5520833328125
7 0.6765625 0.4 0.671875 0.3895833328125 0.6640625 0.3895833328125 0.6375 0.40208333281249997 0.6546875 0.4125 0.6671875 0.41041666718750003 0.6765625 0.4
10 0.3546875 0.51875 0.353125 0.45625 0.3640625 0.44166666718750003 0.35 0.4145833328125 0.35 0.4 0.3484375 0.39791666718749996 0.334375 0.43125 0.3375 0.5208333328125 0.3453125 0.5125 0.3546875 0.51875
10 0.2484375 0.4145833328125 0.2375 0.38125 0.2296875 0.375 0.228125 0.3729166671875 0.2203125 0.3791666671875 0.2125 0.4166666671875 0.234375 0.53125 0.2484375 0.4145833328125
16 0.7890625 0 0.759375 0.0375 0.75 0.05208333281250001 0.753125 0.058333332812500006 0.746875 0.058333332812500006 0.7421875 0.075 0.6859375 0.1604166671875 0.6828125 0.8020833328125001 0.6625 0.8041666671875 0.6578125 0.8125 0.6578125 0.8916666671875 0.7125 0.9979166671874999 0.9984375 0.9979166671874999 0.9984375 0 0.9903846156249999 0 0.7890625 0
10 0.143359375 0 0.01875 0.0041666671875 0.015625 0.06875 0.021875 0.175 0.009375 0.23541666718749998 0.0328125 0.30625 0.0375 0.39791666718749996 0.0171875 0.5604166671875 0.025 0.6916666671875 0.0140625 0.7395833328125 0.0234375 0.7458333328125 0.0515625 0.7458333328125 0.0828125 0.7333333328125 0.084375 0.75625 0.121875 0.7541666671875 0.1296875 0.7604166671875 0.1921875 0.7520833328125 0.209375 0.7458333328125 0.2171875 0.7333333328125 0.215625 0.7208333328125 0.190625 0.7166666671875 0.1703125 0.7020833328125 0.1546875 0.6833333328125 0.153125 0.6645833328124999 0.140625 0.6458333328125 0.1453125 0.5145833328125 0.159375 0.46875 0.159375 0.38125 0.171875 0.3020833328125 0.1671875 0.23125 0.15 0.18125 0.1578125 0.1770833328125 0.1515625 0 0.143359375 0
5 0.471875 0.3375 0.4203125 0.33541666718749996 0.4109375 0.33541666718749996 0.38125 0.3375 0.3859375 0.5125 0.46875 0.5125 0.471875 0.3375
7 0.38125 0.0791666671875 0.3875 0.07083333281250001 0.3859375 0.05 0.353125 0.029166667187500002 0.3453125 0.029166667187500002 0.3078125 0.0375 0.2984375 0.0666666671875 0.3328125 0.08333333281250001 0.38125 0.0791666671875
10 0.5265625 0.4375 0.5109375 0.41041666718750003 0.5078125 0.41041666718750003 0.496875 0.44375 0.50625 0.5229166671875001 0.509375 0.45625 0.5265625 0.4375
14 0.2734375 0.5 0.2796875 0.4458333328125 0.271875 0.4458333328125 0.259375 0.48333333281249996 0.2640625 0.5333333328125 0.2859375 0.53125 0.2734375 0.5
10 0.2875 0.4458333328125 0.2796875 0.4145833328125 0.2734375 0.4145833328125 0.2734375 0.44166666718750003 0.28125 0.4458333328125 0.2828125 0.46458333281249997 0.2875 0.4458333328125
10 0.2390625 0.5291666671875 0.271875 0.44375 0.271875 0.425 0.259375 0.39791666718749996 0.2578125 0.39791666718749996 0.2484375 0.41875 0.25 0.45625 0.240625 0.4875 0.2390625 0.5291666671875