11 0.5890625 0.27421875 0.040625 0.54765625
11 0.05546875 0.45625 0.1109375 0.4875
5 0.47890625 0.41640625 0.1046875 0.1625
12 0.8625 0.45625 0.271875 0.45859375
15 0.49921875 0.75703125 0.9953125 0.47734375
7 0.41484375 0.07890625 0.0859375 0.04609375
7 0.7078125 0.078125 0.084375 0.04765625
7 0.7078125 0.05078125 0.084375 0.1015625
7 0.13828125 0.07265625 0.0359375 0.04140625
7 0.4140625 0.05234375 0.0875 0.10390625
10 0.6328125 0.43359375 0.06875 0.24609375
10 0.21796875 0.40859375 0.0984375 0.375