7 0.0765625 0.2666666671875 0.0734375 0.25625 0.0625 0.2520833328125 0.0536458328125 0.2520833328125 0.0359375 0.2520833328125 0.028125 0.2604166671875 0.04375 0.2708333328125 0.0765625 0.2666666671875
12 0.5796875 0.5604166671875 0.6234375 0.5729166671875 0.6328125 0.5833333328125 0.6421875 0.5854166671875001 0.65 0.5708333328124999 0.6625 0.5708333328124999 0.665625 0.38333333281250004 0.65703125 0.38333333281250004 0.6328125 0.3895833328125 0.5375 0.4479166671875 0.534375 0.5270833328125 0.5796875 0.5604166671875
15 0 0.9979166671874999 0.7734375 0.9979166671874999 0.7453125 0.9416666671874999 0.71875 0.9104166671874999 0.7109375 0.8875 0.6921875 0.86875 0.6796875 0.8395833328125001 0.66875 0.8333333328125001 0.6453125 0.7833333328125 0.6453125 0.7625 0.6375 0.7520833328125 0.6453125 0.7458333328125 0.6390625 0.7375 0.6390625 0.71875 0.6453125 0.7166666671875 0.640625 0.7041666671875 0.65 0.6916666671875 0.640625 0.6729166671875 0.653125 0.6708333328125 0.653125 0.6583333328125 0.6328125 0.6520833328125 0.640625 0.63125 0.6328125 0.6104166671875 0.653125 0.6020833328124999 0.640625 0.6041666671875 0.628125 0.5895833328125 0.5328125 0.5395833328124999 0.5296875 0.53125 0.5046875 0.53125 0.4921875 0.5208333328125 0.45 0.5208333328125 0.44114583281249997 0.5208333328125 0.3484375 0.5291666671875 0.3421875 0.5916666671875 0.3359375 0.5979166671875 0.3453125 0.6208333328125 0.3546875 0.6270833328125 0.3546875 0.6416666671875 0.35 0.6479166671875001 0.2953125 0.6458333328125 0.3125 0.6791666671875001 0.3109375 0.6895833328125 0.2625 0.7083333328125 0.2125 0.7104166671875001 0.1890625 0.6916666671875 0.153125 0.7 0.1421875 0.69375 0.1453125 0.6 0.140625 0.56875 0.134375 0.5645833328125 0.096875 0.5708333328124999 0.0796875 0.5604166671875 0.0515625 0.5625 0.05625 0.5791666671875 0.0484375 0.59375 0.0046875 0.5916666671875 0 0.5979166671875 0 0.9979166671874999
16 0.8734375 0 0.8640625 0.014583332812499999 0.85625 0.014583332812499999 0.8578125 0.0208333328125 0.7734375 0.1270833328125 0.7703125 0.15 0.759375 0.1416666671875 0.71875 0.1895833328125 0.7078125 0.2166666671875 0.690625 0.225 0.6703125 0.25625 0.6671875 0.7083333328125 0.65 0.7229166671875 0.6515625 0.78125 0.7625 0.9645833328125001 0.7890625 0.9979166671874999 0.871875 0.9979166671874999 0.8765625 0.9916666671875 0.9984375 0.9979166671874999 0.9984375 0 0.990625 0 0.8734375 0
7 0.6765625 0.1041666671875 0.7296875 0.0916666671875 0.7359375 0.08333333281250001 0.7328125 0.058333332812500006 0.70625 0.0479166671875 0.69765625 0.0479166671875 0.6625 0.05625 0.6484375 0.075 0.6484375 0.0895833328125 0.6765625 0.1041666671875
7 0.621875 0.1979166671875 0.6609375 0.1916666671875 0.6671875 0.1854166671875 0.665625 0.175 0.653125 0.16458333281249998 0.6432291671875 0.16458333281249998 0.6234375 0.16458333281249998 0.60625 0.175 0.60625 0.1895833328125 0.621875 0.1979166671875
10 0.3 0.2708333328125 0.2859375 0.3625 0.2921875 0.3958333328125 0.2859375 0.39791666718749996 0.2828125 0.38333333281250004 0.2796875 0.40625 0.284375 0.41041666718750003 0.278125 0.4145833328125 0.271875 0.5041666671875 0.2609375 0.5375 0.253125 0.5958333328125 0.2578125 0.6375 0.2625 0.6375 0.2625 0.5958333328125 0.275 0.575 0.278125 0.5791666671875 0.30625 0.5166666671875 0.3125 0.5208333328125 0.296875 0.6333333328124999 0.35 0.6395833328125 0.35 0.6291666671875 0.321875 0.6 0.334375 0.525 0.3484375 0.5125 0.38125 0.5166666671875 0.3765625 0.4458333328125 0.3734375 0.45208333281249996 0.3671875 0.4458333328125 0.3703125 0.41875 0.35 0.3125 0.3671875 0.3166666671875 0.390625 0.2770833328125 0.41875 0.25833333281250004 0.41875 0.23958333281250002 0.4140625 0.23541666718749998 0.3890625 0.2520833328125 0.38125 0.2791666671875 0.371875 0.28958333281250004 0.3640625 0.2854166671875 0.35 0.1291666671875 0.3359375 0.1020833328125 0.321875 0.1020833328125 0.3015625 0.1208333328125 0.290625 0.1583333328125 0.2921875 0.23958333281250002 0.3 0.2708333328125
7 0.3734375 0.34375 0.3734375 0.3604166671875 0.3875 0.36666666718749996 0.3765625 0.34375 0.3734375 0.34375
7 0.0765625 0.21458333281250003 0.0734375 0.20416666718749998 0.0484375 0.19583333281249998 0.03828125 0.19583333281249998 0.0234375 0.1979166671875 0.01875 0.20833333281250002 0.046875 0.2208333328125 0.0765625 0.21458333281250003
7 0.378125 0.0979166671875 0.4171875 0.0916666671875 0.421875 0.0666666671875 0.4109375 0.054166667187499996 0.3875 0.0458333328125 0.378125 0.0458333328125 0.35 0.054166667187499996 0.340625 0.0625 0.3375 0.08125 0.378125 0.0979166671875
7 0.096875 0.23958333281250002 0.090625 0.23541666718749998 0.08125 0.23541666718749998 0.075 0.23958333281250002 0.078125 0.2479166671875 0.09375 0.25 0.096875 0.23958333281250002
10 0.103125 0.35 0.103125 0.3791666671875 0.1125 0.3916666671875 0.1140625 0.5354166671875 0.109375 0.55625 0.125 0.5520833328125 0.13125 0.5104166671875 0.1359375 0.5125 0.1328125 0.5520833328125 0.1421875 0.5541666671875001 0.146875 0.5354166671875 0.1453125 0.43125 0.153125 0.3333333328125 0.13125 0.28125 0.1265625 0.28125 0.121875 0.2875 0.1265625 0.3125 0.109375 0.33125 0.103125 0.35
7 0.11875 0.29375 0.1109375 0.29375 0.0953125 0.29375 0.0921875 0.3020833328125 0.1171875 0.30625 0.11875 0.29375
14 0 0.5770833328125 0.046875 0.5833333328125 0.021875 0.5104166671875 0.0234375 0.43125 0.0453125 0.3645833328125 0.003125 0.3541666671875 0 0.3541666671875 0 0.5770833328125
14 0.053125 0.5041666671875 0.034375 0.54375 0.0359375 0.5541666671875001 0.09375 0.55625 0.1078125 0.54375 0.09375 0.5041666671875 0.09375 0.45208333281249996 0.10625 0.40625 0.0765625 0.40208333281249997 0.0703125 0.40208333281249997 0.046875 0.40625 0.040625 0.4145833328125 0.053125 0.45 0.053125 0.5041666671875