7 0.871875 0.1166666671875 0.8765625 0.1270833328125 0.884375 0.0916666671875 0.878125 0.0916666671875 0.7953125 0.1583333328125 0.7921875 0.16875 0.809375 0.1708333328125 0.871875 0.1166666671875
5 0.109375 0.43333333281249997 0.1234375 0.5041666671875 0.11875 0.6020833328124999 0.496875 0.6 0.5 0.5666666671875 0.5125 0.5541666671875001 0.51875 0.5625 0.615625 0.5604166671875 0.63125 0.5583333328125 0.634375 0.5458333328125 0.65 0.5479166671875 0.6609375 0.59375 0.678125 0.59375 0.6765625 0.3375 0.6875 0.16875 0.68125 0.1416666671875 0.6859375 0.1375 0.684375 0.1020833328125 0.675 0.08333333281250001 0.621875 0.0645833328125 0.5109375 0.07083333281250001 0.490625 0.0625 0.3953125 0.060416667187499995 0.309375 0.0458333328125 0.2984375 0.054166667187499996 0.29375 0.0416666671875 0.246875 0.0354166671875 0.1078125 0.03125 0.103125 0.03125 0.103125 0.04375 0.1109375 0.04375 0.1171875 0.0625 0.109375 0.43333333281249997
5 0.496875 0.5979166671875 0.5 0.08125 0.4765625 0.08333333281250001 0.4625 0.07083333281250001 0.4546875 0.0770833328125 0.4515625 0.0645833328125 0.3296875 0.0666666671875 0.325 0.05208333281250001 0.3140625 0.05208333281250001 0.309375 0.5666666671875 0.315625 0.5916666671875 0.328125 0.6 0.496875 0.5979166671875
7 0.365625 0.1979166671875 0.4015625 0.1979166671875 0.4140625 0.1895833328125 0.4234375 0.16875 0.421875 0.14791666718750002 0.409375 0.1395833328125 0.3953125 0.14791666718750002 0.3875 0.13125 0.378515625 0.13125 0.340625 0.1354166671875 0.3375 0.1854166671875 0.3453125 0.18125 0.365625 0.1979166671875
7 0.4140625 0.1875 0.4140625 0.17916666718750002 0.3890625 0.1708333328125 0.3807291671875 0.1708333328125 0.3546875 0.1729166671875 0.3484375 0.1854166671875 0.3796875 0.1979166671875 0.4140625 0.1875
10 0.05390625 0.35625 0.1078125 0.7125
15 0 0.9979166671874999 0.9984375 0.9979166671874999 0.9984375 0.65625 0.99375 0.6458333328125 0.9703125 0.6458333328125 0.95 0.6333333328124999 0.946875 0.6458333328125 0.9234375 0.6479166671875001 0.9125 0.6395833328125 0.90625 0.6208333328125 0.86875 0.60625 0.7796875 0.6083333328125 0.7734375 0.61875 0.746875 0.61875 0.74375 0.6291666671875 0.7375 0.6291666671875 0.7296875 0.6208333328125 0.6625 0.60625 0.6484375 0.5875 0.653125 0.5708333328124999 0.6453125 0.5583333328125 0.6421875 0.5583333328125 0.63125 0.5666666671875 0.5046875 0.5645833328125 0.5046875 0.5958333328125 0.496875 0.6104166671875 0.3625 0.6083333328125 0.3484375 0.6104166671875 0.3421875 0.6208333328125 0.2171875 0.6479166671875001 0.1015625 0.64375 0.090625 0.6375 0.0828125 0.65 0.071875 0.6375 0.0625 0.6375 0.0546875 0.6854166671875 0.0265625 0.7145833328125 0 0.7208333328125 0 0.9979166671874999
7 0.8359375 0.1145833328125 0.828125 0.09375 0.8109375 0.09375 0.809375 0.09375 0.7921875 0.1208333328125 0.7953125 0.1395833328125 0.8171875 0.1395833328125 0.8359375 0.1145833328125
7 0.18125 0 0.184375 0.0125 0.19375 0.03125 0.2078125 0.0333333328125 0.2109375 0.025 0.2015625 0 0.19140625 0 0.18125 0
7 0.2546875 0.14375 0.2390625 0.0916666671875 0.2171875 0.05208333281250001 0.209375 0.05208333281250001 0.2078125 0.060416667187499995 0.23125 0.1145833328125 0.2453125 0.1416666671875 0.2546875 0.14375
11 0.76359375 0 0.6875 0.0041666671875 0.6765625 0.5958333328125 0.734375 0.6145833328125 0.7671875 0.6145833328125 0.775 0.6 0.7765625 0.3729166671875 0.775 0.3416666671875 0.765625 0.3333333328125 0.771875 0 0.76359375 0
10 0.896875 0.25 0.903125 0.27291666718749996 0.925 0.28125 0.91875 0.3583333328125 0.9265625 0.43333333281249997 0.9078125 0.5895833328125 0.909375 0.6104166671875 0.9234375 0.6375 0.94375 0.6333333328124999 0.9375 0.6104166671875 0.946875 0.5979166671875 0.959375 0.5395833328124999 0.95625 0.625 0.9984375 0.6354166671875 0.9984375 0.08333333281250001 0.9890625 0.08333333281250001 0.9703125 0.11041666718750001 0.9734375 0.1541666671875 0.93125 0.17916666718750002 0.896875 0.25