5 0.796875 0.428125 0.0375 0.16015625
12 0.90625 0.46796875 0.184375 0.25234375
15 0.4984375 0.74765625 0.996875 0.49609375
7 0.13046875 0.01484375 0.0671875 0.02890625
7 0.9421875 0.07734375 0.0875 0.05
7 0.23515625 0.14921875 0.0671875 0.03125
7 0.4015625 0.2875 0.0375 0.01640625
7 0.34765625 0.253125 0.0328125 0.01875
7 0.146875 0.18046875 0.04375 0.02265625
7 0.26171875 0.22578125 0.0390625 0.02265625
7 0.15078125 0.15234375 0.0296875 0.02109375
7 0.2859375 0.19765625 0.025 0.01640625
7 0.9421875 0.05078125 0.090625 0.1015625
7 0.4140625 0.26015625 0.01875 0.0125
7 0.32421875 0.27421875 0.0234375 0.01484375
10 0.66171875 0.3375 0.2796875 0.675
10 0.2828125 0.38984375 0.08125 0.36640625
10 0.1703125 0.409375 0.06875 0.33984375
10 0.4 0.43671875 0.046875 0.18984375
10 0.33828125 0.43828125 0.0234375 0.13984375