11 0.17578125 0.3875 0.0578125 0.37109375
18 0.575 0.39453125 0.253125 0.26015625
5 0.54296875 0.43515625 0.0640625 0.175
12 0.890625 0.48203125 0.215625 0.28515625
15 0.4984375 0.75625 0.996875 0.48359375
7 0.52890625 0.31328125 0.0203125 0.03515625
7 0.19296875 0.19453125 0.0421875 0.02265625
7 0.73203125 0.37109375 0.0328125 0.06640625
7 0.00390625 0.15234375 0.0078125 0.09140625
7 0.57109375 0.03046875 0.0953125 0.06015625
7 0.059375 0.146875 0.071875 0.03515625
7 0.2734375 0.25078125 0.05 0.02265625
7 0.9265625 0.02109375 0.10625 0.04140625
7 0.5140625 0.50234375 0.025 0.04609375
7 0.1515625 0.22734375 0.0125 0.01640625
7 0.0875 0.1 0.034375 0.025
7 0.01953125 0.01640625 0.0390625 0.0328125
7 0.96484375 0.2 0.0234375 0.02109375
7 0.2828125 0.209375 0.025 0.01875
7 0.21484375 0.259375 0.0203125 0.01484375
10 0.4875 0.44453125 0.0375 0.18515625
10 0.44765625 0.44765625 0.0359375 0.2
10 0.31484375 0.428125 0.0671875 0.26015625
10 0.0984375 0.434375 0.040625 0.23515625