11 0.671875 0.35 0.14375 0.7
18 0.39375 0.25078125 0.446875 0.5015625
5 0.1203125 0.33984375 0.175 0.525
15 0.49921875 0.775 0.9953125 0.44140625
7 0.615625 0.22109375 0.028125 0.0625
7 0.171875 0.36484375 0.04375 0.05859375
7 0.08046875 0.38203125 0.0359375 0.06484375
7 0.74296875 0.0375 0.0078125 0.025
7 0.1859375 0.15390625 0.034375 0.0625
7 0.07578125 0.25 0.0421875 0.09609375
14 0.27890625 0.525 0.3734375 0.25390625
10 0.0609375 0.36015625 0.121875 0.64140625
10 0.85703125 0.39921875 0.2703125 0.79765625