7 0.590625 0.1875 0.63125 0.1854166671875 0.640625 0.16875 0.6265625 0.1541666671875 0.615625 0.1541666671875 0.5859375 0.1604166671875 0.578125 0.16875 0.5796875 0.18125 0.590625 0.1875
7 0.5875 0.1895833328125 0.6375 0.18125 0.6375 0.1604166671875 0.621875 0.1541666671875 0.61328125 0.1541666671875 0.5828125 0.1625 0.5765625 0.1708333328125 0.578125 0.18125 0.5875 0.1895833328125
7 0.678125 0.4 0.6734375 0.3895833328125 0.6640625 0.3895833328125 0.65 0.39375 0.646875 0.40625 0.6703125 0.41041666718750003 0.678125 0.4
7 0.390625 0.1895833328125 0.4015625 0.17916666718750002 0.4015625 0.1666666671875 0.3859375 0.15625 0.3771875 0.15625 0.3421875 0.15625 0.334375 0.16875 0.353125 0.1875 0.390625 0.1895833328125
7 0.8390625 0.49791666718750005 0.8375 0.3895833328125 0.8265625 0.3895833328125 0.815625 0.40416666718750005 0.8203125 0.49791666718750005 0.8265625 0.50625 0.8390625 0.49791666718750005
15 0 0.9979166671874999 0.6984375 0.9979166671874999 0.7015625 0.99375 0.671875 0.925 0.66875 0.8666666671875 0.6703125 0.825 0.69375 0.81875 0.6921875 0.7625 0.6875 0.7666666671875 0.6921875 0.75625 0.6921875 0.7291666671875 0.6875 0.73125 0.6921875 0.725 0.6921875 0.6166666671875001 0.6890625 0.6208333328125 0.684375 0.60625 0.6703125 0.6125 0.6453125 0.6083333328125 0.6265625 0.6104166671875 0.621875 0.6229166671875 0.6171875 0.60625 0.5984375 0.5895833328125 0.528125 0.5541666671875001 0.5109375 0.5604166671875 0.4953125 0.5333333328125 0.48125 0.5375 0.4671875 0.525 0.4125 0.525 0.4109375 0.525 0.3375 0.5395833328124999 0.246875 0.5458333328125 0.2390625 0.5625 0.2234375 0.5625 0.2203125 0.5541666671875001 0.2125 0.5604166671875 0.20625 0.5541666671875001 0.15625 0.5604166671875 0.15625 0.6354166671875 0.18125 0.6583333328125 0.1796875 0.6916666671875 0.16875 0.7145833328125 0.2140625 0.7333333328125 0.2171875 0.75625 0.2078125 0.7708333328125 0.178125 0.7791666671875 0.0828125 0.7875 0.0640625 0.7791666671875 0.059375 0.7666666671875 0.0453125 0.7666666671875 0 0.7854166671875 0 0.9979166671874999
10 0.3578125 0.5229166671875001 0.3546875 0.4604166671875 0.3640625 0.4458333328125 0.346875 0.40208333281249997 0.3453125 0.4 0.3359375 0.4291666671875 0.340625 0.5291666671875 0.3484375 0.5125 0.3578125 0.5229166671875001
10 0.5125 0.46458333281249997 0.528125 0.43958333281249995 0.5171875 0.4125 0.5125 0.4125 0.496875 0.4479166671875 0.503125 0.525 0.5125 0.5208333328125 0.5125 0.46458333281249997
10 0.2078125 0.5458333328125 0.2171875 0.5291666671875 0.2234375 0.5458333328125 0.2390625 0.5333333328125 0.246875 0.4166666671875 0.2296875 0.3791666671875 0.221875 0.3791666671875 0.2078125 0.4145833328125 0.215625 0.43541666718750005 0.215625 0.5041666671875 0.2078125 0.5458333328125
7 0.61875 0.3020833328125 0.6171875 0.3145833328125 0.6296875 0.3166666671875 0.6265625 0.3020833328125 0.61875 0.3020833328125
7 0.6375 0.0875 0.665625 0.0875 0.7046875 0.075 0.7109375 0.0645833328125 0.7046875 0.0354166671875 0.6671875 0.0270833328125 0.6609375 0.0270833328125 0.63125 0.0395833328125 0.621875 0.05208333281250001 0.621875 0.0770833328125 0.6375 0.0875
10 0 0 0 0.2520833328125 0.01875 0.32083333281250004 0.0234375 0.41875 0.00625 0.5270833328125 0.0125 0.7125 0.0015625 0.7458333328125 0.0109375 0.7604166671875 0.0359375 0.7625 0.075 0.7354166671875 0.0703125 0.7708333328125 0.090625 0.775 0.1703125 0.7708333328125 0.2078125 0.7583333328124999 0.2125 0.75 0.20625 0.7354166671875 0.1578125 0.7125 0.140625 0.6895833328125 0.1296875 0.6520833328125 0.1328125 0.5395833328124999 0.1484375 0.475 0.1484375 0.3791666671875 0.1578125 0.3020833328125 0.1515625 0.225 0.134375 0.1729166671875 0.140625 0.1666666671875 0.140625 0.1166666671875 0.13125 0 0.123046875 0 0 0
10 0.1640625 0.24583333281250003 0.1578125 0.2541666671875 0.1609375 0.3 0.15 0.3791666671875 0.1515625 0.46875 0.134375 0.5520833328125 0.1328125 0.6541666671875 0.14375 0.6833333328125 0.1578125 0.7 0.171875 0.69375 0.175 0.6645833328124999 0.1484375 0.64375 0.1421875 0.6291666671875 0.146875 0.5541666671875001 0.153125 0.5354166671875 0.16875 0.5375 0.171875 0.53125 0.1796875 0.44166666718750003 0.1890625 0.43125 0.1765625 0.275 0.1984375 0.2625 0.2078125 0.275 0.2234375 0.2770833328125 0.2328125 0.2 0.23125 0.17916666718750002 0.221875 0.1708333328125 0.2140625 0.1770833328125 0.1984375 0.054166667187499996 0.1765625 0.0083333328125 0.171875 0.0083333328125 0.15 0.0166666671875 0.1359375 0.0333333328125 0.1453125 0.20625 0.1640625 0.24583333281250003
7 0.3546875 0.3708333328125 0.3453125 0.3479166671875 0.3390625 0.3479166671875 0.3546875 0.3708333328125