14 0.471875 0.45 0.46875 0.5625 0.5 0.5479166671875 0.49375 0.4875 0.5 0.4166666671875 0.49375 0.4 0.4838541671875 0.4 0.45 0.40625 0.453125 0.41875 0.4765625 0.44166666718750003 0.471875 0.45
5 0.48125 0.27291666718749996 0.4859375 0.2854166671875 0.5015625 0.28125 0.5359375 0.3479166671875 0.5375 0.3791666671875 0.5265625 0.45416666718750004 0.528125 0.5 0.5328125 0.475 0.55625 0.48125 0.5625 0.49791666718750005 0.5625 0.5375 0.5734375 0.54375 0.6390625 0.5354166671875 0.6421875 0.5291666671875 0.65 0.5375 0.65625 0.53125 0.74375 0.5354166671875 0.753125 0.48125 0.7484375 0.4458333328125 0.7515625 0.40416666718750005 0.7359375 0.3333333328125 0.7390625 0.3145833328125 0.73125 0.30416666718749996 0.7671875 0.22291666718749997 0.7890625 0.22291666718749997 0.8015625 0.2375 0.8015625 0.2791666671875 0.8171875 0.32083333281250004 0.81875 0.3625 0.8109375 0.3708333328125 0.8125 0.3895833328125 0.8203125 0.40416666718750005 0.8390625 0.40416666718750005 0.84375 0.14791666718750002 0.8421875 0.1375 0.834375 0.1354166671875 0.8328125 0.13333333281249998 0.7953125 0.14375 0.465625 0.18125 0.465625 0.2666666671875 0.48125 0.27291666718749996
10 0.4953125 0.4895833328125 0.5046875 0.5520833328125 0.5 0.5625 0.5078125 0.5625 0.5265625 0.5520833328125 0.5234375 0.45416666718750004 0.5359375 0.3604166671875 0.525 0.325 0.5109375 0.3125 0.50625 0.2916666671875 0.496875 0.2833333328125 0.49375 0.2833333328125 0.484375 0.29375 0.484375 0.30625 0.5046875 0.3333333328125 0.4953125 0.4895833328125
10 0.2640625 0.3395833328125 0.271875 0.35208333281250004 0.271875 0.3729166671875 0.2625 0.43958333281249995 0.2625 0.5791666671875 0.2484375 0.59375 0.2328125 0.5958333328125 0.2359375 0.6041666671875 0.2546875 0.6104166671875 0.2796875 0.6041666671875 0.278125 0.5791666671875 0.29375 0.4604166671875 0.309375 0.5291666671875 0.3125 0.575 0.2953125 0.60625 0.3140625 0.6104166671875 0.328125 0.6041666671875 0.325 0.48333333281249996 0.340625 0.40208333281249997 0.3328125 0.34375 0.353125 0.3333333328125 0.3390625 0.25833333281250004 0.3234375 0.23958333281250002 0.30625 0.1854166671875 0.2875 0.1729166671875 0.2828125 0.1729166671875 0.271875 0.1833333328125 0.2796875 0.23958333281250002 0.265625 0.2770833328125 0.2640625 0.3395833328125
10 0.4234375 0.43541666718750005 0.434375 0.39791666718749996 0.4328125 0.36875 0.4203125 0.34375 0.415625 0.3145833328125 0.4078125 0.3145833328125 0.403125 0.3458333328125 0.3875 0.3645833328125 0.3921875 0.43541666718750005 0.4234375 0.43541666718750005
10 0.746875 0.3875 0.753125 0.4 0.7484375 0.5916666671875 0.7515625 0.6041666671875 0.7609375 0.60625 0.7671875 0.6020833328124999 0.7609375 0.55625 0.7796875 0.45625 0.7875 0.4583333328125 0.7890625 0.5916666671875 0.8 0.5958333328125 0.8140625 0.42291666718750004 0.83125 0.42291666718750004 0.840625 0.43541666718750005 0.853125 0.43541666718750005 0.8578125 0.4270833328125 0.8515625 0.4125 0.8140625 0.4 0.809375 0.3708333328125 0.8171875 0.36875 0.815625 0.31875 0.809375 0.2916666671875 0.7984375 0.2770833328125 0.8015625 0.24375 0.79375 0.2270833328125 0.7765625 0.22291666718749997 0.7703125 0.22291666718749997 0.7359375 0.3 0.7375 0.33541666718749996 0.746875 0.35625 0.746875 0.3875
15 0 0.9979166671874999 0.9984375 0.9979166671874999 0.9984375 0.6354166671875 0.9765625 0.6208333328125 0.971875 0.5666666671875 0.9546875 0.5583333328125 0.8984375 0.55625 0.8859375 0.5625 0.86875 0.5583333328125 0.8640625 0.56875 0.8609375 0.5604166671875 0.853125 0.5645833328125 0.8390625 0.55 0.8265625 0.55 0.8296875 0.54375 0.8140625 0.5416666671875 0.80625 0.5645833328125 0.8109375 0.5895833328125 0.803125 0.6020833328124999 0.79375 0.6020833328124999 0.790625 0.6125 0.78125 0.5895833328125 0.7859375 0.5666666671875 0.78125 0.54375 0.76875 0.5416666671875 0.7734375 0.6020833328124999 0.7625 0.6166666671875001 0.746875 0.61875 0.7390625 0.5458333328125 0.69375 0.5395833328124999 0.684375 0.5395833328124999 0.665625 0.5395833328124999 0.653125 0.55625 0.540625 0.5625 0.5234375 0.5770833328125 0.4234375 0.5729166671875 0.3890625 0.5916666671875 0.3453125 0.59375 0.3421875 0.6208333328125 0.334375 0.625 0.2421875 0.625 0.24375 0.6145833328125 0.2 0.5958333328125 0.184375 0.6166666671875001 0.175 0.6083333328125 0.140625 0.60625 0.1390625 0.6208333328125 0.125 0.6270833328125 0 0.6270833328125 0 0.9979166671874999
10 0.0640625 0.5104166671875 0.0625 0.5104166671875 0.0546875 0.5583333328125 0.05625 0.6145833328125 0.075 0.5979166671875 0.0640625 0.5104166671875
10 0 0.6145833328125 0.0203125 0.6166666671875001 0.04375 0.6083333328125 0.04375 0.5958333328125 0.0359375 0.59375 0.034375 0.58125 0.0359375 0.525 0.040625 0.51875 0.0484375 0.5416666671875 0.05 0.5083333328124999 0.0734375 0.45416666718750004 0.0859375 0.40625 0.0859375 0.38125 0.075 0.3583333328125 0.0015625 0.28958333281250004 0 0.28958333281250004 0 0.3583333328125 0.0171875 0.3854166671875 0.009375 0.4604166671875 0.0140625 0.5895833328125 0 0.6020833328124999 0 0.6145833328125
14 0.2890625 0.525 0.2859375 0.525 0.28125 0.5833333328125 0.30625 0.5854166671875001 0.309375 0.5708333328124999 0.2890625 0.525
10 0.2943605640625 0.46878039843749997 0.29375 0.475 0.2890625 0.50625 0.2953125 0.5354166671875 0.30129689531250003 0.4988378328125 0.2943605640625 0.46878039843749997
10 0.34638304999999997 0.5531724296875 0.35071825625 0.5705132578125001 0.3566835203125 0.56875 0.3613710203125 0.575 0.3879335203125 0.575 0.3894960203125 0.5645833328125 0.3691835203125 0.5604166671875 0.3613710203125 0.5270833328125 0.3504335203125 0.44375 0.35512102031250004 0.38125 0.3457460203125 0.3416666671875 0.3356255984375 0.34559467499999996 0.3426210203125 0.4 0.32860870000000003 0.47051447968750004 0.33467799062500003 0.47513870156250004 0.34638304999999997 0.5531724296875
4 0.46875 0.5520833328125 0.4734375 0.44166666718750003 0.45 0.45208333281249996 0.39375 0.43541666718750005 0.3796875 0.43541666718750005 0.353125 0.4375 0.3609375 0.5166666671875 0.371875 0.5583333328125 0.46875 0.5520833328125
14 0.225 0.49791666718750005 0.215625 0.54375 0.190625 0.5833333328125 0.1921875 0.5916666671875 0.2453125 0.5916666671875 0.2609375 0.575 0.2609375 0.4270833328125 0.2703125 0.3729166671875 0.265625 0.35208333281250004 0.2578125 0.35208333281250004 0.20625 0.3541666671875 0.2 0.3604166671875 0.221875 0.425 0.225 0.49791666718750005
14 0.05198059687499999 0.5007110515625001 0.048267696875 0.6251815953125 0.05198059687499999 0.6301321296875 0.059406395312500006 0.5070760234375 0.108734921875 0.5099049 0.108734921875 0.6124516546875001 0.11244782187499999 0.6131588734375 0.11350865000000002 0.6032578078124999 0.11191740624999999 0.5070760234375 0.12358652031249999 0.6216455015625 0.1288906625 0.6223527203125 0.121995278125 0.5099049 0.17238463125 0.5113193375 0.1898883015625 0.6159877500000001 0.1925403734375 0.6145733124999999 0.177158359375 0.5070760234375 0.1824625015625 0.40877258281250006 0.1296875 0.40416666718750005 0.121875 0.40416666718750005 0.1125 0.43958333281249995 0.1109375 0.49583333281249997 0.05198059687499999 0.5007110515625001
11 0.0921875 0 0.0953125 0.39375 0.10625 0.425 0.1147815203125 0.43052731718750004 0.120578565625 0.4011556140625 0.183766371875 0.40579325156249996 0.1791287359375 0.5132318453125 0.1890625 0.5791666671875 0.20625 0.5541666671875001 0.20625 0.3916666671875 0.1953125 0.3604166671875 0.203125 0.35 0.1984375 0.3229166671875 0.203125 0.21875 0.2 0.0354166671875 0.1640625 0 0.15607638906250001 0 0.0921875 0
11 0.1 0.45416666718750004 0.0984375 0.45416666718750004 0.0984375 0.49583333281249997 0.10625 0.49583333281249997 0.1109375 0.46875 0.1 0.45416666718750004
11 0.0984375 0.5125 0.0984375 0.5625 0.1125 0.575 0.1078125 0.5125 0.0984375 0.5125
11 0.178125 0.58125 0.1843460765625 0.5820234640625 0.1703125 0.5125 0.1234375 0.5083333328124999 0.121875 0.5083333328124999 0.125 0.5729166671875 0.1484375 0.575 0.16875 0.575 0.178125 0.58125
5 0.7828125 0.45625 0.7703125 0.53125 0.7859375 0.5291666671875 0.7828125 0.4604166671875 0.7828125 0.45625
5 0.496875 0.3270833328125 0.4875 0.325 0.4859375 0.325 0.4859375 0.3875 0.4953125 0.3875 0.5015625 0.3395833328125 0.496875 0.3270833328125
5 0.840625 0.4375 0.825 0.42291666718750004 0.8171875 0.42291666718750004 0.809375 0.5291666671875 0.8359375 0.53125 0.8421875 0.5291666671875 0.840625 0.4375
11 0.878125 0 0.8453125 0.0041666671875 0.85 0.38333333281250004 0.85625 0.41875 0.85 0.4458333328125 0.8484375 0.55 0.875 0.55625 0.8828125 0.5541666671875001 0.890625 0.5354166671875 0.8859375 0 0.878125 0
12 0.9859375 0.6208333328125 0.996875 0.6354166671875 0.9984375 0.31875 0.996875 0.31875 0.971875 0.3416666671875 0.9765625 0.5791666671875 0.984375 0.59375 0.9859375 0.6208333328125
7 0.625 0.25625 0.5890625 0.2125 0.5859375 0.2125 0.5828125 0.2270833328125 0.615625 0.2666666671875 0.6265625 0.26875 0.625 0.25625
7 0 0.11875 0.01875 0.1166666671875 0.021875 0.1020833328125 0.0015625 0.0895833328125 0 0.0895833328125 0 0.11875
7 0.2046875 0.13125 0.2 0.13125 0.2 0.15 0.20625 0.1541666671875 0.2125 0.1375 0.2046875 0.13125