5 0.3875 0.5208333328125 0.4390625 0.5125 0.4375 0.34375 0.4290178578125 0.34375 0.378125 0.34375 0.3765625 0.47291666718750003 0.3859375 0.4895833328125 0.3875 0.5208333328125
15 0 0.9979166671874999 0.9828125 0.99375 0.9625 0.95625 0.9625 0.9375 0.953125 0.9479166671874999 0.9375 0.9458333328125 0.9359375 0.9375 0.94375 0.9333333328125001 0.9265625 0.925 0.93125 0.9145833328125 0.934375 0.9208333328125 0.934375 0.90625 0.921875 0.9145833328125 0.915625 0.9041666671874999 0.91875 0.8916666671875 0.9078125 0.8875 0.9125 0.8916666671875 0.90625 0.8958333328125001 0.89375 0.88125 0.8984375 0.8916666671875 0.8921875 0.89375 0.875 0.88125 0.8765625 0.8729166671874999 0.903125 0.875 0.88125 0.8666666671875 0.8703125 0.8708333328125001 0.8453125 0.8541666671874999 0.8109375 0.8145833328125001 0.8046875 0.7916666671875 0.7890625 0.7854166671875 0.7765625 0.7604166671875 0.7515625 0.7416666671875001 0.75 0.7291666671875 0.7234375 0.7041666671875 0.7265625 0.7 0.671875 0.6458333328125 0.6515625 0.6083333328125 0.6140625 0.5625 0.60625 0.53125 0.575 0.5395833328124999 0.546875 0.525 0.5390625 0.525 0.3875 0.5333333328125 0.275 0.5458333328125 0.2703125 0.5520833328125 0.2125 0.55 0.2015625 0.5625 0.1859375 0.5541666671875001 0.1625 0.5666666671875 0.1421875 0.5583333328125 0.121875 0.56875 0.09375 0.5625 0.075 0.5895833328125 0.0671875 0.5854166671875001 0.0625 0.59375 0.0484375 0.59375 0.04375 0.5833333328125 0.040625 0.5895833328125 0.01875 0.5875 0 0.5958333328125 0 0.9979166671874999
12 0.98993055625 0 0.915625 0.0041666671875 0.8765625 0.058333332812500006 0.8859375 0.0625 0.8828125 0.06875 0.8765625 0.07291666718749999 0.871875 0.0666666671875 0.8421875 0.10833333281249999 0.84375 0.1208333328125 0.8296875 0.125 0.796875 0.16875 0.7515625 0.23333333281250002 0.7484375 0.23958333281250002 0.753125 0.24375 0.7296875 0.2625 0.7046875 0.2979166671875 0.703125 0.3104166671875 0.6734375 0.3395833328125 0.6640625 0.3625 0.6265625 0.3916666671875 0.615625 0.42083333281249996 0.6171875 0.43541666718750005 0.621875 0.43541666718750005 0.6234375 0.42291666718750004 0.6375 0.41875 0.65 0.39375 0.665625 0.3916666671875 0.6640625 0.40625 0.6578125 0.40625 0.6578125 0.4145833328125 0.6640625 0.4145833328125 0.6578125 0.43333333281249997 0.6671875 0.43958333281249995 0.6671875 0.45416666718750004 0.6515625 0.48541666718750004 0.6640625 0.5041666671875 0.653125 0.5083333328124999 0.6546875 0.5145833328125 0.6375 0.5145833328125 0.6359375 0.5020833328125 0.621875 0.5 0.61875 0.54375 0.625 0.5479166671875 0.625 0.5666666671875 0.646875 0.56875 0.6421875 0.5833333328125 0.6546875 0.59375 0.6609375 0.6145833328125 0.6765625 0.6291666671875 0.68125 0.625 0.6859375 0.6458333328125 0.715625 0.65625 0.7375 0.6854166671875 0.7515625 0.6854166671875 0.7515625 0.6645833328124999 0.759375 0.6625 0.80625 0.7020833328125 0.8046875 0.7479166671875 0.825 0.8020833328125001 0.828125 0.7791666671875 0.8328125 0.78125 0.834375 0.7354166671875 0.8421875 0.7333333328125 0.96875 0.8416666671874999 0.9703125 0.9416666671874999 0.978125 0.975 0.99375 0.9895833328125001 0.9984375 0.9895833328125001 0.99375 0.9875 0.9984375 0.9833333328125 0.9984375 0 0.98993055625 0
7 0.1265625 0.24375 0.1296875 0.22916666718749998 0.1171875 0.22291666718749997 0.109375 0.22291666718749997 0.0875 0.225 0.0859375 0.23333333281250002 0.096875 0.2416666671875 0.1265625 0.24375
5 0.45 0.5166666671875 0.503125 0.5125 0.50625 0.3604166671875 0.5015625 0.34375 0.5 0.34375 0.4453125 0.3458333328125 0.4421875 0.35208333281250004 0.4421875 0.5020833328125 0.45 0.5166666671875
7 0.3984375 0.2875 0.39375 0.2875 0.39375 0.3 0.4203125 0.325 0.421875 0.3166666671875 0.3984375 0.2875
7 0.3625 0 0.3609375 0.0125 0.3765625 0.03125 0.4234375 0.0416666671875 0.4515625 0.03125 0.4578125 0.0229166671875 0.45625 0 0.4484375 0 0.3625 0
7 0.7953125 0.2854166671875 0.7625 0.31875 0.784375 0.3125 0.803125 0.2854166671875 0.7953125 0.2854166671875
7 0.1078125 0.18125 0.09375 0.18125 0.090625 0.19375 0.1109375 0.1979166671875 0.115625 0.1875 0.1078125 0.18125
7 0.7171875 0 0.7171875 0.014583332812499999 0.734375 0.029166667187500002 0.7671875 0.03125 0.8046875 0.01875 0.81875 0 0.8109375 0 0.7171875 0
7 0.496875 0.2104166671875 0.4953125 0.225 0.5078125 0.225 0.509375 0.2104166671875 0.496875 0.2104166671875
10 0.109375 0.4270833328125 0.11875 0.41041666718750003 0.1234375 0.4166666671875 0.128125 0.5354166671875 0.1328125 0.5458333328125 0.1421875 0.5354166671875 0.1453125 0.4583333328125 0.1609375 0.55 0.171875 0.54375 0.1640625 0.3958333328125 0.16875 0.35208333281250004 0.134375 0.3083333328125 0.125 0.3083333328125 0.11875 0.3229166671875 0.121875 0.3395833328125 0.1140625 0.3645833328125 0.109375 0.4270833328125
10 0.33125 0.4 0.3140625 0.4458333328125 0.33125 0.45416666718750004 0.340625 0.49791666718750005 0.3375 0.5270833328125 0.35 0.5291666671875 0.3546875 0.3916666671875 0.3234375 0.35625 0.3203125 0.35625 0.3171875 0.3729166671875 0.325 0.38125 0.33125 0.3770833328125 0.33125 0.4
10 0.0765625 0.5291666671875 0.078125 0.5541666671875001 0.0859375 0.5479166671875 0.084375 0.5270833328125 0.0953125 0.46666666718750005 0.0953125 0.45625 0.0765625 0.4625 0.0796875 0.49375 0.06875 0.525 0.0765625 0.5291666671875
10 0 0.5729166671875 0.0265625 0.575 0.025 0.5645833328125 0.00625 0.5541666671875001 0.0125 0.49791666718750005 0.034375 0.5395833328124999 0.040625 0.55625 0.0375 0.5645833328125 0.0453125 0.575 0.0625 0.5729166671875 0.075 0.56875 0.0765625 0.5583333328125 0.053125 0.5479166671875 0.0421875 0.5270833328125 0.025 0.41041666718750003 0.0234375 0.34375 0.0515625 0.3375 0.0515625 0.31875 0.0421875 0.27291666718749996 0.0328125 0.2708333328125 0.0375 0.30416666718749996 0.03125 0.30416666718749996 0.025 0.2625 0.0109375 0.2520833328125 0 0.2520833328125 0 0.5729166671875
10 0.065625 0.46875 0.0640625 0.46666666718750005 0.0625 0.5083333328124999 0.06875 0.5125 0.071875 0.46875 0.065625 0.46875
10 0.0546875 0.36666666718749996 0.05625 0.44166666718750003 0.0828125 0.44375 0.1 0.43541666718750005 0.1109375 0.3604166671875 0.0953125 0.34375 0.0984375 0.3125 0.090625 0.3083333328125 0.0890625 0.3083333328125 0.0828125 0.3145833328125 0.08125 0.3375 0.0640625 0.3458333328125 0.0546875 0.36666666718749996
10 0.296875 0.3729166671875 0.2890625 0.3729166671875 0.275 0.4270833328125 0.2984375 0.43958333281249995 0.3078125 0.4145833328125 0.296875 0.3729166671875
14 0.2078125 0.5416666671875 0.2734375 0.5395833328124999 0.253125 0.4916666671875 0.253125 0.4458333328125 0.265625 0.4125 0.2421875 0.40833333281249995 0.2375 0.40833333281249995 0.21875 0.4583333328125 0.2171875 0.5083333328124999 0.2046875 0.53125 0.2078125 0.5416666671875
10 0.16875 0.48125 0.1734375 0.4895833328125 0.1984375 0.48333333281249996 0.2265625 0.43958333281249995 0.23125 0.41875 0.228125 0.3854166671875 0.2140625 0.3854166671875 0.203125 0.40833333281249995 0.2046875 0.42291666718750004 0.171875 0.45625 0.16875 0.48125
11 0.1625 0.32083333281250004 0.1796875 0.3291666671875 0.175 0.3604166671875 0.18125 0.3770833328125 0.1703125 0.4 0.1765625 0.44166666718750003 0.1890625 0.43541666718750005 0.1953125 0.41875 0.190625 0.3541666671875 0.1953125 0.21458333281250003 0.1796875 0.20416666718749998 0.178125 0.14791666718750002 0.1703125 0.14791666718750002 0.1296875 0.15 0.1296875 0.3020833328125 0.153125 0.3270833328125 0.1625 0.32083333281250004