11 0.82109375 0.46171875 0.1546875 0.30625
18 0.0921875 0.30390625 0.184375 0.6078125
5 0.484375 0.36015625 0.14375 0.46640625
15 0.49921875 0.78359375 0.9984375 0.42890625
7 0.38125 0.35703125 0.025 0.06875
7 0.50703125 0.18203125 0.0421875 0.03515625
7 0.4859375 0.32734375 0.084375 0.1
7 0.4671875 0.34609375 0.0375 0.0625
7 0.625 0.309375 0.034375 0.04765625
7 0.0953125 0.35390625 0.03125 0.075
7 0.66171875 0.18671875 0.0453125 0.03125
10 0.14375 0.378125 0.165625 0.53125
10 0.6828125 0.39609375 0.09375 0.41640625
10 0.32109375 0.36796875 0.1234375 0.54375
10 0.9421875 0.35390625 0.1125 0.55859375
10 0.79765625 0.38671875 0.0828125 0.35625