5 0.28515625 0.47265625 0.294921875 0.48046875 0.294921875 0.50390625 0.2978515625 0.5104166671875 0.337890625 0.5091145828125 0.341796875 0.3606770828125 0.3388671875 0.3541666671875 0.2861328125 0.3541666671875 0.28515625 0.47265625
10 0.08203125 0.4934895828125 0.083984375 0.4049479171875 0.08984375 0.3841145828125 0.076171875 0.3424479171875 0.07421875 0.3138020828125 0.0615234375 0.3046875 0.041015625 0.3372395828125 0.03125 0.3815104171875 0.044921875 0.3919270828125 0.046875 0.43359375 0.05859375 0.46484375 0.05859375 0.5481770828125 0.072265625 0.55078125 0.0966796875 0.546875 0.099609375 0.5377604171875 0.083984375 0.51953125 0.08203125 0.4934895828125
7 0.0361328125 0.2630208328125 0.068359375 0.26171875 0.072265625 0.25390625 0.0556640625 0.24479166718749998 0.0234375 0.2513020828125 0.0361328125 0.2630208328125
12 0.50390625 0.4283854171875 0.501953125 0.50390625 0.5068359375 0.5260416671875 0.7158203125 0.6380208328125 0.80078125 0.63671875 1 0.6315104171875 0.9990234375 0.2421875 0.7216796875 0.23958333281250002 0.50390625 0.4283854171875
15 1 0.6940104171875 0.9951171875 0.6901041671875 0.9208984375 0.6953125 0.9111328125 0.703125 0.7705078125 0.7083333328125 0.7255859375 0.6796875 0.7197265625 0.7005208328125 0.7119140625 0.6796875 0.6787109375 0.671875 0.6689453125 0.6588541671875 0.6591796875 0.6614583328125 0.6494140625 0.6484375 0.5458984375 0.5807291671875 0.4951171875 0.5364583328125 0.4892578125 0.5182291671875 0.4599609375 0.5234375 0.4365234375 0.5130208328125 0.3505859375 0.515625 0.2392578125 0.5260416671875 0.2119140625 0.5364583328125 0.1181640625 0.5364583328125 0.0791015625 0.5572916671875 0 0.5559895828125 0.0029296875 0.9973958328125001 1 0.99609375 1 0.6940104171875
7 0.58203125 0.08463541718749999 0.58203125 0.1002604171875 0.5927734375 0.109375 0.63671875 0.1106770828125 0.662109375 0.09505208281250001 0.6533203125 0.0703125 0.6044921875 0.06770833281250001 0.58203125 0.08463541718749999
10 0.23828125 0.3815104171875 0.251953125 0.39453125 0.251953125 0.4466145828125 0.259765625 0.4908854171875 0.255859375 0.51953125 0.267578125 0.51953125 0.2734375 0.3997395828125 0.2607421875 0.3802083328125 0.2431640625 0.3697916671875 0.23828125 0.3815104171875
7 0.294921875 0.3138020828125 0.31640625 0.3346354171875 0.318359375 0.32421875 0.3037109375 0.3046875 0.2958984375 0.3046875 0.294921875 0.3138020828125
7 0.9052734375 0.08333333281250001 0.8818359375 0.09114583281250001 0.87109375 0.10546875 0.8798828125 0.1197916671875 0.912109375 0.12109375 0.9423828125 0.1145833328125 0.953125 0.09765625 0.9345703125 0.08333333281250001 0.9052734375 0.08333333281250001
7 0.2978515625 0.05729166718749999 0.283203125 0.07421875 0.3017578125 0.09635416718749999 0.357421875 0.09765625 0.3671875 0.08984375 0.3671875 0.07421875 0.3447265625 0.05989583281250001 0.2978515625 0.05729166718749999
7 0.064453125 0.22786458281250002 0.0634765625 0.21614583281250002 0.041015625 0.21744791718749998 0.0458984375 0.22916666718749998 0.064453125 0.22786458281250002
10 0.158203125 0.4830729171875 0.16015625 0.4674479171875 0.173828125 0.4544270828125 0.1796875 0.4361979171875 0.1708984375 0.4036458328125 0.150390625 0.4153645828125 0.16015625 0.43359375 0.1572265625 0.4453125 0.1455078125 0.4453125 0.1337890625 0.4635416671875 0.1083984375 0.4713541671875 0.09765625 0.4830729171875 0.091796875 0.5169270828125 0.09765625 0.52734375 0.1103515625 0.4947916671875 0.1220703125 0.5130208328125 0.1240234375 0.4869791671875 0.158203125 0.4830729171875
10 0.5048828125 0.3802083328125 0.498046875 0.3815104171875 0.498046875 0.39453125 0.482421875 0.4153645828125 0.486328125 0.4544270828125 0.49609375 0.4778645828125 0.49609375 0.4309895828125 0.515625 0.41015625 0.505859375 0.3971354171875 0.5048828125 0.3802083328125
14 0.205078125 0.4205729171875 0.1865234375 0.4166666671875 0.1796875 0.4466145828125 0.1640625 0.46484375 0.162109375 0.5013020828125 0.1484375 0.5299479171875 0.203125 0.5299479171875 0.212890625 0.5247395828125 0.197265625 0.48828125 0.197265625 0.4440104171875 0.205078125 0.4205729171875
10 0.1826171875 0.3619791671875 0.16796875 0.3841145828125 0.16796875 0.3997395828125 0.1826171875 0.4036458328125 0.1884765625 0.4166666671875 0.201171875 0.4153645828125 0.19921875 0.38671875 0.19140625 0.37890625 0.19140625 0.3658854171875 0.1826171875 0.3619791671875
10 0.2138671875 0.3802083328125 0.203125 0.40234375 0.208984375 0.4231770828125 0.19921875 0.4440104171875 0.216796875 0.44921875 0.2265625 0.4440104171875 0.23046875 0.4283854171875 0.2197265625 0.3802083328125 0.2138671875 0.3802083328125
14 0.0302734375 0.3880208328125 0.0009765625 0.3880208328125 0 0.5455729171875 0.041015625 0.5481770828125 0.05859375 0.5403645828125 0.044921875 0.48828125 0.044921875 0.3971354171875 0.0302734375 0.3880208328125
11 0.107421875 0.37890625 0.1123046875 0.3411458328125 0.1337890625 0.3489583328125 0.142578125 0.3424479171875 0.14453125 0.25390625 0.134765625 0.24088541718749998 0.13671875 0.1966145828125 0.0908203125 0.1901041671875 0.0859375 0.20182291718749998 0.083984375 0.3528645828125 0.091796875 0.39453125 0.0859375 0.41015625 0.0966796875 0.4140625 0.1201171875 0.4010416671875 0.11328125 0.4153645828125 0.1171875 0.4466145828125 0.138671875 0.44921875 0.142578125 0.3893229171875 0.1357421875 0.3828125 0.1201171875 0.3880208328125 0.107421875 0.37890625