15 0.60625 0.6354166671875 0.6125 0.6583333328125 0.6046875 0.6770833328125 0.584375 0.6875 0.55 0.6854166671875 0.53125 0.6729166671875 0.53125 0.59375 0.5375 0.5833333328125 0.5328125 0.5729166671875 0.5109375 0.5708333328124999 0.5046875 0.6229166671875 0.5171875 0.6625 0.528125 0.6770833328125 0.5265625 0.6895833328125 0.490625 0.7020833328125 0.475 0.7020833328125 0.4640625 0.6833333328125 0.46875 0.625 0.4640625 0.58125 0.4546875 0.575 0.3625 0.5854166671875001 0.34375 0.6083333328125 0.3015625 0.6104166671875 0.2375 0.5958333328125 0.23125 0.60625 0.1859375 0.6 0.178125 0.6166666671875001 0.1640625 0.60625 0.1546875 0.625 0.115625 0.6125 0.1046875 0.6229166671875 0.0984375 0.6104166671875 0.0828125 0.6083333328125 0.009375 0.6229166671875 0.003125 0.6166666671875001 0 0.9979166671874999 0.9984375 0.9979166671874999 0.9984375 0.7666666671875 0.984375 0.75 0.9859375 0.7395833328125 0.9984375 0.75 0.9984375 0.6708333328125 0.9859375 0.6520833328125 0.975 0.6520833328125 0.9703125 0.64375 0.971875 0.6520833328125 0.9609375 0.6479166671875001 0.9625 0.6375 0.9703125 0.6375 0.9484375 0.6104166671875 0.9546875 0.60625 0.9453125 0.5958333328125 0.95 0.5895833328125 0.934375 0.5979166671875 0.93125 0.58125 0.915625 0.575 0.9078125 0.58125 0.8921875 0.5645833328125 0.8609375 0.5645833328125 0.8390625 0.54375 0.815625 0.54375 0.8140625 0.5416666671875 0.5890625 0.5625 0.5796875 0.6145833328125 0.5984375 0.6375 0.60625 0.6354166671875
7 0.06875 0.13333333281249998 0.065625 0.11875 0.040625 0.11041666718750001 0.028125 0.11041666718750001 0.015625 0.1208333328125 0.025 0.1354166671875 0.05625 0.1416666671875 0.06875 0.13333333281249998
7 0.14375 0.054166667187499996 0.1390625 0.054166667187499996 0.1328125 0.060416667187499995 0.1375 0.075 0.1453125 0.07083333281250001 0.14375 0.054166667187499996
5 0.7484375 0.5354166671875 0.846875 0.5270833328125 0.846875 0.2666666671875 0.8421875 0.2666666671875 0.6703125 0.29375 0.665625 0.4375 0.671875 0.53125 0.7484375 0.5354166671875
7 0.7765625 0.2604166671875 0.78125 0.24583333281250003 0.7640625 0.23958333281250002 0.7625 0.2375 0.73125 0.24583333281250003 0.73125 0.2625 0.7640625 0.2666666671875 0.7765625 0.2604166671875
7 0 0.0645833328125 0.0296875 0.06875 0.040625 0.060416667187499995 0.0375 0.04375 0.0078125 0.03125 0 0.03125 0 0.0645833328125
7 0.7640625 0.07083333281250001 0.7609375 0.07083333281250001 0.7453125 0.075 0.7421875 0.0958333328125 0.7640625 0.09375 0.7640625 0.07083333281250001
10 0.49375 0 0.478125 0.0895833328125 0.4859375 0.0979166671875 0.4953125 0.09375 0.5015625 0.10625 0.5296875 0.11041666718750001 0.53125 0.1375 0.5390625 0.1416666671875 0.5375 0.2 0.5515625 0.20416666718749998 0.55 0.21458333281250003 0.5359375 0.2270833328125 0.5390625 0.23958333281250002 0.5328125 0.24583333281250003 0.5265625 0.2854166671875 0.50625 0.3020833328125 0.48125 0.3083333328125 0.465625 0.3 0.4609375 0.3104166671875 0.4609375 0.3791666671875 0.48125 0.4770833328125 0.4671875 0.5458333328125 0.4765625 0.6375 0.46875 0.6854166671875 0.478125 0.69375 0.521875 0.6833333328125 0.5 0.64375 0.5 0.6020833328124999 0.525 0.4166666671875 0.54375 0.4479166671875 0.5546875 0.4916666671875 0.5421875 0.5479166671875 0.5359375 0.66875 0.55 0.6791666671875001 0.584375 0.68125 0.6 0.6729166671875 0.6078125 0.65625 0.60625 0.6479166671875001 0.575 0.6291666671875 0.5703125 0.6020833328124999 0.5828125 0.5395833328124999 0.5875 0.41041666718750003 0.5734375 0.325 0.575 0.28958333281250004 0.5625 0.25625 0.5640625 0.225 0.578125 0.2770833328125 0.5921875 0.3 0.596875 0.3479166671875 0.615625 0.35208333281250004 0.61875 0.33541666718749996 0.5890625 0.2 0.5828125 0.12291666718750001 0.5578125 0.0875 0.559375 0.05208333281250001 0.553125 0.0166666671875 0.54375 0 0.5354166671875 0 0.49375 0
10 0.8953125 0.35625 0.8921875 0.4270833328125 0.8953125 0.43958333281249995 0.903125 0.43333333281249997 0.909375 0.44375 0.915625 0.47083333281249995 0.9046875 0.5625 0.9234375 0.56875 0.9234375 0.5541666671875001 0.934375 0.5333333328125 0.9484375 0.5729166671875 0.9578125 0.5645833328125 0.959375 0.55 0.95 0.5354166671875 0.9421875 0.4895833328125 0.953125 0.45208333281249996 0.9609375 0.3729166671875 0.953125 0.3375 0.940625 0.325 0.94375 0.2916666671875 0.9359375 0.2875 0.934375 0.2875 0.9265625 0.2958333328125 0.9265625 0.32083333281250004 0.890625 0.3479166671875 0.8953125 0.35625
10 0.2875 0.38125 0.290625 0.3875 0.284375 0.46458333281249997 0.303125 0.5729166671875 0.2984375 0.5895833328125 0.3046875 0.5916666671875 0.2984375 0.59375 0.334375 0.5979166671875 0.35 0.5833333328125 0.3359375 0.49375 0.34375 0.41875 0.340625 0.3604166671875 0.3484375 0.3083333328125 0.3203125 0.22291666718749997 0.3140625 0.21875 0.30625 0.21875 0.2984375 0.23125 0.29375 0.3375 0.275 0.38333333281250004 0.2875 0.38125
10 0.0453125 0.51875 0.05 0.46666666718750005 0.0375 0.4625 0.0359375 0.4625 0.0265625 0.46875 0.028125 0.5541666671875001 0.040625 0.5458333328125 0.0453125 0.51875
10 0 0.5395833328124999 0.00625 0.55625 0.003125 0.5916666671875 0.0078125 0.6020833328124999 0.0203125 0.5833333328125 0.009375 0.49791666718750005 0.0171875 0.46875 0.0109375 0.46875 0.009375 0.46666666718750005 0 0.46875 0 0.5395833328124999
10 0 0.41041666718750003 0.04375 0.41041666718750003 0.0484375 0.4270833328125 0.0546875 0.4270833328125 0.0578125 0.36875 0.0703125 0.35625 0.071875 0.3 0.0640625 0.2791666671875 0.040625 0.2645833328125 0.0375 0.2166666671875 0.025 0.20625 0.0234375 0.20625 0.0078125 0.2208333328125 0.015625 0.2604166671875 0 0.26875 0 0.41041666718750003
10 0.346875 0.3854166671875 0.359375 0.39791666718749996 0.3578125 0.43541666718750005 0.3703125 0.55625 0.3875 0.575 0.3953125 0.5645833328125 0.403125 0.5666666671875 0.403125 0.44166666718750003 0.4125 0.43125 0.4046875 0.375 0.4078125 0.36875 0.41875 0.39375 0.4390625 0.3875 0.425 0.38125 0.4109375 0.325 0.39375 0.3125 0.39375 0.2854166671875 0.3875 0.2791666671875 0.3828125 0.2791666671875 0.3765625 0.3083333328125 0.35625 0.325 0.346875 0.3479166671875 0.346875 0.3854166671875
10 0.1765625 0.3916666671875 0.1625 0.41875 0.140625 0.4291666671875 0.146875 0.4375 0.1421875 0.45208333281249996 0.1109375 0.4604166671875 0.0765625 0.48333333281249996 0.05625 0.575 0.0625 0.5916666671875 0.0734375 0.5875 0.071875 0.575 0.090625 0.5145833328125 0.0953125 0.5083333328124999 0.1078125 0.5145833328125 0.1140625 0.5041666671875 0.1140625 0.5291666671875 0.1359375 0.56875 0.134375 0.59375 0.1421875 0.6020833328124999 0.1546875 0.5958333328125 0.15625 0.5625 0.14375 0.5458333328125 0.140625 0.5166666671875 0.1328125 0.5083333328124999 0.16875 0.5020833328125 0.1671875 0.475 0.171875 0.46666666718750005 0.184375 0.46875 0.1859375 0.4458333328125 0.2171875 0.43541666718750005 0.225 0.42291666718750004 0.2265625 0.3875 0.2421875 0.3479166671875 0.234375 0.3416666671875 0.234375 0.32083333281250004 0.225 0.3104166671875 0.2109375 0.3104166671875 0.1984375 0.31875 0.19375 0.3375 0.2015625 0.3708333328125 0.1765625 0.3916666671875
11 0.2375 0.42291666718750004 0.225 0.4458333328125 0.221875 0.51875 0.2265625 0.55625 0.225 0.56875 0.215625 0.5708333328124999 0.21875 0.5791666671875 0.24375 0.55625 0.24375 0.3958333328125 0.2421875 0.3958333328125 0.234375 0.4 0.2375 0.40833333281249995 0.23125 0.42083333281249996 0.2375 0.42291666718750004
11 0.14375 0 0.1421875 0.33125 0.15 0.3416666671875 0.14375 0.3604166671875 0.14375 0.4166666671875 0.1609375 0.4145833328125 0.175 0.3895833328125 0.1953125 0.3729166671875 0.190625 0.3416666671875 0.196875 0.3104166671875 0.2203125 0.30416666718749996 0.2359375 0.3083333328125 0.240625 0.31875 0.24375 0.3104166671875 0.24375 0.0645833328125 0.2140625 0.0416666671875 0.2109375 0.014583332812499999 0.2171875 0 0.209027778125 0 0.14375 0
3 0.1140625 0.54375 0.1140625 0.5145833328125 0.1234375 0.5041666671875 0.1171875 0.5041666671875 0.1140625 0.5041666671875 0.103125 0.5854166671875001 0.10625 0.6041666671875 0.1203125 0.5479166671875 0.1140625 0.54375
3 0.140625 0.5041666671875 0.1421875 0.5104166671875 0.1453125 0.5041666671875 0.159375 0.5104166671875 0.1640625 0.5666666671875 0.1609375 0.5708333328124999 0.1578125 0.5625 0.1578125 0.5958333328125 0.159375 0.575 0.165625 0.5729166671875 0.1734375 0.6104166671875 0.171875 0.51875 0.1765625 0.5083333328124999 0.190625 0.50625 0.196875 0.5145833328125 0.196875 0.5895833328125 0.2078125 0.5854166671875001 0.2015625 0.5479166671875 0.20625 0.5104166671875 0.2171875 0.5208333328125 0.215625 0.5895833328125 0.228125 0.5854166671875001 0.2296875 0.5770833328125 0.221875 0.5208333328125 0.2265625 0.42291666718750004 0.2 0.42291666718750004 0.1953125 0.42291666718750004 0.184375 0.44375 0.1734375 0.4479166671875 0.1640625 0.49791666718750005 0.140625 0.5041666671875