7 0.7234375 0 0.721875 0.0625 0.7 0.07083333281250001 0.6859375 0.0875 0.684375 0.10625 0.6921875 0.1125 0.728125 0.1166666671875 0.76875 0.0979166671875 0.7703125 0.08333333281250001 0.7640625 0.07083333281250001 0.7265625 0.058333332812500006 0.7296875 0 0.7234375 0
16 0.684375 0.3145833328125 0.6796875 0.3416666671875 0.6859375 0.4145833328125 0.6796875 0.43958333281249995 0.68125 0.6041666671875 0.6796875 0.6375 0.671875 0.6416666671875 0.66875 0.6625 0.66875 0.6958333328124999 0.6796875 0.7229166671875 0.8578125 0.9666666671874999 0.9984375 0.96875 0.9984375 0.10833333281249999 0.8625 0.10625 0.859375 0.10625 0.778125 0.20833333281250002 0.7671875 0.2125 0.6921875 0.2979166671875 0.684375 0.3145833328125
7 0.70625 0.1166666671875 0.7640625 0.1041666671875 0.7703125 0.0916666671875 0.7671875 0.075 0.74375 0.0645833328125 0.7328125 0.0645833328125 0.69375 0.0770833328125 0.684375 0.0916666671875 0.684375 0.1041666671875 0.70625 0.1166666671875
7 0.1265625 0.2645833328125 0.11640625 0.2645833328125 0.1 0.2708333328125 0.115625 0.28125 0.14375 0.2770833328125 0.1265625 0.2645833328125
10 0.1828125 0.3645833328125 0.1828125 0.3875 0.190625 0.3958333328125 0.1953125 0.525 0.18125 0.5520833328125 0.2203125 0.5479166671875 0.225 0.5125 0.21875 0.39375 0.225 0.3458333328125 0.215625 0.33125 0.215625 0.3104166671875 0.209375 0.30625 0.2078125 0.30416666718749996 0.2 0.3104166671875 0.20625 0.325 0.1890625 0.3416666671875 0.1828125 0.3645833328125
7 0.2484375 0.3145833328125 0.23984375 0.3145833328125 0.225 0.32083333281250004 0.2421875 0.3291666671875 0.259375 0.325 0.2484375 0.3145833328125
7 0.1703125 0.3020833328125 0.1640625 0.3020833328125 0.1578125 0.3104166671875 0.1828125 0.3125 0.18125 0.30416666718749996 0.1703125 0.3020833328125
7 0.2078125 0.28958333281250004 0.196875 0.28958333281250004 0.184375 0.2958333328125 0.20625 0.3020833328125 0.2125 0.2979166671875 0.2078125 0.28958333281250004
15 0 0.9979166671874999 0.9984375 0.9979166671874999 0.9984375 0.9770833328125 0.8546875 0.9729166671874999 0.7015625 0.7666666671875 0.7046875 0.7625 0.6875 0.7520833328125 0.6921875 0.7458333328125 0.6703125 0.7208333328125 0.6625 0.6604166671875 0.6703125 0.6270833328125 0.665625 0.58125 0.5921875 0.5416666671875 0.5828125 0.5458333328125 0.571875 0.525 0.5515625 0.53125 0.540625 0.5208333328125 0.49375 0.51875 0.490625 0.51875 0.40625 0.53125 0.40625 0.5791666671875 0.4234375 0.5916666671875 0.4265625 0.60625 0.41875 0.61875 0.3875 0.6229166671875 0.39375 0.6229166671875 0.403125 0.64375 0.3875 0.6604166671875 0.3234375 0.6645833328124999 0.3140625 0.65 0.284375 0.6583333328125 0.26875 0.6541666671875 0.2640625 0.64375 0.2703125 0.6083333328125 0.26875 0.54375 0.2421875 0.5395833328124999 0.23125 0.5416666671875 0.215625 0.5604166671875 0.1453125 0.55625 0.1546875 0.5729166671875 0.140625 0.5833333328125 0.1359375 0.6875 0.109375 0.68125 0.1140625 0.6375 0.1109375 0.58125 0.090625 0.5854166671875001 0.09375 0.6083333328125 0.0859375 0.6375 0.0703125 0.6375 0.059375 0.625 0.040625 0.625 0.028125 0.6375 0 0.6375 0 0.9979166671874999
10 0 0.29375 0.009375 0.29375 0.0265625 0.2770833328125 0.0265625 0.25625 0.025 0.24375 0.0140625 0.23541666718749998 0.01875 0.2208333328125 0.0140625 0.19583333281249998 0.0015625 0.1854166671875 0 0.1854166671875 0 0.29375
7 0.0921875 0.1520833328125 0.0890625 0.1416666671875 0.075 0.1354166671875 0.06484375 0.1354166671875 0.0515625 0.1375 0.053125 0.1541666671875 0.0859375 0.1583333328125 0.0921875 0.1520833328125
7 0.1453125 0.22291666718749997 0.1234375 0.21458333281250003 0.11484375 0.21458333281250003 0.09375 0.22291666718749997 0.1109375 0.23541666718749998 0.146875 0.23125 0.1453125 0.22291666718749997
7 0.659375 0.2104166671875 0.696875 0.20416666718749998 0.7046875 0.1875 0.6921875 0.175 0.6822916671875 0.175 0.6515625 0.17916666718750002 0.64375 0.1895833328125 0.6453125 0.20208333281250002 0.659375 0.2104166671875
7 0.253125 0.2979166671875 0.25 0.30625 0.2640625 0.3083333328125 0.259375 0.2979166671875 0.253125 0.2979166671875
14 0 0.42083333281249996 0.0265625 0.42083333281249996 0.0328125 0.43333333281249997 0.053125 0.4291666671875 0.071875 0.43541666718750005 0.084375 0.45416666718750004 0.0796875 0.46458333281249997 0.0734375 0.4625 0.071875 0.49375 0.075 0.5666666671875 0.06875 0.575 0.0734375 0.5791666671875 0.0765625 0.6291666671875 0.084375 0.6291666671875 0.0875 0.6166666671875001 0.0875 0.5958333328125 0.0765625 0.5791666671875 0.0921875 0.5666666671875 0.0921875 0.46875 0.115625 0.4604166671875 0.11875 0.6770833328125 0.1328125 0.6791666671875001 0.1375 0.59375 0.1359375 0.5791666671875 0.1265625 0.5791666671875 0.1234375 0.5645833328125 0.1359375 0.5604166671875 0.1375 0.5729166671875 0.134375 0.3916666671875 0.1578125 0.3875 0.1609375 0.3583333328125 0.1265625 0.3479166671875 0.0796875 0.35208333281250004 0.0046875 0.34375 0 0.34375 0 0.42083333281249996
10 0.3046875 0 0.3015625 0.00625 0.30625 0.06875 0.275 0.1125 0.259375 0.1520833328125 0.2609375 0.24375 0.275 0.28958333281250004 0.275 0.3458333328125 0.284375 0.40416666718750005 0.284375 0.45416666718750004 0.275 0.5104166671875 0.2796875 0.5208333328125 0.275 0.51875 0.2734375 0.5333333328125 0.278125 0.6125 0.2703125 0.6416666671875 0.2921875 0.6458333328125 0.315625 0.6375 0.321875 0.6520833328125 0.3703125 0.6541666671875 0.396875 0.6479166671875001 0.39375 0.6375 0.359375 0.6125 0.3546875 0.5833333328125 0.3578125 0.49375 0.3671875 0.46666666718750005 0.3671875 0.43958333281249995 0.3859375 0.3458333328125 0.384375 0.2416666671875 0.3703125 0.1729166671875 0.371875 0.13125 0.35 0.0895833328125 0.3515625 0.0208333328125 0.3375 0 0.329296875 0 0.3046875 0
10 0.4359375 0.5125 0.4375 0.5 0.4421875 0.4375 0.4328125 0.40416666718750005 0.43125 0.40208333281249997 0.4109375 0.4375 0.421875 0.46458333281249997 0.421875 0.5166666671875 0.4359375 0.5125
5 0.54375 0.3416666671875 0.4984375 0.3395833328125 0.490625 0.3395833328125 0.45625 0.3416666671875 0.4609375 0.5104166671875 0.5390625 0.5104166671875 0.54375 0.3416666671875
10 0.596875 0.43958333281249995 0.5875 0.4125 0.584375 0.4125 0.5703125 0.43958333281249995 0.575 0.5083333328124999 0.5796875 0.45208333281249996 0.596875 0.43958333281249995
14 0 0.3458333328125 0.0734375 0.34375 0.084375 0.3145833328125 0.0578125 0.30416666718749996 0.0515625 0.28958333281250004 0.040625 0.2854166671875 0.0322916671875 0.2854166671875 0.015625 0.2854166671875 0.0109375 0.2958333328125 0 0.2958333328125 0 0.3458333328125
14 0 0.6083333328125 0.071875 0.6104166671875 0.071875 0.58125 0.05 0.5166666671875 0.0515625 0.4375 0.040625 0.44166666718750003 0.0328125 0.43541666718750005 0.028125 0.4145833328125 0.0125 0.42083333281249996 0.00625 0.4145833328125 0 0.4145833328125 0 0.6083333328125