11 0.65859375 0.40390625 0.0390625 0.24609375
11 0.56640625 0.27265625 0.0421875 0.5453125
5 0.45390625 0.409375 0.1078125 0.16484375
15 0.49921875 0.75625 0.9953125 0.47890625
7 0.38515625 0.05234375 0.0890625 0.05
7 0.68671875 0.05625 0.0859375 0.05
7 0.09140625 0.04140625 0.0328125 0.04140625
7 0.01875 0.27890625 0.025 0.02890625
14 0.35859375 0.48046875 0.0734375 0.15625
14 0.12421875 0.51875 0.1640625 0.26640625
10 0.60390625 0.42578125 0.0640625 0.25625
10 0.16640625 0.39296875 0.1078125 0.41875
10 0.29765625 0.44375 0.0484375 0.19609375