5 0.709375 0.42890625 0.1 0.19140625
12 0.8984375 0.50078125 0.2 0.23984375
15 0.49921875 0.75703125 0.9953125 0.47734375
7 0.9734375 0.040625 0.05 0.06484375
7 0.27890625 0.11953125 0.0484375 0.03125
7 0.33125 0.2125 0.053125 0.02890625
7 0.0921875 0.12265625 0.025 0.03359375
7 0.628125 0.359375 0.015625 0.02734375
7 0.34453125 0.26640625 0.0203125 0.02109375
7 0.92421875 0.1625 0.0734375 0.04140625
7 0.015625 0.04375 0.03125 0.02890625
7 0.65234375 0.05625 0.0890625 0.05859375
7 0.44609375 0.31796875 0.0328125 0.01875
7 0.3640625 0.24765625 0.01875 0.01640625
7 0.3765625 0.30390625 0.021875 0.01640625
7 0.4109375 0.28984375 0.015625 0.01640625
7 0.66484375 0.17265625 0.0671875 0.03359375
7 0.46171875 0.296875 0.0171875 0.01484375
14 0.175 0.50390625 0.346875 0.55390625
10 0.38828125 0.42265625 0.0609375 0.26640625
10 0.0484375 0.34765625 0.096875 0.5
10 0.45234375 0.45546875 0.0359375 0.15625