11 0.634375 0.29765625 0.065625 0.5953125
18 0.1796875 0.38203125 0.103125 0.22265625
18 0.44140625 0.25 0.3328125 0.5
15 0.49921875 0.76796875 0.9953125 0.45625
7 0.94140625 0.478125 0.0359375 0.05234375
7 0.9640625 0.17421875 0.01875 0.02265625
7 0.3203125 0.34296875 0.021875 0.03515625
14 0.465625 0.51015625 0.109375 0.1375
14 0.79765625 0.471875 0.1390625 0.30625
14 0.36328125 0.51171875 0.1109375 0.14765625
10 0.71484375 0.37265625 0.1359375 0.49609375
10 0.27890625 0.42109375 0.1078125 0.35390625
10 0.18046875 0.41640625 0.0609375 0.3375