12 0.89453125 0.46640625 0.2078125 0.24609375
15 0.49921875 0.75234375 0.9953125 0.4875
7 0.5859375 0.33515625 0.01875 0.02890625
7 0.08359375 0.009375 0.0703125 0.01875
7 0.37421875 0.29296875 0.0390625 0.01875
7 0.91796875 0.084375 0.0890625 0.05234375
7 0.61875 0.11171875 0.078125 0.04375
7 0.29375 0.27890625 0.025 0.01640625
7 0.221875 0.22890625 0.040625 0.025
7 0.19765625 0.15 0.0703125 0.03359375
7 0.31796875 0.25859375 0.0328125 0.01640625
7 0.1078125 0.18203125 0.046875 0.02265625
7 0.25390625 0.2 0.0265625 0.01640625
7 0.38671875 0.265625 0.0203125 0.01484375
7 0.1109375 0.15234375 0.03125 0.02109375
7 0.20859375 0.95390625 0.0421875 0.04140625
7 0.9453125 0.25 0.021875 0.02109375
10 0.2453125 0.39765625 0.0875 0.37890625
10 0.1265625 0.41484375 0.071875 0.35390625
10 0.55078125 0.45078125 0.0265625 0.15234375
10 0.52421875 0.45390625 0.0328125 0.1625
10 0.396875 0.44140625 0.06875 0.2