1 0.34375 0.6002604171875 0.361328125 0.60546875 0.5 0.5924479171875 0.4931640625 0.07552083281250001 0.341796875 0.05078125 0.34375 0.6002604171875
14 0.876953125 0.5611979171875 0.861328125 0.49609375 0.859375 0.4309895828125 0.865234375 0.37109375 0.896484375 0.2877604171875 0.896484375 0.2799479171875 0.8818359375 0.2682291671875 0.7861328125 0.2734375 0.7470703125 0.2838541671875 0.736328125 0.2955729171875 0.763671875 0.37109375 0.771484375 0.4908854171875 0.763671875 0.5403645828125 0.73046875 0.6080729171875 0.7587890625 0.6067708328125 0.7685546875 0.6276041671875 0.77734375 0.6263020828125 0.8193359375 0.6119791671875 0.91015625 0.62109375 0.908203125 0.6080729171875 0.876953125 0.5611979171875
15 0.8603515625 0.6171875 0.8388671875 0.6145833328125 0.7685546875 0.6302083328125 0.7587890625 0.6171875 0.7314453125 0.6145833328125 0.7236328125 0.5911458328125 0.7099609375 0.5885416671875 0.6943359375 0.6145833328125 0.6689453125 0.6171875 0.6240234375 0.6145833328125 0.6162109375 0.6015625 0.6044921875 0.5989583328125 0.5244140625 0.6015625 0.5205078125 0.6119791671875 0.5068359375 0.6119791671875 0.5009765625 0.6015625 0.3505859375 0.609375 0.3408203125 0.6223958328125 0.3369140625 0.6119791671875 0.3212890625 0.6328125 0.2841796875 0.6380208328125 0.2724609375 0.671875 0.2333984375 0.6744791671875 0.2255859375 0.6458333328125 0.2080078125 0.6458333328125 0.19140625 0.65234375 0.1865234375 0.6770833328125 0.1630859375 0.6796875 0.1416015625 0.6744791671875 0.13671875 0.6471354171875 0.123046875 0.6419270828125 0.1220703125 0.5963541671875 0.0966796875 0.59375 0.087890625 0.60546875 0.08984375 0.6419270828125 0.0771484375 0.6666666671875 0 0.6809895828125 0.0009765625 0.9973958328125001 1 0.99609375 0.9990234375 0.6588541671875 0.9248046875 0.6510416671875 0.9033203125 0.6302083328125 0.8603515625 0.6171875
10 0.19140625 0.47265625 0.2021484375 0.40625 0.20703125 0.41015625 0.208984375 0.45703125 0.220703125 0.4674479171875 0.2265625 0.49609375 0.2265625 0.53515625 0.23828125 0.6080729171875 0.232421875 0.6627604171875 0.2568359375 0.6666666671875 0.27734375 0.6549479171875 0.255859375 0.6002604171875 0.26953125 0.4153645828125 0.265625 0.3294270828125 0.27734375 0.2903645828125 0.28125 0.16015625 0.26953125 0.1080729171875 0.21875 0.05078125 0.2158203125 0 0.16015625 0.0013020828125 0.173828125 0.06119791718749999 0.138671875 0.08463541718749999 0.125 0.1419270828125 0.125 0.24609375 0.138671875 0.30859375 0.134765625 0.4466145828125 0.15625 0.4622395828125 0.150390625 0.5325520828125 0.158203125 0.61328125 0.138671875 0.6627604171875 0.1572265625 0.6744791671875 0.18359375 0.6731770828125 0.1875 0.6575520828125 0.1796875 0.60546875 0.19140625 0.5403645828125 0.19140625 0.47265625
1 0.609375 0.5143229171875 0.595703125 0.5013020828125 0.611328125 0.35546875 0.611328125 0.3268229171875 0.603515625 0.30078125 0.60546875 0.26171875 0.615234375 0.22265625 0.640625 0.19140625 0.642578125 0.1393229171875 0.6552734375 0.125 0.6796875 0.1263020828125 0.6787109375 0.08333333281250001 0.525390625 0.08984375 0.5234375 0.57421875 0.525390625 0.5924479171875 0.53125 0.5950520828125 0.619140625 0.5924479171875 0.623046875 0.5690104171875 0.6171875 0.54296875 0.609375 0.5143229171875
10 0.669921875 0.54296875 0.6787109375 0.5078125 0.6962890625 0.5104166671875 0.701171875 0.50390625 0.701171875 0.48046875 0.697265625 0.3971354171875 0.68359375 0.3216145828125 0.6875 0.3111979171875 0.67578125 0.2955729171875 0.689453125 0.26953125 0.6796875 0.1419270828125 0.6748046875 0.1302083328125 0.6572265625 0.125 0.642578125 0.14453125 0.640625 0.19921875 0.619140625 0.22005208281250002 0.607421875 0.26171875 0.60546875 0.3033854171875 0.615234375 0.34765625 0.607421875 0.37890625 0.599609375 0.5013020828125 0.609375 0.5091145828125 0.625 0.5690104171875 0.623046875 0.60546875 0.66796875 0.6106770828125 0.693359375 0.6080729171875 0.693359375 0.6002604171875 0.669921875 0.57421875 0.669921875 0.54296875
10 1 0.0013020828125 0.9794921875 0 0.98046875 0.06119791718749999 0.9423828125 0.09375 0.923828125 0.12109375 0.91015625 0.22526041718749998 0.94140625 0.30859375 0.947265625 0.38671875 0.9453125 0.5065104171875 0.94921875 0.5091145828125 0.9501953125 0.4973958328125 0.974609375 0.6184895828125 0.97265625 0.6471354171875 0.9775390625 0.6536458328125 1 0.65234375 1 0.5481770828125 0.994140625 0.5065104171875 1 0.40234375 1 0.0013020828125
10 0.0224609375 0 0.0146484375 0.0182291671875 0 0.00390625 0 0.6731770828125 0.01953125 0.6731770828125 0.0576171875 0.6692708328125 0.076171875 0.6575520828125 0.0732421875 0.640625 0.0556640625 0.6380208328125 0.0419921875 0.625 0.0771484375 0.6223958328125 0.08203125 0.62890625 0.06640625 0.5169270828125 0.0576171875 0.5052083328125 0.0390625 0.5091145828125 0.0419921875 0.4973958328125 0.0615234375 0.5 0.064453125 0.4856770828125 0.0625 0.1002604171875 0.048828125 0.08723958281250001 0.0537109375 0.078125 0.060546875 0.07942708281250001 0.0625 0.03515625 0.060546875 0.01171875 0.0537109375 0.015625 0.0419921875 0 0.0224609375 0
10 0.7509765625 0.3411458328125 0.740234375 0.3971354171875 0.734375 0.5611979171875 0.734375 0.5846354171875 0.740234375 0.5846354171875 0.763671875 0.5377604171875 0.771484375 0.47265625 0.765625 0.38671875 0.7509765625 0.3411458328125
10 0.826171875 0.2565104171875 0.830078125 0.23307291718749998 0.8125 0.21744791718749998 0.806640625 0.1705729171875 0.7939453125 0.1510416671875 0.771484375 0.1653645828125 0.763671875 0.22786458281250002 0.751953125 0.24088541718749998 0.740234375 0.2799479171875 0.748046875 0.2825520828125 0.7802734375 0.2734375 0.7939453125 0.2604166671875 0.8212890625 0.2630208328125 0.826171875 0.2565104171875
10 0.0712890625 0 0.06640625 0.014322917187500001 0.068359375 0.4986979171875 0.076171875 0.5611979171875 0.0859375 0.5846354171875 0.1455078125 0.5833333328125 0.15234375 0.5638020828125 0.146484375 0.5299479171875 0.15234375 0.4700520828125 0.1357421875 0.4583333328125 0.126953125 0.4388020828125 0.1328125 0.3893229171875 0.12890625 0.3372395828125 0.134765625 0.3138020828125 0.12109375 0.23828125 0.12109375 0.15234375 0.1328125 0.08723958281250001 0.16796875 0.05859375 0.1552734375 0 0.0712890625 0