5 0.365234375 0.4778645828125 0.373046875 0.4856770828125 0.375 0.5169270828125 0.423828125 0.51953125 0.42578125 0.3502604171875 0.3642578125 0.3489583328125 0.36328125 0.4596354171875 0.365234375 0.4778645828125
10 0.3154296875 0.3619791671875 0.3056640625 0.3619791671875 0.302734375 0.3763020828125 0.31640625 0.3893229171875 0.318359375 0.4049479171875 0.30078125 0.4544270828125 0.3203125 0.4388020828125 0.328125 0.4934895828125 0.328125 0.5247395828125 0.3203125 0.53515625 0.337890625 0.53515625 0.34375 0.40234375 0.3310546875 0.3776041671875 0.3212890625 0.375 0.3154296875 0.3619791671875
5 0.322265625 0.3736979171875 0.341796875 0.39453125 0.33984375 0.4309895828125 0.349609375 0.4361979171875 0.345703125 0.4622395828125 0.3544921875 0.4791666671875 0.365234375 0.4778645828125 0.36328125 0.35546875 0.3564453125 0.3463541671875 0.3212890625 0.3489583328125 0.322265625 0.3736979171875
15 0.8388671875 0.84375 0.8251953125 0.8359375 0.7861328125 0.78125 0.7236328125 0.7161458328125 0.609375 0.5716145828125 0.5947265625 0.53125 0.5556640625 0.5338541671875 0.5419921875 0.5234375 0.4951171875 0.5234375 0.3818359375 0.53125 0.3369140625 0.5416666671875 0.2861328125 0.5390625 0.2705078125 0.5416666671875 0.2626953125 0.5520833328125 0.1748046875 0.5520833328125 0.1279296875 0.5651041671875 0.0810546875 0.5598958328125 0.0576171875 0.5807291671875 0 0.5872395828125 0.0009765625 0.9973958328125001 0.7607421875 0.9973958328125001 0.7705078125 0.9895833328125001 0.7861328125 0.9973958328125001 0.953125 0.99609375 0.97265625 0.9908854171874999 0.8779296875 0.890625 0.8701171875 0.8932291671874999 0.8388671875 0.84375
12 1 0.0013020828125 0.9052734375 0 0.859375 0.05598958281250001 0.685546875 0.3111979171875 0.60546875 0.4127604171875 0.6044921875 0.4479166671875 0.654296875 0.38671875 0.65234375 0.5091145828125 0.658203125 0.5169270828125 0.6259765625 0.5208333328125 0.623046875 0.4778645828125 0.6044921875 0.4739583328125 0.603515625 0.5065104171875 0.6123046875 0.4895833328125 0.62109375 0.5169270828125 0.60546875 0.5377604171875 0.6162109375 0.5572916671875 0.658203125 0.5924479171875 0.6591796875 0.6223958328125 0.6787109375 0.625 0.6826171875 0.6067708328125 0.68359375 0.64453125 0.6962890625 0.6432291671875 0.7041015625 0.6640625 0.7197265625 0.6666666671875 0.720703125 0.6783854171875 0.7451171875 0.7005208328125 0.74609375 0.7096354171875 0.7705078125 0.734375 0.8017578125 0.7838541671875 0.806640625 0.7825520828125 0.8251953125 0.8177083328125001 0.8310546875 0.8125 0.8466796875 0.8255208328125001 0.9033203125 0.90625 0.9287109375 0.9244791671874999 0.9814453125 0.9869791671874999 1 0.9934895828125001 1 0.0013020828125
10 0.0390625 0.53515625 0.015625 0.43359375 0.013671875 0.3815104171875 0.015625 0.3450520828125 0.0205078125 0.3385416671875 0.0419921875 0.3411458328125 0.046875 0.3268229171875 0.025390625 0.28515625 0.0009765625 0.2604166671875 0 0.5221354171875 0.0087890625 0.4921875 0.033203125 0.5690104171875 0.046875 0.57421875 0.0693359375 0.5651041671875 0.072265625 0.5559895828125 0.0498046875 0.5494791671875 0.0390625 0.53515625
7 0.0322265625 0.2552083328125 0.046875 0.2565104171875 0.052734375 0.2513020828125 0.0478515625 0.2421875 0.02734375 0.24609375 0.0322265625 0.2552083328125
7 0.11328125 0.24869791718749998 0.1142578125 0.23177083281250002 0.0703125 0.23307291718749998 0.0830078125 0.24739583281250002 0.11328125 0.24869791718749998
5 0.431640625 0.3528645828125 0.4296875 0.48828125 0.431640625 0.5169270828125 0.439453125 0.51953125 0.48828125 0.5169270828125 0.490234375 0.35546875 0.4853515625 0.3489583328125 0.431640625 0.3528645828125
7 0.3935546875 0.3229166671875 0.408203125 0.3294270828125 0.408203125 0.3190104171875 0.3896484375 0.296875 0.376953125 0.2955729171875 0.3935546875 0.3229166671875
7 0.3486328125 0 0.345703125 0.006510417187500001 0.34765625 0.02734375 0.3642578125 0.0416666671875 0.42578125 0.0455729171875 0.443359375 0.02734375 0.4326171875 0 0.3486328125 0
7 0.69921875 0.0013020828125 0.697265625 0.0221354171875 0.7041015625 0.0338541671875 0.7197265625 0.0416666671875 0.75390625 0.0403645828125 0.7900390625 0.0260416671875 0.796875 0.0169270828125 0.796875 0.0013020828125 0.69921875 0.0013020828125
7 0.00390625 0.19140625 0.009765625 0.1888020828125 0.009765625 0.17578125 0.0009765625 0.171875 0.00390625 0.19140625
7 0.0791015625 0.203125 0.099609375 0.20182291718749998 0.1015625 0.1940104171875 0.0947265625 0.1875 0.07421875 0.19140625 0.0791015625 0.203125
7 0.755859375 0.32421875 0.78515625 0.29296875 0.7724609375 0.2942708328125 0.74609375 0.3216145828125 0.755859375 0.32421875
7 0.49609375 0.23046875 0.4931640625 0.21614583281250002 0.478515625 0.22265625 0.4814453125 0.23177083281250002 0.49609375 0.23046875
10 0.1640625 0.55078125 0.166015625 0.3997395828125 0.177734375 0.3997395828125 0.173828125 0.3658854171875 0.1396484375 0.3177083328125 0.123046875 0.32421875 0.123046875 0.3450520828125 0.109375 0.3658854171875 0.123046875 0.41796875 0.12109375 0.5559895828125 0.12890625 0.55859375 0.134765625 0.55078125 0.1435546875 0.4635416671875 0.15234375 0.55078125 0.1640625 0.55078125
10 0.076171875 0.5481770828125 0.0810546875 0.46875 0.068359375 0.47265625 0.068359375 0.54296875 0.076171875 0.5481770828125
10 0.099609375 0.37109375 0.083984375 0.3502604171875 0.087890625 0.32421875 0.0810546875 0.3151041671875 0.0703125 0.3190104171875 0.068359375 0.3450520828125 0.0517578125 0.3515625 0.04296875 0.3736979171875 0.048828125 0.4127604171875 0.044921875 0.4466145828125 0.0546875 0.4466145828125 0.0869140625 0.4453125 0.087890625 0.41796875 0.099609375 0.39453125 0.099609375 0.37109375
10 0.0009765625 0.5807291671875 0.0234375 0.5794270828125 0.02734375 0.5716145828125 0.0224609375 0.5651041671875 0 0.5611979171875 0.0009765625 0.5807291671875
10 0.216796875 0.3919270828125 0.2275390625 0.4114583328125 0.25390625 0.4127604171875 0.244140625 0.3580729171875 0.2353515625 0.3541666671875 0.216796875 0.3815104171875 0.216796875 0.3919270828125