5 0.5296875 0.43125 0.065625 0.17890625
12 0.88828125 0.46484375 0.2171875 0.2625
15 0.49921875 0.75625 0.9953125 0.47890625
7 0.684375 0.346875 0.01875 0.04765625
7 0.02734375 0.13046875 0.0546875 0.03984375
7 0.0421875 0.07734375 0.040625 0.02890625
7 0.16015625 0.18359375 0.0484375 0.025
7 0.2484375 0.24140625 0.053125 0.025
7 0.559375 0.02421875 0.1 0.04765625
7 0.2546875 0.19765625 0.028125 0.02109375
7 0.51484375 0.30859375 0.0234375 0.0375
10 0.28203125 0.425 0.0734375 0.27890625
10 0.225 0.34296875 0.040625 0.06015625
10 0.42734375 0.44453125 0.0328125 0.21015625
10 0.453125 0.44375 0.04375 0.2
10 0.47109375 0.440625 0.0390625 0.18984375