11 0.2109375 0.39375 0.053125 0.35
5 0.55703125 0.43671875 0.0609375 0.17265625
5 0.6140625 0.43515625 0.05 0.16640625
12 0.89296875 0.48203125 0.2078125 0.27734375
15 0.4984375 0.75546875 0.996875 0.48125
7 0.04140625 0.03125 0.0828125 0.05390625
7 0.54296875 0.31796875 0.0203125 0.03515625
7 0.0984375 0.16171875 0.0625 0.03515625
7 0.934375 0.02578125 0.103125 0.0515625
7 0.22109375 0.20625 0.0421875 0.025
7 0.58671875 0.04375 0.0921875 0.05859375
7 0.125 0.11796875 0.034375 0.02265625
7 0.184375 0.23671875 0.021875 0.01875
7 0.29609375 0.25859375 0.0484375 0.025
7 0.65078125 0.23359375 0.0171875 0.01640625
7 0.30625 0.21953125 0.025 0.01875
7 0.240625 0.26640625 0.01875 0.01640625
7 0.96875 0.21015625 0.025 0.02109375
10 0.0375 0.33203125 0.075 0.60625
10 0.340625 0.43828125 0.059375 0.24375
10 0.13828125 0.44140625 0.0421875 0.23359375
10 0.50234375 0.446875 0.0390625 0.18125
10 0.1734375 0.434375 0.0375 0.19375
10 0.46875 0.44921875 0.040625 0.19375
10 0.290625 0.36015625 0.040625 0.05390625