15 0 0.9979166671874999 0.9984375 0.9979166671874999 0.9984375 0.5895833328125 0.9890625 0.5666666671875 0.99375 0.5583333328125 0.91875 0.55625 0.909375 0.55625 0.86875 0.5583333328125 0.8578125 0.5770833328125 0.6046875 0.58125 0.509375 0.6020833328124999 0.5078125 0.6083333328125 0.4109375 0.6041666671875 0.403125 0.6125 0.3453125 0.6166666671875001 0.340625 0.6270833328125 0.303125 0.6354166671875 0.2546875 0.6125 0.2359375 0.6291666671875 0.196875 0.6270833328125 0.196875 0.65625 0.1859375 0.6708333328125 0.1265625 0.6583333328125 0.096875 0.6645833328124999 0.090625 0.6729166671875 0.0828125 0.6666666671875 0.059375 0.6791666671875001 0.0171875 0.6854166671875 0.0046875 0.6708333328125 0 0.6770833328125 0 0.9979166671874999
5 0.8609375 0 0.478125 0.075 0.478125 0.1833333328125 0.496875 0.1895833328125 0.5078125 0.2270833328125 0.5125 0.3479166671875 0.5453125 0.3604166671875 0.546875 0.375 0.5359375 0.4 0.5375 0.42083333281249996 0.5484375 0.43541666718750005 0.559375 0.4375 0.5734375 0.46458333281249997 0.5921875 0.46666666718750005 0.603125 0.48333333281249996 0.6078125 0.525 0.6015625 0.5625 0.85625 0.5645833328125 0.8609375 0.5416666671875 0.8796875 0.5375 0.965625 0.5395833328124999 0.9859375 0.5479166671875 0.9984375 0.5416666671875 0.9984375 0.3895833328125 0.99375 0.38125 0.9984375 0.3708333328125 0.9984375 0.0041666671875 0.95 0 0.941903409375 0 0.8609375 0
7 0.6703125 0.19375 0.671875 0.1833333328125 0.640625 0.13333333281249998 0.6375 0.13333333281249998 0.6328125 0.1375 0.6375 0.15625 0.6609375 0.1916666671875 0.6703125 0.19375
7 0.68125 0.1979166671875 0.675 0.1979166671875 0.6765625 0.2166666671875 0.690625 0.22291666718749997 0.690625 0.2104166671875 0.68125 0.1979166671875
10 0.46875 0.2520833328125 0.4671875 0.28958333281250004 0.4578125 0.3 0.4390625 0.3020833328125 0.4359375 0.3145833328125 0.4421875 0.32083333281250004 0.4546875 0.3125 0.465625 0.3166666671875 0.4640625 0.35625 0.45 0.3604166671875 0.4495117875 0.37106692343750003 0.4671875 0.375 0.46875 0.475 0.4890625 0.5354166671875 0.490625 0.5520833328125 0.4859375 0.55625 0.4921875 0.5625 0.4625 0.5895833328125 0.5046875 0.5958333328125 0.51875 0.5875 0.509375 0.5479166671875 0.5 0.44166666718750003 0.5078125 0.40208333281249997 0.509375 0.2770833328125 0.4984375 0.23125 0.478125 0.21875 0.4625 0.1875 0.4546875 0.1875 0.446875 0.1875 0.4390625 0.22291666718749997 0.453125 0.24375 0.46875 0.2520833328125
10 0.2046875 0.30416666718749996 0.2046875 0.3166666671875 0.225 0.3625 0.2234375 0.3854166671875 0.23125 0.40416666718750005 0.23125 0.45625 0.2203125 0.51875 0.21875 0.6125 0.246875 0.6041666671875 0.2390625 0.5916666671875 0.2453125 0.5125 0.2578125 0.45208333281249996 0.2703125 0.43333333281249997 0.284375 0.4791666671875 0.29375 0.6145833328125 0.3328125 0.6145833328125 0.3421875 0.60625 0.31875 0.5833333328125 0.30482239375 0.4492156453125 0.3361560171875 0.46245618281249995 0.34772210625 0.40799255156249997 0.34155350156250003 0.3977164 0.336927078125 0.37510889999999997 0.3140625 0.27291666718749996 0.3078125 0.2125 0.2828125 0.1979166671875 0.2859375 0.1666666671875 0.271875 0.1395833328125 0.2640625 0.1395833328125 0.2546875 0.1458333328125 0.253125 0.1895833328125 0.215625 0.2208333328125 0.2171875 0.23958333281250002 0.2046875 0.30416666718749996
10 0.178125 0.26875 0.171875 0.29375 0.178125 0.33125 0.178125 0.4 0.1890625 0.4270833328125 0.1890625 0.6 0.209375 0.5979166671875 0.2155779421875 0.5943054625 0.215625 0.58125 0.2078125 0.575 0.21875 0.5583333328125 0.2203125 0.48125 0.2296875 0.43958333281249995 0.228125 0.40833333281249995 0.21875 0.3875 0.21875 0.3458333328125 0.2015625 0.3145833328125 0.21407166718749998 0.2359393171875 0.2125 0.22291666718749997 0.21875 0.2104166671875 0.2390625 0.20208333281250002 0.2359375 0.1833333328125 0.2265625 0.175 0.2125 0.175 0.2015625 0.1895833328125 0.1984375 0.2166666671875 0.1734375 0.25625 0.178125 0.26875
10 0.3625 0.3333333328125 0.3609375 0.3604166671875 0.378125 0.3708333328125 0.371875 0.39791666718749996 0.3796875 0.40208333281249997 0.415625 0.4 0.4234375 0.3333333328125 0.4421875 0.3604166671875 0.44375 0.3541666671875 0.4375 0.32083333281250004 0.4203125 0.2916666671875 0.421875 0.25625 0.4109375 0.24375 0.403125 0.24375 0.3953125 0.2645833328125 0.396875 0.2854166671875 0.3703125 0.30416666718749996 0.3625 0.3333333328125
14 0 0.65 0.0140625 0.6604166671875 0.015625 0.675 0.1109375 0.6520833328125 0.1703125 0.65 0.1890625 0.6583333328125 0.1921875 0.6395833328125 0.171875 0.6145833328125 0.146875 0.5645833328125 0.13125 0.48125 0.1328125 0.3958333328125 0.146875 0.3729166671875 0.15 0.325 0.175 0.2770833328125 0.1734375 0.2666666671875 0.1328125 0.24583333281250003 0.0265625 0.2375 0.025 0.2375 0 0.2416666671875 0 0.30625 0.0171875 0.36875 0.0234375 0.43333333281249997 0.021875 0.5270833328125 0 0.6 0 0.65
14 0.5208115203125 0.5824341937499999 0.533321403125 0.5879915359375001 0.5550051875 0.58910303125 0.55834116875 0.5757654 0.5399933031249999 0.5524245359375 0.533321403125 0.53464105625 0.5274834203125 0.4857364265625 0.5224794796875 0.45350386406250004 0.5316533812500001 0.41460246874999995 0.5441632640625 0.3823698640625 0.548333225 0.3634748921875 0.533321403125 0.3612519890625 0.5208115203125 0.35791755 0.5111135515624999 0.35478358125 0.51163761875 0.39904189218749997 0.502463653125 0.44238918125 0.5208115203125 0.5824341937499999
4 0.184375 0.5604166671875 0.1875 0.46458333281249997 0.1828125 0.43333333281249997 0.178125 0.43333333281249997 0.1609375 0.43541666718750005 0.159375 0.4458333328125 0.1609375 0.5604166671875 0.184375 0.5604166671875
4 0.2828125 0.5833333328125 0.290625 0.5895833328125 0.2796875 0.4604166671875 0.2703125 0.43541666718750005 0.2671875 0.43541666718750005 0.25 0.5 0.2453125 0.5604166671875 0.2671875 0.5875 0.2828125 0.5833333328125
4 0.309375 0.45 0.321875 0.5833333328125 0.4578125 0.58125 0.4734375 0.5729166671875 0.4796875 0.55625 0.4796875 0.5229166671875001 0.465625 0.47083333281249995 0.465625 0.4145833328125 0.4578125 0.4125 0.453125 0.4291666671875 0.4390625 0.4291666671875 0.4109375 0.42083333281249996 0.40625 0.40625 0.3578125 0.40208333281249997 0.3515625 0.40208333281249997 0.3453125 0.40416666718750005 0.3328125 0.4583333328125 0.325 0.425 0.309375 0.45
11 0 0.2375 0.0078125 0.23333333281250002 0.00625 0.1875 0 0.1875 0 0.2375
11 0 0 0.003125 0.18125 0.0234375 0.18125 0.0265625 0.16875 0.025 0 0.0166666671875 0 0 0
11 0 0.5979166671875 0.015625 0.5520833328125 0.0234375 0.49791666718750005 0.0203125 0.39791666718749996 0.0015625 0.3125 0 0.3104166671875 0 0.5979166671875
7 0.0328125 0.060416667187499995 0.028125 0.060416667187499995 0.021875 0.075 0.0359375 0.08333333281250001 0.0390625 0.0645833328125 0.0328125 0.060416667187499995