5 0.4736328125 0.4010416671875 0.46875 0.41015625 0.470703125 0.51171875 0.48828125 0.5143229171875 0.509765625 0.5091145828125 0.5078125 0.4075520828125 0.5009765625 0.3984375 0.4736328125 0.4010416671875
5 0.4814453125 0.3645833328125 0.47265625 0.3736979171875 0.474609375 0.3919270828125 0.4990234375 0.3932291671875 0.5078125 0.4075520828125 0.509765625 0.5065104171875 0.53515625 0.5091145828125 0.53125 0.4518229171875 0.544921875 0.4205729171875 0.546875 0.36328125 0.4814453125 0.3645833328125
14 0.1609375 0.48541666718750004 0.1703125 0.4916666671875 0.1703125 0.55625 0.1640625 0.5625 0.1625 0.5458333328125 0.1578125 0.5458333328125 0.1609375 0.5708333328124999 0.16875 0.5666666671875 0.1734375 0.5791666671875 0.1859375 0.5666666671875 0.2015625 0.5708333328124999 0.2015625 0.5625 0.1875 0.55625 0.190625 0.5479166671875 0.18125 0.5333333328125 0.184375 0.47083333281249995 0.2 0.46458333281249997 0.2109375 0.47083333281249995 0.2203125 0.5979166671875 0.2296875 0.5916666671875 0.2328125 0.56875 0.278125 0.5770833328125 0.2796875 0.4625 0.2921875 0.45416666718750004 0.3265625 0.46666666718750005 0.33125 0.5833333328125 0.340625 0.5895833328125 0.3421875 0.45416666718750004 0.353125 0.43958333281249995 0.3515625 0.4291666671875 0.2671875 0.425 0.25625 0.4125 0.265625 0.3916666671875 0.2515625 0.3791666671875 0.2484375 0.3854166671875 0.1796875 0.38125 0.1625 0.3625 0.159375 0.3625 0.1578125 0.4583333328125 0.159375 0.47083333281249995 0.1703125 0.4770833328125 0.1609375 0.48541666718750004
10 0.28125 0.3763020828125 0.26953125 0.39453125 0.26953125 0.41796875 0.2763671875 0.4244791671875 0.30078125 0.4231770828125 0.302734375 0.38671875 0.2900390625 0.3541666671875 0.279296875 0.3606770828125 0.28125 0.3763020828125
7 0.296875 0.3528645828125 0.2958984375 0.34375 0.26953125 0.3450520828125 0.2763671875 0.3541666671875 0.296875 0.3528645828125
15 1 0.59765625 0.9296875 0.5846354171875 0.9990234375 0.5807291671875 0.9990234375 0.5651041671875 0.9853515625 0.5677083328125 0.9677734375 0.5520833328125 0.9306640625 0.5520833328125 0.9150390625 0.5625 0.9072265625 0.5494791671875 0.8232421875 0.5546875 0.8017578125 0.546875 0.77734375 0.55859375 0.7783203125 0.6276041671875 0.7294921875 0.6276041671875 0.7119140625 0.6380208328125 0.6298828125 0.6328125 0.603515625 0.6028645828125 0.6015625 0.5533854171875 0.5751953125 0.5208333328125 0.5400390625 0.53125 0.5341796875 0.5182291671875 0.4482421875 0.5182291671875 0.44140625 0.5377604171875 0.455078125 0.5716145828125 0.4326171875 0.5911458328125 0.3974609375 0.5885416671875 0.392578125 0.58203125 0.39453125 0.53515625 0.3740234375 0.5286458328125 0.34765625 0.5377604171875 0.345703125 0.5846354171875 0.3369140625 0.5963541671875 0.330078125 0.58984375 0.330078125 0.5403645828125 0.3076171875 0.5364583328125 0.28515625 0.5481770828125 0.2802734375 0.5807291671875 0.2373046875 0.5807291671875 0.2275390625 0.6015625 0.2119140625 0.5833333328125 0.1748046875 0.5833333328125 0.1494140625 0.5625 0.1279296875 0.5625 0.123046875 0.5377604171875 0.1162109375 0.53125 0.0634765625 0.5416666671875 0.0654296875 0.5520833328125 0.07421875 0.5533854171875 0.0712890625 0.5651041671875 0.0517578125 0.5625 0.0439453125 0.5416666671875 0.0048828125 0.5390625 0 0.5455729171875 0.0009765625 0.9973958328125001 1 0.99609375 1 0.59765625
7 0.4501953125 0.0260416671875 0.4072265625 0.0260416671875 0.380859375 0.0481770828125 0.380859375 0.05859375 0.3994140625 0.07552083281250001 0.453125 0.07942708281250001 0.4716796875 0.0703125 0.474609375 0.05078125 0.4658203125 0.0338541671875 0.4501953125 0.0260416671875
7 0.00390625 0.1080729171875 0.0185546875 0.125 0.064453125 0.1315104171875 0.08203125 0.1184895828125 0.0595703125 0.1015625 0.0244140625 0.09635416718749999 0.00390625 0.1080729171875
7 0.67578125 0.17578125 0.677734375 0.1627604171875 0.6708984375 0.1536458328125 0.6640625 0.1731770828125 0.67578125 0.17578125
7 0.052734375 0.19921875 0.0654296875 0.21354166718749998 0.103515625 0.21484375 0.111328125 0.20703125 0.0947265625 0.1953125 0.0634765625 0.1927083328125 0.052734375 0.19921875
7 0.2001953125 0.2890625 0.220703125 0.2877604171875 0.224609375 0.2799479171875 0.2158203125 0.2734375 0.1953125 0.27734375 0.2001953125 0.2890625
7 0.1259765625 0.28125 0.11328125 0.2877604171875 0.126953125 0.2955729171875 0.1259765625 0.28125
7 0.0029296875 0.23697916718749998 0.033203125 0.23567708281250002 0.037109375 0.22526041718749998 0.0322265625 0.22135416718749998 0 0.21744791718749998 0.0029296875 0.23697916718749998
7 0.2490234375 0.3359375 0.259765625 0.3346354171875 0.263671875 0.3268229171875 0.2568359375 0.3229166671875 0.240234375 0.3268229171875 0.2490234375 0.3359375
7 0.3046875 0.33984375 0.3037109375 0.328125 0.29296875 0.33203125 0.2939453125 0.3385416671875 0.3046875 0.33984375
10 0.447265625 0.4309895828125 0.44921875 0.3606770828125 0.443359375 0.3033854171875 0.4296875 0.2799479171875 0.4375 0.24088541718749998 0.4267578125 0.2265625 0.4150390625 0.2265625 0.408203125 0.23828125 0.408203125 0.2669270828125 0.380859375 0.3138020828125 0.390625 0.38671875 0.388671875 0.4127604171875 0.3984375 0.4544270828125 0.396484375 0.5794270828125 0.4033203125 0.5859375 0.4375 0.5846354171875 0.439453125 0.57421875 0.42578125 0.5611979171875 0.42578125 0.53515625 0.447265625 0.4309895828125
10 0.5517578125 0.4140625 0.533203125 0.4466145828125 0.5390625 0.52734375 0.544921875 0.52734375 0.5498046875 0.5104166671875 0.55859375 0.5247395828125 0.564453125 0.4518229171875 0.5517578125 0.4140625
10 0.283203125 0.5377604171875 0.2900390625 0.515625 0.291015625 0.5403645828125 0.298828125 0.5403645828125 0.296875 0.4622395828125 0.2861328125 0.4583333328125 0.28125 0.4700520828125 0.283203125 0.5377604171875
10 0.060546875 0.5221354171875 0.0693359375 0.5364583328125 0.078125 0.53515625 0.087890625 0.4934895828125 0.0654296875 0.4817708328125 0.056640625 0.48828125 0.060546875 0.5221354171875
10 0.076171875 0.46484375 0.0693359375 0.4296875 0.0595703125 0.4322916671875 0.02734375 0.48046875 0.0234375 0.5325520828125 0.037109375 0.53515625 0.044921875 0.5325520828125 0.044921875 0.48046875 0.0712890625 0.4739583328125 0.076171875 0.46484375
16 0.6 0.5875 0.6328125 0.6291666671875 0.7140625 0.6291666671875 0.7078125 0.3958333328125 0.7046875 0.3895833328125 0.675 0.3875 0.6671875 0.3875 0.6359375 0.3875 0.6109375 0.4125 0.609375 0.5625 0.6 0.5875
11 0.6796875 0 0.6734375 0.20833333281250002 0.675 0.38125 0.703125 0.38333333281250004 0.7125 0.40625 0.7109375 0.5895833328125 0.7234375 0.6041666671875 0.765625 0.6083333328125 0.7734375 0.60625 0.7796875 0 0.7713541671875 0 0.6796875 0