5 0.50625 0.5083333328124999 0.5015625 0.40416666718750005 0.49375 0.40416666718750005 0.465625 0.40833333281249995 0.4703125 0.5145833328125 0.503125 0.5145833328125 0.50625 0.5083333328124999
5 0.4640625 0.4375 0.4703125 0.5125 0.54375 0.5125 0.54375 0.3645833328125 0.46875 0.3604166671875 0.4640625 0.3604166671875 0.4546875 0.3645833328125 0.4625 0.36875 0.459375 0.43333333281249997 0.4640625 0.4375
14 0.2140625 0.5958333328125 0.2203125 0.5958333328125 0.221875 0.575 0.2703125 0.5791666671875 0.275 0.575 0.271875 0.55625 0.25 0.54375 0.2484375 0.5020833328125 0.240625 0.4770833328125 0.25 0.4625 0.2625 0.4625 0.2703125 0.5 0.2703125 0.46666666718750005 0.2828125 0.45625 0.3171875 0.46666666718750005 0.309375 0.5104166671875 0.3125 0.5145833328125 0.3171875 0.5041666671875 0.325 0.525 0.3109375 0.53125 0.328125 0.5375 0.328125 0.5916666671875 0.3375 0.5895833328125 0.3359375 0.46875 0.3375 0.45208333281249996 0.3484375 0.44375 0.3484375 0.4291666671875 0.2578125 0.425 0.246875 0.41041666718750003 0.2578125 0.3875 0.1734375 0.38333333281250004 0.1546875 0.3645833328125 0.153125 0.3625 0.153125 0.56875 0.1734375 0.5791666671875 0.209375 0.5645833328125 0.2140625 0.5958333328125
10 0.2953125 0.54375 0.29375 0.4625 0.2859375 0.4583333328125 0.2828125 0.4583333328125 0.2765625 0.525 0.278125 0.5354166671875 0.2828125 0.53125 0.2953125 0.54375
15 0 0.9979166671874999 0.9984375 0.9979166671874999 0.9984375 0.60625 0.9421875 0.6 0.9265625 0.5854166671875001 0.9859375 0.575 0.978125 0.5645833328125 0.9734375 0.575 0.9625 0.5625 0.9171875 0.5708333328124999 0.884375 0.5583333328125 0.825 0.5645833328125 0.80625 0.55625 0.7828125 0.5708333328124999 0.7875 0.60625 0.79375 0.6104166671875 0.7859375 0.6395833328125 0.7828125 0.6333333328124999 0.778125 0.6416666671875 0.753125 0.6416666671875 0.7515625 0.6479166671875001 0.75 0.6416666671875 0.73125 0.6416666671875 0.7296875 0.6479166671875001 0.6953125 0.6416666671875 0.6578125 0.6458333328125 0.63125 0.6416666671875 0.5921875 0.5916666671875 0.6046875 0.5625 0.590625 0.5375 0.5703125 0.5458333328125 0.54375 0.525 0.5015625 0.5229166671875001 0.5 0.5229166671875001 0.4703125 0.5270833328125 0.475 0.5583333328125 0.4671875 0.5895833328125 0.434375 0.6 0.415625 0.5916666671875 0.3921875 0.5958333328125 0.3796875 0.575 0.38125 0.5395833328124999 0.371875 0.5354166671875 0.3609375 0.5354166671875 0.3578125 0.5458333328125 0.3453125 0.5395833328124999 0.34375 0.5895833328125 0.3375 0.6020833328124999 0.328125 0.6020833328124999 0.31875 0.5895833328125 0.31875 0.5625 0.3125 0.5479166671875 0.2828125 0.5520833328125 0.275 0.5958333328125 0.25 0.5854166671875001 0.228125 0.5916666671875 0.2203125 0.6083333328125 0.2109375 0.6083333328125 0.203125 0.59375 0.165625 0.59375 0.1453125 0.58125 0.1140625 0.5854166671875001 0.0828125 0.575 0.071875 0.58125 0.0703125 0.575 0.05625 0.58125 0.04375 0.575 0.040625 0.58125 0.0296875 0.56875 0 0.5729166671875 0 0.9979166671874999
7 0.45625 0.0791666671875 0.46875 0.0666666671875 0.46875 0.0479166671875 0.4578125 0.0333333328125 0.440625 0.0270833328125 0.4328125 0.0270833328125 0.384375 0.0354166671875 0.375 0.058333332812500006 0.3984375 0.0791666671875 0.45625 0.0791666671875
7 0.675 0.1770833328125 0.6734375 0.1520833328125 0.66875 0.1520833328125 0.6609375 0.1625 0.6609375 0.175 0.66875 0.18125 0.675 0.1770833328125
7 0 0.11875 0.0375 0.13125 0.06875 0.125 0.0703125 0.1125 0.0640625 0.1041666671875 0.0328125 0.09375 0.0229166671875 0.09375 0 0.0958333328125 0 0.11875
7 0.1015625 0.2104166671875 0.1015625 0.2 0.08125 0.1916666671875 0.0734375 0.1916666671875 0.05 0.1916666671875 0.04375 0.20416666718749998 0.0671875 0.21458333281250003 0.1015625 0.2104166671875
7 0.1171875 0.28125 0.115625 0.28125 0.1078125 0.2854166671875 0.1140625 0.2958333328125 0.1203125 0.28958333281250004 0.1171875 0.28125
7 0.2484375 0.3229166671875 0.24375 0.3229166671875 0.234375 0.3291666671875 0.259375 0.3333333328125 0.2578125 0.325 0.2484375 0.3229166671875
10 0.2671875 0.42291666718750004 0.2953125 0.41875 0.2984375 0.3875 0.2859375 0.3541666671875 0.2828125 0.3541666671875 0.26875 0.39375 0.2625 0.3916666671875 0.259375 0.4125 0.2671875 0.42291666718750004
7 0.2953125 0.3291666671875 0.2890625 0.3375 0.3015625 0.3395833328125 0.296875 0.3291666671875 0.2953125 0.3291666671875
7 0.21875 0.2791666671875 0.2078125 0.27291666718749996 0.19921875 0.27291666718749996 0.1890625 0.275 0.1921875 0.2875 0.215625 0.2875 0.21875 0.2791666671875
7 0 0.23541666718749998 0.028125 0.23333333281250002 0.0234375 0.21875 0.0125 0.21458333281250003 0 0.21458333281250003 0 0.23541666718749998
7 0.2203125 0.2958333328125 0.215625 0.2958333328125 0.209375 0.2979166671875 0.2125 0.30625 0.225 0.30625 0.2203125 0.2958333328125
10 0.3875 0.35625 0.4015625 0.43541666718750005 0.3921875 0.58125 0.3984375 0.5875 0.4140625 0.56875 0.4265625 0.5875 0.4546875 0.5854166671875001 0.45 0.5708333328124999 0.465625 0.5625 0.446875 0.5625 0.4421875 0.5520833328125 0.4546875 0.41875 0.4484375 0.34375 0.48125 0.3479166671875 0.4609375 0.325 0.45 0.2916666671875 0.4359375 0.275 0.4375 0.2375 0.4265625 0.22291666718749997 0.4171875 0.22291666718749997 0.409375 0.23125 0.4125 0.2666666671875 0.3875 0.3104166671875 0.3875 0.35625
10 0.575 0.47291666718750003 0.584375 0.45416666718750004 0.56875 0.43125 0.565625 0.43125 0.55625 0.4625 0.5671875 0.5270833328125 0.575 0.51875 0.575 0.47291666718750003
10 0.0375 0.5270833328125 0.0375 0.4875 0.04375 0.4791666671875 0.0546875 0.48125 0.0484375 0.5 0.0546875 0.5041666671875 0.05625 0.5291666671875 0.0625 0.5375 0.0765625 0.5291666671875 0.08125 0.49375 0.0703125 0.4791666671875 0.075 0.46666666718750005 0.06875 0.4625 0.0609375 0.43125 0.0578125 0.43125 0.0234375 0.4791666671875 0.0171875 0.5208333328125 0.021875 0.5375 0.0375 0.5270833328125
10 0.3515625 0.5291666671875 0.3609375 0.5270833328125 0.371875 0.5020833328125 0.3671875 0.45625 0.35625 0.4479166671875 0.35625 0.47291666718750003 0.3421875 0.49375 0.3515625 0.5291666671875
7 0.784375 0 0.7828125 0.1166666671875 0.8171875 0.07083333281250001 0.825 0.0791666671875 0.8328125 0.075 0.8578125 0.0395833328125 0.853125 0.0354166671875 0.8625 0.01875 0.88125 0 0.8731770828125001 0 0.784375 0
7 0.5890625 0 0.5828125 0.06875 0.5890625 0.07083333281250001 0.5859375 0.075 0.6015625 0.0666666671875 0.634375 0.06875 0.6390625 0.07291666718749999 0.6328125 0.075 0.6359375 0.0791666671875 0.671875 0.06875 0.6765625 0 0.6686079546875 0 0.5890625 0
16 0.6328125 0.6333333328124999 0.715625 0.6354166671875 0.721875 0.6145833328125 0.7140625 0.5708333328124999 0.709375 0.39375 0.7046875 0.3875 0.665625 0.3854166671875 0.65625 0.3854166671875 0.634375 0.3875 0.609375 0.4145833328125 0.609375 0.60625 0.6328125 0.6333333328124999
11 0.125 0.5479166671875 0.1484375 0.54375 0.14375 0.3854166671875 0.1484375 0.2270833328125 0.1671875 0.2166666671875 0.1890625 0.225 0.1890625 0.1375 0.1765625 0.125 0.1625 0.1270833328125 0.1609375 0.125 0.121875 0.1270833328125 0.11875 0.13333333281249998 0.1203125 0.54375 0.125 0.5479166671875
11 0.678125 0 0.675 0.029166667187500002 0.6734375 0.3708333328125 0.68125 0.38333333281250004 0.7046875 0.38125 0.7171875 0.41041666718750003 0.715625 0.5729166671875 0.7171875 0.5979166671875 0.728125 0.6083333328125 0.7796875 0.6083333328125 0.78125 0 0.7733173078125 0 0.678125 0