15 0 0.9979166671874999 0.9984375 0.9979166671874999 0.9984375 0.59375 0.9859375 0.5791666671875 0.9859375 0.5583333328125 0.8984375 0.5520833328125 0.8859375 0.5604166671875 0.86875 0.55625 0.8640625 0.5645833328125 0.8609375 0.55625 0.8453125 0.55625 0.8328125 0.5395833328124999 0.76875 0.5458333328125 0.746875 0.5395833328124999 0.7390625 0.5479166671875 0.725 0.5416666671875 0.7234375 0.5395833328124999 0.7046875 0.55 0.659375 0.5458333328125 0.6453125 0.55625 0.5515625 0.5583333328125 0.49375 0.5770833328125 0.46875 0.5708333328124999 0.4078125 0.575 0.371875 0.5854166671875001 0.3375 0.5833333328125 0.325 0.59375 0.3046875 0.5833333328125 0.2890625 0.6166666671875001 0.2890625 0.6354166671875 0.2703125 0.6479166671875001 0.209375 0.6375 0.203125 0.6104166671875 0.175 0.6041666671875 0.15625 0.6083333328125 0.1453125 0.6208333328125 0.13125 0.6104166671875 0.0953125 0.6083333328125 0.078125 0.6333333328124999 0.0671875 0.6270833328125 0.00625 0.6333333328124999 0 0.6375 0 0.9979166671874999
5 0.490625 0.2666666671875 0.5015625 0.3 0.5125 0.30416666718749996 0.51875 0.31875 0.5234375 0.375 0.515625 0.45625 0.5484375 0.48333333281249996 0.5546875 0.5395833328124999 0.6421875 0.5291666671875 0.7484375 0.5333333328125 0.7625 0.5270833328125 0.7859375 0.5333333328125 0.8390625 0.5270833328125 0.8359375 0.25833333281250004 0.8421875 0.23333333281250002 0.840625 0.1145833328125 0.8265625 0.1145833328125 0.4515625 0.16875 0.4546875 0.25625 0.471875 0.2708333328125 0.490625 0.2666666671875
7 0.615625 0.24375 0.58125 0.2 0.5734375 0.2 0.575 0.21875 0.6 0.25 0.6140625 0.25625 0.615625 0.24375
7 0.1734375 0.11041666718750001 0.1703125 0.11041666718750001 0.1671875 0.13125 0.1765625 0.1395833328125 0.1890625 0.12291666718750001 0.1734375 0.11041666718750001
7 0.75 0.0354166671875 0.7359375 0.0354166671875 0.725 0.0395833328125 0.7265625 0.060416667187499995 0.746875 0.058333332812500006 0.75 0.0354166671875
10 0.19375 0.22916666718749998 0.1875 0.28958333281250004 0.1890625 0.3 0.215625 0.3104166671875 0.2125 0.48333333281249996 0.234375 0.5916666671875 0.2109375 0.6270833328125 0.2265625 0.6291666671875 0.2578125 0.6020833328124999 0.2421875 0.49791666718750005 0.2453125 0.45208333281249996 0.2546875 0.42291666718750004 0.2640625 0.6125 0.2515625 0.6354166671875 0.2640625 0.6395833328125 0.2828125 0.6291666671875 0.28125 0.5875 0.2875 0.5791666671875 0.2859375 0.4625 0.3 0.3916666671875 0.2921875 0.2979166671875 0.3140625 0.29375 0.3140625 0.2770833328125 0.2953125 0.19583333281249998 0.2671875 0.1625 0.2703125 0.1270833328125 0.265625 0.1125 0.2484375 0.09375 0.240625 0.09375 0.228125 0.0979166671875 0.215625 0.11875 0.2109375 0.18125 0.19375 0.22916666718749998
14 0.4578125 0.44375 0.459375 0.5375 0.4546875 0.5604166671875 0.4875 0.5479166671875 0.4796875 0.48333333281249996 0.484375 0.45 0.48125 0.3916666671875 0.471875 0.3916666671875 0.4375 0.3958333328125 0.4421875 0.41875 0.4640625 0.43125 0.4578125 0.44375
10 0.48125 0.46666666718750005 0.490625 0.55 0.46875 0.55625 0.4671875 0.5625 0.475 0.5645833328125 0.5140625 0.55625 0.509375 0.45625 0.5234375 0.3604166671875 0.5140625 0.3104166671875 0.5 0.3 0.49375 0.27291666718749996 0.4859375 0.2666666671875 0.4828125 0.2666666671875 0.4703125 0.2875 0.4734375 0.3020833328125 0.4921875 0.3166666671875 0.48125 0.46666666718750005
14 0 0.6309834875 0.0042022515625 0.50625591875 0.055787778125 0.50625591875 0.06604204999999999 0.6226726359375 0.071143721875 0.6234281921875 0.0632077796875 0.5093428578125 0.0768122640625 0.63400560625 0.081347065625 0.63400560625 0.0722774234375 0.5100983875 0.1109375 0.50625 0.1323637484375 0.50480965625 0.1476687640625 0.62191713125 0.1516367359375 0.62493925 0.1359375 0.5 0.1390625 0.40208333281249997 0.0859375 0.39375 0.078125 0.39375 0.0625 0.49791666718750005 0 0.49671597343749996 0 0.6309834875
10 0.034375 0.5979166671875 0.025 0.5333333328125 0.0125 0.5104166671875 0.0078125 0.5104166671875 0.0078125 0.6083333328125 0.025 0.6145833328125 0.0328125 0.6104166671875 0.034375 0.5979166671875
10 0 0.49791666718750005 0.0296875 0.49583333281249997 0.0625 0.47291666718750003 0.0734375 0.3916666671875 0.0484375 0.33541666718749996 0.0515625 0.3125 0.0375 0.3083333328125 0.0015625 0.2479166671875 0 0.2479166671875 0 0.3791666671875 0.009375 0.40833333281249995 0 0.42083333281249996 0 0.49791666718750005
10 0.2875 0.48125 0.290625 0.5604166671875 0.29375 0.5645833328125 0.3015625 0.55 0.3265625 0.5770833328125 0.3484375 0.55625 0.3484375 0.5395833328124999 0.3421875 0.47291666718750003 0.33125 0.4625 0.3421875 0.44375 0.334375 0.41041666718750003 0.3234375 0.275 0.315625 0.25833333281250004 0.3125 0.25833333281250004 0.315625 0.28958333281250004 0.29375 0.3020833328125 0.303125 0.38125 0.2875 0.48125
5 0.490625 0.325 0.4890625 0.3145833328125 0.475 0.30625 0.4734375 0.30416666718749996 0.4734375 0.3583333328125 0.475 0.3708333328125 0.48125 0.3708333328125 0.490625 0.325
4 0.3671875 0.5625 0.3765625 0.5541666671875001 0.43125 0.5520833328125 0.446875 0.5604166671875 0.4578125 0.5458333328125 0.45625 0.4375 0.4625 0.43125 0.44375 0.44375 0.4171875 0.44166666718750003 0.40625 0.43125 0.3984375 0.43125 0.35 0.43541666718750005 0.3421875 0.4916666671875 0.3515625 0.5520833328125 0.3671875 0.5625
14 0.253125 0.4375 0.2515625 0.4375 0.24375 0.49583333281249997 0.259375 0.5854166671875001 0.2625 0.5604166671875 0.253125 0.4375
14 0.1921875 0.5 0.1859375 0.5375 0.15625 0.5854166671875001 0.1578125 0.5958333328125 0.190625 0.5916666671875 0.2078125 0.6020833328124999 0.23125 0.5916666671875 0.209375 0.475 0.2125 0.3395833328125 0.2015625 0.3395833328125 0.171875 0.3416666671875 0.1640625 0.35 0.1859375 0.40208333281249997 0.1921875 0.5
10 0.3734375 0.4270833328125 0.4015625 0.4270833328125 0.409375 0.42083333281249996 0.4125 0.3958333328125 0.4265625 0.3916666671875 0.425 0.3708333328125 0.40625 0.3416666671875 0.403125 0.30416666718749996 0.3921875 0.30416666718749996 0.3875 0.3333333328125 0.3703125 0.3604166671875 0.3765625 0.4 0.3734375 0.4270833328125
11 0.875 0 0.8453125 0.0041666671875 0.8484375 0.0916666671875 0.8390625 0.3083333328125 0.8421875 0.40416666718750005 0.85 0.40833333281249995 0.84375 0.425 0.8421875 0.5395833328124999 0.8515625 0.55 0.8765625 0.5520833328125 0.8890625 0.5479166671875 0.8921875 0.5354166671875 0.8875 0.0791666671875 0.896875 0.058333332812500006 0.8921875 0.0041666671875 0.884375 0 0.875 0
11 0.053125 0 0.05625 0.3479166671875 0.078125 0.3916666671875 0.1390625 0.4 0.1359375 0.48541666718750004 0.15 0.5895833328125 0.1734375 0.5583333328125 0.175 0.5375 0.171875 0.45208333281249996 0.1765625 0.3875 0.1625 0.3541666671875 0.1703125 0.3375 0.1640625 0.30625 0.1703125 0.20416666718749998 0.165625 0.1291666671875 0.16875 0.010416667187500001 0.1625 0 0.1546875 0 0.053125 0
11 0.0765625 0.5104166671875 0.075 0.5083333328124999 0.078125 0.5770833328125 0.1125 0.575 0.1125 0.5125 0.0765625 0.5104166671875
12 0.996875 0.3145833328125 0.990625 0.325 0.9953125 0.5833333328125 0.9984375 0.3145833328125 0.996875 0.3145833328125