11 0.6125 0.26328125 0.0375 0.5265625
11 0.18984375 0.44921875 0.1640625 0.33125
18 0.48203125 0.30703125 0.2328125 0.36015625
12 0.8578125 0.44921875 0.278125 0.41875
15 0.49921875 0.75078125 0.9953125 0.48984375
7 0.4546875 0.09921875 0.078125 0.03984375
7 0.72421875 0.09609375 0.0796875 0.04140625
7 0.215625 0.09609375 0.04375 0.03359375
10 0.09375 0.33125 0.15 0.60859375
10 0.6453125 0.428125 0.059375 0.21875
10 0.3125 0.409375 0.075 0.30234375
10 0.38671875 0.44453125 0.0203125 0.14765625
10 0.73359375 0.38828125 0.0484375 0.11875