5 0.5265625 0.43125 0.065625 0.18359375
12 0.88828125 0.46484375 0.2171875 0.2625
15 0.4984375 0.75625 0.996875 0.47890625
7 0.51171875 0.30859375 0.0234375 0.0375
7 0.97890625 0.334375 0.0265625 0.02265625
7 0.0234375 0.125 0.046875 0.0375
7 0.24296875 0.23828125 0.0546875 0.02265625
7 0.1546875 0.178125 0.046875 0.02265625
7 0.03359375 0.06953125 0.0390625 0.02734375
7 0.6265625 0.21484375 0.01875 0.01640625
7 0.25 0.19375 0.028125 0.01640625
7 0.97109375 0.18203125 0.0265625 0.02265625
7 0.55703125 0.01875 0.1015625 0.0375
7 0.18203125 0.24921875 0.0234375 0.01484375
10 0.2765625 0.42265625 0.078125 0.28359375
10 0.4671875 0.43984375 0.040625 0.19140625
10 0.42421875 0.44296875 0.0359375 0.21015625