11 0.18671875 0.38984375 0.0546875 0.36640625
18 0.578125 0.39609375 0.253125 0.25859375
5 0.546875 0.43515625 0.0625 0.175
5 0.63984375 0.39453125 0.1265625 0.24765625
12 0.8921875 0.47734375 0.2125 0.27890625
15 0.49921875 0.75625 0.9984375 0.47890625
7 0.53125 0.315625 0.021875 0.03515625
7 0.57265625 0.03203125 0.0953125 0.06015625
7 0.06484375 0.15078125 0.0703125 0.03515625
7 0.19765625 0.196875 0.0421875 0.02265625
7 0.021875 0.01875 0.04375 0.0375
7 0.09375 0.103125 0.034375 0.02265625
7 0.278125 0.253125 0.05 0.02265625
7 0.925 0.02109375 0.10625 0.04140625
7 0.1578125 0.228125 0.015625 0.01875
7 0.96484375 0.20234375 0.0234375 0.02109375
7 0.2859375 0.21171875 0.025 0.01875
10 0.32265625 0.43203125 0.0671875 0.25625
10 0.11171875 0.43984375 0.0515625 0.2375
10 0.49140625 0.44453125 0.0359375 0.18125
10 0.45625 0.44921875 0.040625 0.19765625
10 0.25859375 0.35390625 0.0453125 0.05859375
10 0.42421875 0.3875 0.0296875 0.05859375