7 0.7234375 0 0.721875 0.058333332812500006 0.6890625 0.075 0.6828125 0.0979166671875 0.690625 0.10833333281249999 0.7359375 0.11041666718750001 0.7671875 0.09375 0.765625 0.06875 0.7515625 0.058333332812500006 0.7265625 0.05625 0.7328125 0.0354166671875 0.73125 0 0.7234375 0
16 0.775 0.2125 0.746875 0.23333333281250002 0.6796875 0.3125 0.6734375 0.45416666718750004 0.6765625 0.5791666671875 0.665625 0.7 0.6890625 0.7458333328125 0.8453125 0.9666666671874999 0.9984375 0.9645833328125001 0.9984375 0.10833333281249999 0.909375 0.10833333281249999 0.90078125 0.10833333281249999 0.8578125 0.10833333281249999 0.8453125 0.1166666671875 0.7828125 0.1916666671875 0.775 0.2125
7 0.684375 0.1020833328125 0.7078125 0.1125 0.759375 0.1020833328125 0.76875 0.0791666671875 0.7515625 0.060416667187499995 0.742578125 0.060416667187499995 0.715625 0.060416667187499995 0.69375 0.07083333281250001 0.6828125 0.0895833328125 0.684375 0.1020833328125
7 0.1375 0.2708333328125 0.121875 0.2666666671875 0.1078125 0.2666666671875 0.0984375 0.27291666718749996 0.1 0.2791666671875 0.140625 0.2791666671875 0.1375 0.2708333328125
14 0.16875 0.5541666671875001 0.184375 0.54375 0.1703125 0.5020833328125 0.1703125 0.4625 0.184375 0.42291666718750004 0.18125 0.4145833328125 0.16875 0.4125 0.1609375 0.4125 0.1375 0.4125 0.1359375 0.41875 0.1390625 0.5520833328125 0.16875 0.5541666671875001
10 0.1875 0.39791666718749996 0.1859375 0.4875 0.1921875 0.5145833328125 0.1828125 0.55625 0.2015625 0.5541666671875001 0.2078125 0.5020833328125 0.2109375 0.53125 0.20625 0.5479166671875 0.215625 0.5541666671875001 0.2234375 0.5083333328124999 0.21875 0.40625 0.225 0.3541666671875 0.2125 0.33125 0.2109375 0.3104166671875 0.203125 0.3104166671875 0.2 0.33125 0.18125 0.3625 0.18125 0.3916666671875 0.1875 0.39791666718749996
7 0.2578125 0.32083333281250004 0.25 0.3166666671875 0.2390625 0.3166666671875 0.228125 0.3166666671875 0.2234375 0.325 0.2546875 0.3291666671875 0.2578125 0.32083333281250004
5 0.45625 0.4583333328125 0.45625 0.5083333328124999 0.465625 0.5145833328125 0.5328125 0.50625 0.5390625 0.4916666671875 0.540625 0.3395833328125 0.4875 0.3395833328125 0.4859375 0.3375 0.45 0.3416666671875 0.45625 0.45208333281249996 0.4421875 0.45416666718750004 0.45625 0.4583333328125
15 0 0.9979166671874999 0.9984375 0.9958333328125001 0.9984375 0.9729166671874999 0.8515625 0.9770833328125 0.840625 0.9708333328125001 0.6625 0.7208333328125 0.65625 0.6833333328125 0.6640625 0.63125 0.6625 0.5875 0.5921875 0.54375 0.5796875 0.55 0.5703125 0.5416666671875 0.5671875 0.525 0.546875 0.53125 0.5359375 0.51875 0.50625 0.5166666671875 0.5046875 0.5166666671875 0.4984375 0.5229166671875001 0.4625 0.51875 0.384375 0.5333333328125 0.3921875 0.56875 0.4046875 0.5791666671875 0.4078125 0.5916666671875 0.415625 0.5916666671875 0.4234375 0.6104166671875 0.41875 0.625 0.3828125 0.6291666671875 0.396875 0.6395833328125 0.3984375 0.6520833328125 0.371875 0.6708333328125 0.3296875 0.675 0.315625 0.6708333328125 0.309375 0.6583333328125 0.2671875 0.6604166671875 0.2625 0.6333333328124999 0.2703125 0.6145833328125 0.2703125 0.5791666671875 0.2640625 0.54375 0.2265625 0.5479166671875 0.2171875 0.5645833328125 0.1484375 0.5604166671875 0.15 0.5770833328125 0.1375 0.5875 0.140625 0.66875 0.1328125 0.69375 0.1140625 0.6958333328124999 0.109375 0.6854166671875 0.1109375 0.5833333328125 0.090625 0.5895833328125 0.0921875 0.6375 0.084375 0.6541666671875 0.0765625 0.6479166671875001 0.071875 0.6541666671875 0.053125 0.6270833328125 0.028125 0.64375 0 0.64375 0 0.9979166671874999
10 0.3703125 0.6125 0.3765625 0.61875 0.4140625 0.6166666671875001 0.41875 0.6083333328125 0.390625 0.5854166671875001 0.38125 0.5645833328125 0.36875 0.46666666718750005 0.36875 0.4625 0.3578125 0.4916666671875 0.3546875 0.54375 0.371875 0.5895833328125 0.3703125 0.6125
10 0.4359375 0.49583333281249997 0.4390625 0.43541666718750005 0.43125 0.40416666718750005 0.425 0.40416666718750005 0.4109375 0.4291666671875 0.4234375 0.5145833328125 0.4328125 0.5145833328125 0.4359375 0.49583333281249997
5 0.4953125 0.50625 0.4953125 0.39375 0.486328125 0.39375 0.4578125 0.3958333328125 0.4578125 0.5041666671875 0.465625 0.5125 0.4953125 0.50625
10 0 0.2979166671875 0.0109375 0.2979166671875 0.0234375 0.2854166671875 0.0265625 0.25833333281250004 0.025 0.2479166671875 0.0140625 0.23958333281250002 0.01875 0.22291666718749997 0.015625 0.2 0.0046875 0.1895833328125 0 0.1895833328125 0 0.2979166671875
7 0.090625 0.1458333328125 0.075 0.1375 0.06484375 0.1375 0.0515625 0.1416666671875 0.053125 0.1583333328125 0.0890625 0.1583333328125 0.090625 0.1458333328125
7 0.14375 0.225 0.1234375 0.2166666671875 0.1140625 0.2166666671875 0.0921875 0.2270833328125 0.125 0.23958333281250002 0.1453125 0.23333333281250002 0.14375 0.225
7 0.4171875 0.35 0.4171875 0.3604166671875 0.4296875 0.3708333328125 0.421875 0.35 0.4171875 0.35
7 0.6859375 0.20416666718749998 0.703125 0.1916666671875 0.7015625 0.17916666718750002 0.690625 0.1708333328125 0.6817708328125 0.1708333328125 0.6515625 0.175 0.6421875 0.19375 0.6546875 0.20416666718749998 0.6859375 0.20416666718749998
7 0.1609375 0.2541666671875 0.15234375 0.2541666671875 0.14375 0.2541666671875 0.14375 0.2604166671875 0.1609375 0.2645833328125 0.1609375 0.2541666671875
10 0.33125 0 0.303125 0.00625 0.30625 0.06875 0.275 0.1145833328125 0.259375 0.1520833328125 0.259375 0.2520833328125 0.2734375 0.2979166671875 0.271875 0.3270833328125 0.2828125 0.40625 0.271875 0.5229166671875001 0.275 0.61875 0.2671875 0.65 0.2828125 0.6541666671875 0.3171875 0.6395833328125 0.3203125 0.6583333328125 0.359375 0.6604166671875 0.39375 0.65 0.35625 0.6145833328125 0.3515625 0.5833333328125 0.35625 0.4916666671875 0.365625 0.46666666718750005 0.3671875 0.42291666718750004 0.3828125 0.35625 0.3828125 0.2833333328125 0.3703125 0.13125 0.3484375 0.0875 0.353125 0.025 0.3390625 0 0.33125 0
7 0.4671875 0.20208333281250002 0.478125 0.19375 0.4734375 0.17916666718750002 0.4359375 0.1729166671875 0.4328125 0.1729166671875 0.41875 0.18125 0.4171875 0.19375 0.425 0.20208333281250002 0.4671875 0.20208333281250002
7 0.403125 0.1125 0.4390625 0.1208333328125 0.4609375 0.1125 0.4671875 0.0875 0.446875 0.06875 0.437890625 0.06875 0.40625 0.07083333281250001 0.390625 0.08541666718749999 0.3859375 0.1 0.403125 0.1125
14 0 0.4270833328125 0.025 0.4270833328125 0.0328125 0.44375 0.0328125 0.46666666718750005 0.0390625 0.43958333281249995 0.0625 0.44166666718750003 0.08125 0.45416666718750004 0.075 0.4625 0.0828125 0.47083333281249995 0.071875 0.4770833328125 0.071875 0.49791666718750005 0.0765625 0.5 0.06875 0.575 0.071875 0.6375 0.0828125 0.6375 0.0875 0.6208333328125 0.0828125 0.5895833328125 0.0921875 0.5708333328124999 0.0875 0.5520833328125 0.0921875 0.5416666671875 0.09375 0.4604166671875 0.1015625 0.46666666718750005 0.1109375 0.4604166671875 0.115625 0.46875 0.115625 0.675 0.11875 0.6875 0.1296875 0.6875 0.134375 0.59375 0.1265625 0.5875 0.125 0.5708333328124999 0.134375 0.5625 0.134375 0.4 0.1609375 0.3875 0.1609375 0.3625 0.1328125 0.3583333328125 0.1265625 0.35 0.1203125 0.35625 0.0015625 0.35 0 0.35 0 0.4270833328125
14 0 0.35 0.0703125 0.35208333281250004 0.084375 0.32083333281250004 0.0484375 0.3 0.04375 0.30416666718749996 0.0375 0.2979166671875 0.0484375 0.29375 0.034375 0.28958333281250004 0.0203125 0.28958333281250004 0.015625 0.2958333328125 0.034375 0.2979166671875 0 0.3020833328125 0 0.35
14 0 0.6166666671875001 0.028125 0.6104166671875 0.0640625 0.6166666671875001 0.06875 0.5875 0.0484375 0.54375 0.0484375 0.5208333328125 0.04375 0.5270833328125 0.0390625 0.5166666671875 0.046875 0.5145833328125 0.0484375 0.4458333328125 0.0375 0.45416666718750004 0.025 0.4270833328125 0.003125 0.425 0 0.425 0 0.6166666671875001
14 0.2640625 0.5375 0.2703125 0.5291666671875 0.2796875 0.43541666718750005 0.2640625 0.43333333281249997 0.25625 0.43333333281249997 0.25 0.4375 0.2578125 0.47291666718750003 0.25 0.5375 0.2640625 0.5375
10 0.2484375 0.39791666718749996 0.240625 0.3958333328125 0.2375 0.43333333281249997 0.278125 0.43333333281249997 0.278125 0.3916666671875 0.271875 0.3916666671875 0.2703125 0.40416666718750005 0.2546875 0.42083333281249996 0.2484375 0.4145833328125 0.2484375 0.39791666718749996