5 0.4921875 0.2770833328125 0.50625 0.2791666671875 0.5125 0.29375 0.534375 0.28958333281250004 0.540625 0.3104166671875 0.5765625 0.35208333281250004 0.5734375 0.41875 0.565625 0.42291666718750004 0.5625 0.4583333328125 0.58125 0.48541666718750004 0.5828125 0.5270833328125 0.734375 0.51875 0.7515625 0.5270833328125 0.7578125 0.5166666671875 0.8265625 0.5145833328125 0.825 0.4479166671875 0.8140625 0.3770833328125 0.8171875 0.35208333281250004 0.8359375 0.3333333328125 0.8484375 0.29375 0.85 0.16875 0.8453125 0.14791666718750002 0.8453125 0.1458333328125 0.6890625 0.175 0.5046875 0.19583333281249998 0.4890625 0.20416666718749998 0.4921875 0.2770833328125
7 0.646875 0.2645833328125 0.609375 0.22291666718749997 0.6046875 0.22291666718749997 0.603125 0.23958333281250002 0.6234375 0.2666666671875 0.646875 0.2791666671875 0.646875 0.2645833328125
10 0.521875 0.54375 0.5375 0.54375 0.534375 0.47291666718750003 0.540625 0.45416666718750004 0.55 0.5020833328125 0.5453125 0.54375 0.5546875 0.5458333328125 0.5609375 0.5354166671875 0.5578125 0.43541666718750005 0.575 0.3604166671875 0.553125 0.325 0.540625 0.3166666671875 0.5296875 0.28958333281250004 0.521875 0.28958333281250004 0.515625 0.2958333328125 0.515625 0.3104166671875 0.53125 0.3333333328125 0.521875 0.54375
7 0.5265625 0.3270833328125 0.521875 0.3270833328125 0.5203125 0.3395833328125 0.5296875 0.3416666671875 0.5328125 0.3333333328125 0.5265625 0.3270833328125
10 0.8296875 0.47083333281249995 0.8328125 0.5395833328124999 0.8421875 0.55 0.8625 0.5354166671875 0.8578125 0.5229166671875001 0.8765625 0.4625 0.871875 0.41875 0.8765625 0.38333333281250004 0.871875 0.3541666671875 0.8578125 0.3333333328125 0.85625 0.3 0.85 0.3 0.84375 0.33125 0.81875 0.35625 0.815625 0.3854166671875 0.8296875 0.47083333281249995
10 0.296875 0.3 0.29375 0.40833333281249995 0.30625 0.47083333281249995 0.3046875 0.5791666671875 0.3078125 0.5895833328125 0.321875 0.5875 0.3171875 0.5625 0.328125 0.44166666718750003 0.3359375 0.5604166671875 0.3421875 0.5916666671875 0.35625 0.5958333328125 0.3671875 0.5875 0.3640625 0.5729166671875 0.3546875 0.56875 0.3609375 0.40625 0.353125 0.33125 0.3734375 0.3583333328125 0.3765625 0.38333333281250004 0.390625 0.39791666718749996 0.3921875 0.41875 0.4 0.4270833328125 0.4015625 0.4145833328125 0.375 0.3395833328125 0.36875 0.2958333328125 0.3421875 0.21875 0.3328125 0.20833333281250002 0.3234375 0.20833333281250002 0.3109375 0.2208333328125 0.3078125 0.2520833328125 0.290625 0.2833333328125 0.296875 0.3
10 0.4015625 0.42291666718750004 0.390625 0.42291666718750004 0.3875 0.39791666718749996 0.375 0.38333333281250004 0.3671875 0.3583333328125 0.359375 0.3604166671875 0.359375 0.39375 0.36875 0.41041666718750003 0.36875 0.48125 0.378125 0.49375 0.3765625 0.5375 0.403125 0.5625 0.421875 0.5520833328125 0.415625 0.40208333281249997 0.4265625 0.3958333328125 0.4265625 0.3625 0.4234375 0.3333333328125 0.403125 0.3145833328125 0.4015625 0.2875 0.3953125 0.2875 0.3875 0.3 0.3875 0.3145833328125 0.375 0.33125 0.4015625 0.42291666718750004
10 0 0 0 0.20625 0.0265625 0.21875 0.0265625 0.2958333328125 0.0421875 0.33541666718749996 0.0359375 0.3479166671875 0.05 0.3625 0.0578125 0.44375 0.053125 0.49583333281249997 0.0359375 0.5333333328125 0.0265625 0.5791666671875 0.0328125 0.7145833328125 0.01875 0.7625 0.01875 0.7895833328124999 0.025 0.79375 0.121875 0.78125 0.14375 0.7645833328125 0.1390625 0.75 0.1203125 0.7479166671875 0.1 0.725 0.08125 0.7166666671875 0.0765625 0.6958333328124999 0.08125 0.6375 0.1015625 0.5291666671875 0.1296875 0.46666666718750005 0.15 0.39791666718749996 0.178125 0.43333333281249997 0.175 0.43958333281249995 0.1875 0.4625 0.1875 0.48541666718750004 0.178125 0.5125 0.1640625 0.5291666671875 0.159375 0.6520833328125 0.1609375 0.6666666671875 0.1734375 0.6833333328125 0.15625 0.6895833328125 0.1484375 0.70625 0.1515625 0.75 0.1921875 0.7604166671875 0.2453125 0.7583333328124999 0.284375 0.7416666671875001 0.3015625 0.7166666671875 0.3 0.7083333328125 0.2703125 0.7104166671875001 0.2421875 0.6916666671875 0.2171875 0.6875 0.2109375 0.66875 0.2171875 0.59375 0.246875 0.4625 0.246875 0.38333333281250004 0.234375 0.35 0.2859375 0.35208333281250004 0.2921875 0.3416666671875 0.2921875 0.3083333328125 0.2796875 0.28125 0.240625 0.275 0.2328125 0.2520833328125 0.2109375 0.22291666718749997 0.2125 0.20833333281250002 0.2046875 0.19583333281249998 0.1796875 0.0666666671875 0.184375 0.058333332812500006 0.1890625 0.0666666671875 0.196875 0.0645833328125 0.1875 0.05625 0.19375 0.029166667187500002 0.1796875 0 0.171875 0 0 0
15 0 0.9979166671874999 0.9984375 0.9979166671874999 0.9984375 0.61875 0.990625 0.6229166671875 0.9859375 0.6104166671875 0.971875 0.6083333328125 0.965625 0.59375 0.9546875 0.59375 0.9390625 0.5395833328124999 0.86875 0.5416666671875 0.85 0.55625 0.8328125 0.55625 0.821875 0.5270833328125 0.721875 0.5291666671875 0.7203125 0.5270833328125 0.675 0.5333333328125 0.653125 0.5458333328125 0.5828125 0.5458333328125 0.5484375 0.5583333328125 0.496875 0.55625 0.3765625 0.575 0.371875 0.5979166671875 0.346875 0.60625 0.334375 0.5854166671875001 0.3140625 0.6 0.2953125 0.5854166671875001 0.228125 0.5833333328125 0.2203125 0.6104166671875 0.2203125 0.68125 0.25 0.6875 0.2765625 0.70625 0.29375 0.7020833328125 0.3015625 0.6916666671875 0.3078125 0.7145833328125 0.2953125 0.7416666671875001 0.2578125 0.7625 0.21875 0.76875 0.1578125 0.7625 0.15 0.7520833328125 0.1484375 0.76875 0.134375 0.7833333328125 0.04375 0.8041666671875 0.025 0.8020833328125001 0.0140625 0.7916666671875 0.015625 0.75625 0.028125 0.7166666671875 0.0234375 0.6145833328125 0.0171875 0.5958333328125 0.015625 0.6145833328125 0 0.6208333328125 0 0.9979166671874999
15 0.140625 0.74375 0.1546875 0.6541666671875 0.1546875 0.5979166671875 0.153125 0.5895833328125 0.1390625 0.5875 0.13125 0.5979166671875 0.1265625 0.5875 0.125 0.5875 0.09375 0.6020833328124999 0.0828125 0.6979166671875 0.11875 0.7395833328125 0.140625 0.74375
4 0.4953125 0.4458333328125 0.4734375 0.45208333281249996 0.4546875 0.43958333281249995 0.434375 0.4375 0.4203125 0.4375 0.425 0.5458333328125 0.4921875 0.5416666671875 0.496875 0.5354166671875 0.4953125 0.4458333328125
10 0.428125 0.41875 0.4203125 0.42291666718750004 0.4265625 0.43541666718750005 0.4515625 0.43541666718750005 0.465625 0.3854166671875 0.453125 0.3604166671875 0.453125 0.3395833328125 0.4453125 0.3229166671875 0.4421875 0.3229166671875 0.434375 0.3291666671875 0.434375 0.35625 0.428125 0.3604166671875 0.428125 0.41875
14 0.521875 0.5270833328125 0.5203125 0.45416666718750004 0.5265625 0.39791666718749996 0.5125 0.39791666718749996 0.4796875 0.40625 0.4984375 0.4458333328125 0.5015625 0.5458333328125 0.521875 0.5270833328125
14 0.33125 0.48125 0.3296875 0.4791666671875 0.3234375 0.525 0.3296875 0.5708333328124999 0.3359375 0.56875 0.33125 0.48125
14 0.278125 0.5041666671875 0.2515625 0.5729166671875 0.296875 0.5791666671875 0.303125 0.56875 0.3 0.5125 0.3046875 0.4770833328125 0.2921875 0.4145833328125 0.2921875 0.3708333328125 0.275 0.36666666718749996 0.2734375 0.36666666718749996 0.2640625 0.36875 0.2578125 0.38333333281250004 0.2765625 0.43125 0.278125 0.5041666671875
12 0.959375 0.5916666671875 0.984375 0.6020833328124999 0.9921875 0.6145833328125 0.9984375 0.6125 0.9984375 0.2854166671875 0.996875 0.2854166671875 0.95 0.35208333281250004 0.9484375 0.4375 0.95 0.5604166671875 0.959375 0.5916666671875
10 0.028125 0.42291666718750004 0.0453125 0.43333333281249997 0.021875 0.43958333281249995 0.028125 0.45416666718750004 0.0234375 0.4625 0.034375 0.4791666671875 0.0375 0.5291666671875 0.05 0.49791666718750005 0.0546875 0.4375 0.046875 0.35208333281250004 0.025 0.29375 0.0234375 0.29375 0.015625 0.325 0.01875 0.3583333328125 0.028125 0.3770833328125 0.028125 0.42291666718750004
11 0.8871874999999999 0 0.853125 0.0041666671875 0.8515625 0.2854166671875 0.8625 0.3083333328125 0.859375 0.3291666671875 0.875 0.3583333328125 0.88125 0.40833333281249995 0.8796875 0.4583333328125 0.8640625 0.5145833328125 0.86875 0.5395833328124999 0.8921875 0.5333333328125 0.89375 0.5145833328125 0.890625 0.1270833328125 0.896875 0.09375 0.89375 0.0166666671875 0.9 0.0125 0.8953125 0 0.8871874999999999 0