5 0.5296875 0.384375 0.1125 0.36875
5 0.0984375 0.38828125 0.125 0.52734375
15 0.49921875 0.77890625 0.9984375 0.4375
7 0.5484375 0.24296875 0.034375 0.02734375
7 0.53046875 0.36015625 0.0671875 0.07890625
7 0.6484375 0.35 0.0375 0.04140625
7 0.14453125 0.14765625 0.0328125 0.05
7 0.675 0.24375 0.0375 0.025
10 0.28203125 0.39921875 0.1171875 0.40234375
10 0.91171875 0.38203125 0.1234375 0.43984375
10 0.70078125 0.41875 0.0734375 0.325
10 0.41328125 0.39375 0.0921875 0.40859375
10 0.8078125 0.40078125 0.065625 0.27265625