11 0.25 0.34296875 0.08125 0.54765625
11 0.36953125 0.471875 0.1453125 0.30625
15 0.49921875 0.76171875 0.9953125 0.46875
7 0.17734375 0.06953125 0.0828125 0.04765625
7 0.78046875 0.275 0.0265625 0.05
7 0.4640625 0.21015625 0.05625 0.02890625
7 0.35390625 0.13203125 0.0515625 0.03125
7 0.33671875 0.18671875 0.0453125 0.02734375
7 0.93515625 0.13671875 0.0265625 0.02265625
7 0.40234375 0.22734375 0.0234375 0.01640625
7 0.4625 0.14375 0.03125 0.02109375
10 0.4234375 0.40703125 0.0875 0.35625
10 0.64921875 0.43671875 0.0765625 0.27734375
10 0.721875 0.428125 0.04375 0.24765625
10 0.1875 0.41953125 0.053125 0.30234375
10 0.70234375 0.440625 0.0515625 0.24765625
10 0.30625 0.42578125 0.040625 0.27265625