11 0.1109375 0.45234375 0.209375 0.40859375
11 0.6140625 0.271875 0.040625 0.54375
18 0.47578125 0.309375 0.2421875 0.38515625
15 0.49921875 0.75703125 0.9953125 0.47734375
7 0.4484375 0.08515625 0.08125 0.04140625
7 0.72890625 0.08359375 0.0828125 0.04609375
7 0.1921875 0.08125 0.040625 0.0375
7 0.72890625 0.053125 0.0828125 0.10625
7 0.12109375 0.153125 0.0390625 0.16015625
7 0.44765625 0.05390625 0.0828125 0.1078125
10 0.65234375 0.434375 0.0640625 0.23984375
10 0.28046875 0.409375 0.0859375 0.34375
10 0.03984375 0.340625 0.0796875 0.68125