11 0.07265625 0.44765625 0.1453125 0.3875
5 0.796875 0.42890625 0.0375 0.15859375
5 0.62265625 0.43359375 0.0546875 0.15
5 0.671875 0.43125 0.04375 0.14609375
12 0.90625 0.46953125 0.184375 0.25234375
15 0.4984375 0.74921875 0.996875 0.49375
7 0.13046875 0.01484375 0.0671875 0.02890625
7 0.9421875 0.07734375 0.0875 0.05
7 0.61015625 0.328125 0.0171875 0.02734375
7 0.64375 0.10703125 0.078125 0.04375
7 0.23515625 0.15 0.0671875 0.03359375
7 0.34765625 0.25390625 0.0328125 0.01640625
7 0.146875 0.18125 0.04375 0.02109375
7 0.26171875 0.22578125 0.0390625 0.02265625
7 0.15078125 0.153125 0.0296875 0.01875
7 0.4140625 0.26015625 0.01875 0.0125
7 0.396875 0.2875 0.028125 0.01640625
7 0.9421875 0.05078125 0.090625 0.1015625
7 0.2859375 0.19921875 0.025 0.01484375
7 0.32421875 0.27421875 0.0234375 0.01484375
10 0.28203125 0.390625 0.0828125 0.36875
10 0.46015625 0.34453125 0.3109375 0.6890625
10 0.4 0.43671875 0.046875 0.18984375
10 0.17109375 0.409375 0.0703125 0.33984375
10 0.57421875 0.43984375 0.0234375 0.14609375