11 0.23671875 0.40234375 0.0484375 0.31640625
5 0.55546875 0.434375 0.0609375 0.16484375
12 0.88671875 0.47109375 0.2203125 0.275
15 0.4984375 0.75078125 0.996875 0.48984375
7 0.06875 0.06875 0.0875 0.04609375
7 0.90859375 0.03828125 0.0984375 0.06015625
7 0.54140625 0.32109375 0.0203125 0.03359375
7 0.12890625 0.18125 0.0390625 0.02890625
7 0.5796875 0.0625 0.0875 0.05
7 0.146875 0.14296875 0.03125 0.01875
7 0.3046875 0.26640625 0.046875 0.02109375
7 0.234375 0.21953125 0.040625 0.01875
7 0.20390625 0.246875 0.0328125 0.01875
7 0.315625 0.23125 0.021875 0.01640625
7 0.73671875 0.36015625 0.0328125 0.03359375
7 0.94296875 0.21953125 0.0234375 0.01875
10 0.07578125 0.35703125 0.1203125 0.53125
10 0.51328125 0.44296875 0.0390625 0.16875
10 0.1671875 0.44375 0.04375 0.2125
10 0.46953125 0.446875 0.0359375 0.18515625