7 0.0029296875 0.2734375 0.0234375 0.2747395828125 0.033203125 0.2669270828125 0.0302734375 0.2604166671875 0 0.2591145828125 0.0029296875 0.2734375
15 0.9736328125 0.6744791671875 0.9658203125 0.6614583328125 0.9443359375 0.6744791671875 0.8779296875 0.671875 0.8740234375 0.6875 0.845703125 0.6888020828125 0.865234375 0.74609375 0.8896484375 0.7526041671875 0.9033203125 0.7682291671875 0.921875 0.7955729171875 0.9248046875 0.8229166671874999 0.8896484375 0.8333333328125001 0.8212890625 0.8359375 0.8125 0.8684895828125001 0.7900390625 0.8828125 0.6845703125 0.8828125 0.6572265625 0.8723958328125001 0.6484375 0.8580729171874999 0.658203125 0.77734375 0.671875 0.75390625 0.6796875 0.7044270828125 0.681640625 0.6627604171875 0.67578125 0.6393229171875 0.5810546875 0.578125 0.5341796875 0.5390625 0.5283203125 0.5260416671875 0.5029296875 0.5286458328125 0.4892578125 0.5182291671875 0.3837890625 0.5234375 0.3310546875 0.5364583328125 0.1884765625 0.546875 0.1845703125 0.5598958328125 0.0166015625 0.5598958328125 0 0.57421875 0.0009765625 0.9973958328125001 1 0.99609375 0.9990234375 0.6614583328125 0.9912109375 0.6614583328125 0.9853515625 0.6744791671875 0.9736328125 0.6744791671875
7 0.06640625 0.2955729171875 0.0673828125 0.2838541671875 0.05078125 0.2877604171875 0.0537109375 0.296875 0.06640625 0.2955729171875
7 0.087890625 0.2825520828125 0.0986328125 0.2916666671875 0.125 0.29296875 0.134765625 0.2877604171875 0.1337890625 0.2786458328125 0.1083984375 0.2734375 0.087890625 0.2825520828125
12 0.689453125 0.5638020828125 0.6572265625 0.5494791671875 0.640625 0.5221354171875 0.6357421875 0.3671875 0.5390625 0.44140625 0.537109375 0.51953125 0.5517578125 0.5416666671875 0.5751953125 0.5520833328125 0.6103515625 0.5833333328125 0.6162109375 0.5807291671875 0.6201171875 0.5911458328125 0.6279296875 0.5729166671875 0.6376953125 0.5755208328125 0.638671875 0.5950520828125 0.65625 0.6080729171875 0.658203125 0.5950520828125 0.6484375 0.5872395828125 0.6845703125 0.5963541671875 0.689453125 0.5638020828125
5 0.544921875 0.39453125 0.5537109375 0.390625 0.564453125 0.4205729171875 0.5712890625 0.421875 0.5771484375 0.4088541671875 0.6240234375 0.3723958328125 0.640625 0.34765625 0.64453125 0.3111979171875 0.6396484375 0.3046875 0.513671875 0.30859375 0.509765625 0.39453125 0.515625 0.5065104171875 0.525390625 0.5169270828125 0.533203125 0.4830729171875 0.53125 0.4309895828125 0.544921875 0.4075520828125 0.544921875 0.39453125
12 1 0.29296875 0.8818359375 0.2916666671875 0.8291015625 0.2994791671875 0.83203125 0.37109375 0.880859375 0.5325520828125 0.8447265625 0.5416666671875 0.8369140625 0.5625 0.7705078125 0.5625 0.76171875 0.61328125 0.7939453125 0.6197916671875 0.8720703125 0.6145833328125 0.8857421875 0.6171875 0.8857421875 0.625 0.8935546875 0.6171875 0.890625 0.6315104171875 0.9033203125 0.6354166671875 0.939453125 0.6315104171875 0.9365234375 0.625 0.9091796875 0.6276041671875 0.9072265625 0.6145833328125 0.9580078125 0.6145833328125 0.9638671875 0.6354166671875 0.9677734375 0.6171875 0.9697265625 0.6276041671875 0.9814453125 0.625 0.978515625 0.61328125 0.9853515625 0.6119791671875 0.9921875 0.63671875 0.994140625 0.61328125 1 0.61328125 1 0.29296875
10 0.310546875 0.4127604171875 0.3125 0.5247395828125 0.328125 0.52734375 0.326171875 0.4153645828125 0.3037109375 0.3828125 0.30078125 0.3971354171875 0.310546875 0.4127604171875
7 0.361328125 0.3528645828125 0.36328125 0.33984375 0.3447265625 0.3229166671875 0.33984375 0.33203125 0.361328125 0.3528645828125
7 0.3447265625 0.09635416718749999 0.330078125 0.1080729171875 0.333984375 0.1236979171875 0.3486328125 0.1328125 0.392578125 0.1341145828125 0.408203125 0.1263020828125 0.408203125 0.1106770828125 0.3994140625 0.1015625 0.3447265625 0.09635416718749999
7 0.021484375 0.24088541718749998 0.0322265625 0.2552083328125 0.0546875 0.25390625 0.060546875 0.24869791718749998 0.0576171875 0.23697916718749998 0.0283203125 0.234375 0.021484375 0.24088541718749998
10 0.8017578125 0.8307291671874999 0.7802734375 0.828125 0.7744140625 0.8125 0.7353515625 0.7708333328125 0.72265625 0.7669270828125 0.72265625 0.74609375 0.765625 0.5638020828125 0.7685546875 0.5572916671875 0.8349609375 0.5572916671875 0.8427734375 0.5390625 0.876953125 0.5299479171875 0.830078125 0.3763020828125 0.822265625 0.26171875 0.79296875 0.0403645828125 0.78515625 0.0169270828125 0.7724609375 0.0026041671875 0.6064453125 0.0026041671875 0.6015625 0.009114582812499999 0.599609375 0.07161458281250001 0.607421875 0.09244791718749999 0.6396484375 0.1302083328125 0.671875 0.12890625 0.654296875 0.19921875 0.650390625 0.2955729171875 0.638671875 0.3684895828125 0.638671875 0.4830729171875 0.65234375 0.54296875 0.6767578125 0.5546875 0.6904296875 0.5520833328125 0.693359375 0.5638020828125 0.685546875 0.6106770828125 0.68359375 0.7044270828125 0.669921875 0.7747395828125 0.65625 0.8033854171874999 0.650390625 0.85546875 0.6669921875 0.8723958328125001 0.6884765625 0.8776041671874999 0.78125 0.87890625 0.8076171875 0.8697916671874999 0.8125 0.8606770828125001 0.810546875 0.83984375 0.8017578125 0.8307291671874999
7 0.7509765625 0.6328125 0.748046875 0.6653645828125 0.771484375 0.6705729171875 0.779296875 0.6653645828125 0.779296875 0.6471354171875 0.7685546875 0.6354166671875 0.7509765625 0.6328125
7 0.1142578125 0.2630208328125 0.12890625 0.26171875 0.1328125 0.25390625 0.1279296875 0.24739583281250002 0.107421875 0.25390625 0.1142578125 0.2630208328125
10 0.1484375 0.4388020828125 0.15234375 0.4127604171875 0.146484375 0.3815104171875 0.13671875 0.3658854171875 0.134765625 0.3424479171875 0.1181640625 0.3359375 0.10546875 0.39453125 0.11328125 0.4127604171875 0.111328125 0.44140625 0.126953125 0.5533854171875 0.146484375 0.55078125 0.1328125 0.5247395828125 0.1376953125 0.4817708328125 0.16015625 0.55078125 0.177734375 0.5533854171875 0.185546875 0.54296875 0.1708984375 0.5364583328125 0.1640625 0.51953125 0.1484375 0.4388020828125
10 0.5341796875 0.4791666671875 0.529296875 0.5091145828125 0.533203125 0.5221354171875 0.5341796875 0.4791666671875
10 0.533203125 0.4231770828125 0.53515625 0.46484375 0.53515625 0.44140625 0.564453125 0.41796875 0.5537109375 0.390625 0.533203125 0.4231770828125
10 0.2265625 0.4908854171875 0.228515625 0.4778645828125 0.25 0.4466145828125 0.2490234375 0.421875 0.2373046875 0.4192708328125 0.2294921875 0.4505208328125 0.2138671875 0.4583333328125 0.2041015625 0.4765625 0.171875 0.4934895828125 0.171875 0.5377604171875 0.1806640625 0.5078125 0.1923828125 0.5208333328125 0.1962890625 0.4973958328125 0.2265625 0.4908854171875