5 0.81484375 0.43046875 0.2046875 0.20234375
15 0.49921875 0.75234375 0.9953125 0.4875
7 0.46015625 0.16171875 0.0328125 0.02734375
7 0.3265625 0.128125 0.04375 0.03515625
7 0.06875 0.01015625 0.065625 0.0203125
7 0.4953125 0.23671875 0.046875 0.02265625
7 0.5953125 0.32421875 0.034375 0.01484375
7 0.275 0.16953125 0.0625 0.03125
7 0.77578125 0.359375 0.0171875 0.02265625
7 0.6109375 0.30625 0.01875 0.0125
7 0.4921875 0.28203125 0.040625 0.01875
7 0.23125 0.11015625 0.03125 0.02109375
7 0.52265625 0.26484375 0.0203125 0.0125
7 0.5578125 0.30078125 0.028125 0.01484375
7 0.80390625 0.071875 0.0921875 0.05234375
7 0.53203125 0.31484375 0.0265625 0.01640625
7 0.26328125 0.00234375 0.0390625 0.00390625
14 0.42109375 0.49375 0.3390625 0.4125