14 0 0.41041666718750003 0.009375 0.4270833328125 0.01875 0.4166666671875 0.0796875 0.41875 0.096875 0.43333333281249997 0.125 0.44166666718750003 0.1203125 0.5708333328124999 0.125 0.6229166671875 0.134375 0.6083333328125 0.1390625 0.43958333281249995 0.1453125 0.425 0.1546875 0.4270833328125 0.1578125 0.48333333281249996 0.159375 0.43958333281249995 0.1703125 0.43333333281249997 0.178125 0.47291666718750003 0.171875 0.6625 0.184375 0.6666666671875 0.190625 0.40208333281249997 0.215625 0.3875 0.215625 0.36666666718749996 0.0390625 0.3479166671875 0.03046875 0.3479166671875 0 0.35 0 0.41041666718750003
7 0.20078125 0.3020833328125 0.190625 0.3083333328125 0.2109375 0.3125 0.209375 0.3020833328125 0.20078125 0.3020833328125
7 0.2265625 0.3166666671875 0.21875 0.325 0.2296875 0.3270833328125 0.228125 0.3166666671875 0.2265625 0.3166666671875
7 0.2796875 0.3145833328125 0.26875 0.3145833328125 0.253125 0.32083333281250004 0.2609375 0.3270833328125 0.2859375 0.325 0.2796875 0.3145833328125
7 0.2390625 0.28958333281250004 0.228125 0.2875 0.225 0.2875 0.215625 0.28958333281250004 0.215625 0.2979166671875 0.2421875 0.2979166671875 0.2390625 0.28958333281250004
10 0.45078125 0.46015625 0.0328125 0.12109375
10 0.2328125 0.42578125 0.053125 0.25234375
7 0.18125 0.23125 0.178125 0.22291666718749997 0.1609375 0.2166666671875 0.1526041671875 0.2166666671875 0.1359375 0.2166666671875 0.1296875 0.2270833328125 0.1546875 0.2375 0.18125 0.23125
7 0.4421875 0.35 0.4421875 0.3604166671875 0.4546875 0.3708333328125 0.446875 0.35 0.4421875 0.35
7 0.1796875 0.2520833328125 0.18125 0.2625 0.1953125 0.2625 0.1921875 0.2520833328125 0.1796875 0.2520833328125
16 0.7953125 0.2208333328125 0.7765625 0.2479166671875 0.721875 0.2958333328125 0.69375 0.33541666718749996 0.6875 0.6395833328125 0.6765625 0.6625 0.6765625 0.6833333328125 0.6859375 0.6875 0.6890625 0.7145833328125 0.7046875 0.7375 0.8234375 0.8958333328125001 0.9984375 0.9 0.9984375 0.17916666718750002 0.9734375 0.1729166671875 0.846875 0.1729166671875 0.8453125 0.1708333328125 0.840625 0.18125 0.8296875 0.1770833328125 0.79375 0.2125 0.7953125 0.2208333328125
7 0.728125 0.19583333281249998 0.725 0.18125 0.7078125 0.175 0.6953125 0.175 0.66875 0.1875 0.66875 0.20208333281250002 0.7234375 0.20208333281250002 0.728125 0.19583333281249998
7 0.45625 0.1208333328125 0.490625 0.1125 0.4921875 0.0875 0.471875 0.075 0.46302083281249995 0.075 0.4390625 0.0770833328125 0.41875 0.09375 0.415625 0.10625 0.45625 0.1208333328125
10 0.29375 0.2125 0.284375 0.2270833328125 0.2828125 0.2541666671875 0.296875 0.3083333328125 0.2984375 0.35 0.303125 0.3583333328125 0.315625 0.3583333328125 0.325 0.41875 0.3109375 0.5229166671875001 0.3140625 0.60625 0.309375 0.6354166671875 0.325 0.6395833328125 0.35 0.6270833328125 0.3578125 0.64375 0.4 0.6458333328125 0.425 0.6375 0.3921875 0.6083333328125 0.3875 0.58125 0.390625 0.49583333281249997 0.4015625 0.46458333281249997 0.415625 0.3583333328125 0.4140625 0.25 0.40625 0.1520833328125 0.384375 0.11041666718750001 0.3953125 0.1041666671875 0.3984375 0.05625 0.3890625 0.0375 0.371875 0.029166667187500002 0.36875 0.029166667187500002 0.353125 0.04375 0.3515625 0.09375 0.309375 0.1520833328125 0.29375 0.2125
7 0.2796875 0.2979166671875 0.278125 0.30625 0.2890625 0.3083333328125 0.2875 0.2979166671875 0.2796875 0.2979166671875
15 0 0.9979166671874999 0.9984375 0.9979166671874999 0.9984375 0.90625 0.8375 0.9083333328125001 0.809375 0.8958333328125001 0.678125 0.7104166671875001 0.671875 0.6645833328124999 0.68125 0.6291666671875 0.6828125 0.5895833328125 0.6765625 0.5791666671875 0.6328125 0.5625 0.615625 0.5479166671875 0.5984375 0.5541666671875001 0.5875 0.5291666671875 0.571875 0.5333333328125 0.559375 0.5208333328125 0.515625 0.5208333328125 0.5125 0.5166666671875 0.4203125 0.5333333328125 0.4234375 0.5583333328125 0.425 0.54375 0.4359375 0.5416666671875 0.4375 0.55625 0.428125 0.5666666671875 0.4234375 0.5625 0.425 0.5708333328124999 0.446875 0.5854166671875001 0.453125 0.60625 0.4328125 0.6208333328125 0.41875 0.61875 0.43125 0.6375 0.4265625 0.6479166671875001 0.409375 0.65625 0.3609375 0.6604166671875 0.34375 0.6479166671875001 0.3125 0.65 0.290625 0.6395833328125 0.2890625 0.61875 0.296875 0.6145833328125 0.3015625 0.6208333328125 0.3 0.6104166671875 0.3078125 0.5958333328125 0.303125 0.5895833328125 0.30625 0.5625 0.2953125 0.5458333328125 0.28125 0.5479166671875 0.278125 0.5625 0.19375 0.5625 0.1953125 0.6604166671875 0.184375 0.6895833328125 0.1609375 0.6833333328125 0.153125 0.6520833328125 0.1546875 0.625 0.134375 0.6291666671875 0.140625 0.6375 0.1328125 0.6416666671875 0.1328125 0.6541666671875 0.1234375 0.6520833328125 0.121875 0.6291666671875 0.1046875 0.625 0.053125 0.63125 0.0515625 0.6375 0.0453125 0.6291666671875 0.0390625 0.6395833328125 0.0109375 0.64375 0 0.65625 0 0.9979166671874999
14 0 0.3333333328125 0.015625 0.3458333328125 0.1140625 0.35625 0.1328125 0.31875 0.0875 0.2916666671875 0.075 0.2916666671875 0.071875 0.2958333328125 0.0796875 0.2979166671875 0.075 0.30416666718749996 0 0.3 0 0.3333333328125
14 0 0.59375 0.028125 0.5833333328125 0.05 0.6020833328124999 0.0984375 0.5979166671875 0.11875 0.6041666671875 0.1203125 0.5770833328125 0.1015625 0.5395833328124999 0.0953125 0.5020833328125 0.096875 0.45416666718750004 0.0890625 0.46875 0.0890625 0.43541666718750005 0.0828125 0.42083333281249996 0.0546875 0.41875 0.046484375 0.41875 0.021875 0.41875 0.0203125 0.5083333328124999 0 0.56875 0 0.59375
7 0.7546875 0.11875 0.790625 0.1041666671875 0.790625 0.0791666671875 0.76875 0.06875 0.75859375 0.06875 0.7203125 0.0791666671875 0.7078125 0.10625 0.7171875 0.1166666671875 0.7546875 0.11875
1 0 0.29375 0.0046875 0.2979166671875 0.0359375 0.2979166671875 0.04375 0.2875 0.046875 0.0916666671875 0.025 0.0666666671875 0.021875 0.0666666671875 0 0.07083333281250001 0 0.29375