5 0.7125 0.41640625 0.209375 0.2125
15 0.49921875 0.75390625 0.9953125 0.48359375
7 0.26796875 0.090625 0.0546875 0.03515625
7 0.67265625 0.34609375 0.0171875 0.025
7 0.07421875 0.03671875 0.0140625 0.02734375
7 0.059375 0.103125 0.040625 0.03984375
7 0.3421875 0.19609375 0.05625 0.02890625
7 0.9734375 0.12421875 0.05 0.04765625
7 0.41328125 0.29609375 0.0109375 0.0125
7 0.2703125 0.21796875 0.025 0.01875
7 0.47890625 0.30703125 0.0359375 0.01484375
7 0.49140625 0.28515625 0.0171875 0.0125
7 0.35234375 0.25546875 0.0453125 0.02265625
7 0.43203125 0.278125 0.0296875 0.01484375
7 0.43359375 0.31171875 0.0140625 0.01015625
7 0.38203125 0.23359375 0.0203125 0.01640625
7 0.27109375 0.19609375 0.0234375 0.01640625
14 0.253125 0.46015625 0.1375 0.29140625
10 0.1265625 0.37109375 0.078125 0.45
10 0.48125 0.446875 0.040625 0.17265625
10 0.6109375 0.45859375 0.03125 0.14609375
10 0.634375 0.45703125 0.03125 0.13125
10 0.39375 0.41015625 0.065625 0.3