11 0.05859375 0.45078125 0.1171875 0.39765625
5 0.60859375 0.4375 0.0546875 0.15
5 0.7828125 0.434375 0.0375 0.16015625
12 0.89765625 0.46484375 0.2015625 0.24609375
15 0.4984375 0.75078125 0.996875 0.48984375
7 0.1078125 0.0125 0.06875 0.025
7 0.928125 0.08203125 0.0875 0.04765625
7 0.3859375 0.28984375 0.0375 0.01640625
7 0.6296875 0.10859375 0.078125 0.04609375
7 0.59609375 0.33046875 0.0171875 0.02734375
7 0.21640625 0.14765625 0.0671875 0.03359375
7 0.24140625 0.22578125 0.0390625 0.02265625
7 0.30703125 0.27578125 0.0234375 0.01484375
7 0.12734375 0.178125 0.0453125 0.02265625
7 0.92734375 0.053125 0.0890625 0.10625
7 0.33125 0.25390625 0.03125 0.01640625
7 0.26875 0.19765625 0.025 0.01640625
7 0.13046875 0.15078125 0.0296875 0.01875
7 0.3984375 0.26015625 0.01875 0.0125
7 0.95234375 0.246875 0.0203125 0.01875
10 0.2625 0.39296875 0.084375 0.37265625
10 0.53203125 0.45 0.0296875 0.15859375
10 0.56015625 0.44609375 0.0234375 0.15390625
10 0.1484375 0.41015625 0.06875 0.34609375
10 0.375 0.43671875 0.03125 0.19375