5 0.71171875 0.428125 0.2078125 0.21015625
5 0.76015625 0.42890625 0.1078125 0.20390625
15 0.4984375 0.76015625 0.996875 0.47109375
7 0.09765625 0.034375 0.0265625 0.03515625
7 0.28046875 0.090625 0.0546875 0.03125
7 0.67265625 0.35625 0.0171875 0.025
7 0.08671875 0.1 0.0328125 0.03359375
7 0.97421875 0.13828125 0.0484375 0.04375
7 0.4796875 0.3125 0.034375 0.01640625
7 0.35 0.196875 0.05625 0.02734375
7 0.3578125 0.25859375 0.04375 0.02109375
7 0.43515625 0.28203125 0.0265625 0.01484375
7 0.28125 0.19609375 0.01875 0.01640625
7 0.71015625 0.15546875 0.0734375 0.03515625
7 0.28046875 0.21875 0.0171875 0.01640625
7 0.43671875 0.31796875 0.0140625 0.01015625
7 0.3875 0.23671875 0.021875 0.01484375
7 0.49453125 0.28984375 0.0171875 0.0125
10 0.1453125 0.36953125 0.06875 0.44765625
10 0.4796875 0.453125 0.040625 0.17265625
10 0.63359375 0.46953125 0.0296875 0.13984375
10 0.6078125 0.46796875 0.03125 0.14765625
10 0.3984375 0.415625 0.06875 0.30234375