5 0.6921875 0.41953125 0.203125 0.20625
12 0.10859375 0.50234375 0.2171875 0.75
15 0.49921875 0.75390625 0.9953125 0.48359375
7 0.27890625 0.09453125 0.0515625 0.03125
7 0.6546875 0.34765625 0.015625 0.025
7 0.34140625 0.19609375 0.0546875 0.025
7 0.96171875 0.13671875 0.0734375 0.04375
7 0.1203125 0.04453125 0.0125 0.03515625
7 0.346875 0.25390625 0.04375 0.02109375
7 0.37734375 0.23203125 0.0203125 0.01484375
7 0.48046875 0.28359375 0.0171875 0.0125
7 0.4671875 0.30546875 0.034375 0.01484375
7 0.69140625 0.153125 0.0703125 0.03515625
7 0.9953125 0.01328125 0.00625 0.0265625
7 0.675 0.02890625 0.096875 0.0578125
7 0.00703125 0.01953125 0.0140625 0.02265625
7 0.425 0.27578125 0.025 0.01484375
7 0.38828125 0.29140625 0.0109375 0.0125
10 0.39453125 0.409375 0.0640625 0.28984375
10 0.4703125 0.44609375 0.040625 0.17109375
10 0.61640625 0.45859375 0.0265625 0.1375
10 0.59296875 0.45703125 0.0296875 0.14375