12 0.4375 0.4270833328125 0.4375 0.43541666718750005 0.45 0.43541666718750005 0.453125 0.41875 0.4796875 0.41041666718750003 0.4828125 0.42291666718750004 0.4765625 0.43333333281249997 0.4890625 0.4291666671875 0.4921875 0.4375 0.4921875 0.4479166671875 0.484375 0.4479166671875 0.48125 0.4583333328125 0.490625 0.5145833328125 0.46875 0.51875 0.459375 0.5041666671875 0.465625 0.49791666718750005 0.4625 0.4479166671875 0.4578125 0.5041666671875 0.4640625 0.5166666671875 0.453125 0.5208333328125 0.45625 0.5520833328125 0.4625 0.5583333328125 0.471875 0.5541666671875001 0.4828125 0.56875 0.5015625 0.5729166671875 0.503125 0.5833333328125 0.528125 0.5916666671875 0.534375 0.6229166671875 0.5328125 0.6020833328124999 0.540625 0.5979166671875 0.5640625 0.6145833328125 0.5671875 0.6291666671875 0.5828125 0.6270833328125 0.621875 0.65 0.6296875 0.6604166671875 0.6296875 0.69375 0.6453125 0.69375 0.65 0.6791666671875001 0.659375 0.6770833328125 0.740625 0.73125 0.7453125 0.7625 0.7390625 0.7791666671875 0.7453125 0.7875 0.7734375 0.7833333328125 0.753125 0.7770833328125 0.7546875 0.7333333328125 0.796875 0.7333333328125 0.821875 0.7458333328125 0.81875 0.7375 0.825 0.73125 0.8890625 0.7270833328124999 0.903125 0.7333333328125 0.90625 0.725 0.9984375 0.71875 0.9984375 0.1020833328125 0.80625 0.0895833328125 0.79765625 0.0895833328125 0.7359375 0.09375 0.5078125 0.3479166671875 0.4625 0.41041666718750003 0.4375 0.4270833328125
5 0.215625 0.5229166671875001 0.2640625 0.5125 0.259375 0.35208333281250004 0.25111607187499996 0.35208333281250004 0.2 0.3541666671875 0.2 0.47083333281249995 0.2109375 0.4916666671875 0.215625 0.5229166671875001
15 0 0.9979166671874999 0.9984375 0.9979166671874999 0.9984375 0.7583333328124999 0.99375 0.7541666671875 0.928125 0.75625 0.925 0.76875 0.91875 0.7625 0.921875 0.7583333328124999 0.8765625 0.7583333328124999 0.871875 0.7708333328125 0.8625 0.7729166671875001 0.84375 0.7729166671875001 0.840625 0.7625 0.8140625 0.7729166671875001 0.8109375 0.7604166671875 0.7859375 0.7625 0.7828125 0.7770833328125 0.7921875 0.7833333328125 0.7828125 0.79375 0.78125 0.8083333328125001 0.7875 0.8291666671875 0.78125 0.8395833328125001 0.7703125 0.8208333328125 0.7734375 0.8333333328125001 0.7671875 0.8416666671874999 0.7609375 0.81875 0.753125 0.8333333328125001 0.753125 0.80625 0.746875 0.80625 0.7265625 0.7729166671875001 0.734375 0.7541666671875 0.7125 0.7375 0.71875 0.73125 0.7078125 0.7291666671875 0.7046875 0.7166666671875 0.6921875 0.7145833328125 0.6890625 0.725 0.684375 0.7041666671875 0.6640625 0.7041666671875 0.65625 0.7145833328125 0.65625 0.7416666671875001 0.63125 0.7416666671875001 0.6265625 0.7145833328125 0.621875 0.71875 0.5828125 0.68125 0.571875 0.6791666671875001 0.5546875 0.6541666671875 0.5328125 0.6458333328125 0.515625 0.6270833328125 0.5171875 0.6208333328125 0.5015625 0.6145833328125 0.5015625 0.60625 0.446875 0.56875 0.4296875 0.5479166671875 0.4265625 0.53125 0.3953125 0.5375 0.3765625 0.525 0.371875 0.5375 0.3640625 0.5395833328124999 0.346875 0.5229166671875001 0.3453125 0.5208333328125 0.3265625 0.5291666671875 0.1125 0.5458333328125 0.0921875 0.5625 0.084375 0.55625 0.015625 0.5604166671875 0 0.5729166671875 0 0.9979166671874999
7 0.540625 0.0875 0.5859375 0.08541666718749999 0.6 0.0770833328125 0.6046875 0.07083333281250001 0.6015625 0.0479166671875 0.5796875 0.0354166671875 0.5708333328124999 0.0354166671875 0.53125 0.04375 0.5203125 0.05625 0.5203125 0.07291666718749999 0.540625 0.0875
7 0.2421875 0.07291666718749999 0.2671875 0.07291666718749999 0.2828125 0.060416667187499995 0.284375 0.0479166671875 0.2765625 0.03125 0.2375 0.0208333328125 0.229296875 0.0208333328125 0.1953125 0.025 0.190625 0.0479166671875 0.2015625 0.060416667187499995 0.2421875 0.07291666718749999
7 0.2375 0.3166666671875 0.2171875 0.2958333328125 0.215625 0.2958333328125 0.2109375 0.3 0.2140625 0.3104166671875 0.240625 0.33125 0.2375 0.3166666671875
7 0.903125 0.0916666671875 0.9109375 0.08333333281250001 0.9046875 0.06875 0.875 0.060416667187499995 0.8671875 0.060416667187499995 0.8375 0.0666666671875 0.8265625 0.08333333281250001 0.8765625 0.0916666671875 0.903125 0.0916666671875
7 0.59375 0.30416666718749996 0.5875 0.30416666718749996 0.5640625 0.3229166671875 0.5625 0.3333333328125 0.5796875 0.325 0.59375 0.30416666718749996
5 0.353125 0.46458333281249997 0.346875 0.44375 0.35 0.4291666671875 0.3640625 0.4145833328125 0.3796875 0.43541666718750005 0.3875 0.43125 0.3890625 0.3875 0.38125 0.3375 0.375 0.3375 0.3328125 0.35625 0.26875 0.3583333328125 0.2671875 0.4895833328125 0.271875 0.5145833328125 0.35 0.5125 0.353125 0.46458333281249997
10 0.353125 0.5083333328124999 0.359375 0.5270833328125 0.3625 0.51875 0.36875 0.5270833328125 0.371875 0.5145833328125 0.3734375 0.4791666671875 0.38125 0.4625 0.3765625 0.4479166671875 0.3890625 0.43958333281249995 0.3671875 0.41875 0.3625 0.41875 0.3515625 0.4291666671875 0.3484375 0.44375 0.3546875 0.4604166671875 0.353125 0.5083333328124999
10 0.43125 0.48333333281249996 0.43125 0.44166666718750003 0.4515625 0.40416666718750005 0.4421875 0.38333333281250004 0.440625 0.38333333281250004 0.4375 0.39791666718749996 0.4171875 0.42291666718750004 0.4203125 0.45625 0.43125 0.48333333281249996
10 0.1328125 0.43125 0.1203125 0.38125 0.115625 0.38125 0.1 0.40625 0.103125 0.43958333281249995 0.1296875 0.43958333281249995 0.1328125 0.43125
10 0.1453125 0.43125 0.140625 0.45 0.1546875 0.45208333281249996 0.159375 0.43958333281249995 0.1671875 0.5291666671875 0.178125 0.53125 0.18125 0.4 0.1546875 0.36666666718749996 0.15 0.36666666718749996 0.1453125 0.3791666671875 0.1578125 0.3916666671875 0.1578125 0.4166666671875 0.1453125 0.43125
10 0.48125 0.5125 0.484375 0.4270833328125 0.475 0.4125 0.471875 0.4125 0.4484375 0.43541666718750005 0.45625 0.4458333328125 0.453125 0.5166666671875 0.48125 0.5125
14 0.0484375 0.4916666671875 0.0515625 0.50625 0.0328125 0.5479166671875 0.10625 0.5479166671875 0.1078125 0.5395833328124999 0.0890625 0.5041666671875 0.0875 0.48333333281249996 0.0890625 0.4479166671875 0.1 0.42291666718750004 0.08125 0.41875 0.0765625 0.41875 0.065625 0.4479166671875 0.0421875 0.4791666671875 0.04375 0.5041666671875 0.0484375 0.4916666671875
10 0 0.49791666718750005 0.028125 0.5 0.0296875 0.5416666671875 0.040625 0.5291666671875 0.040625 0.4791666671875 0.0640625 0.4479166671875 0.0640625 0.43333333281249997 0.05 0.41875 0.05625 0.40833333281249995 0.0484375 0.40625 0.04375 0.40625 0.034375 0.41875 0.0359375 0.43333333281249997 0.028125 0.43958333281249995 0.028125 0.45 0 0.47083333281249995 0 0.49791666718750005
10 0.065625 0.4 0.075 0.4166666671875 0.096875 0.4166666671875 0.0953125 0.3916666671875 0.084375 0.375 0.0828125 0.3583333328125 0.075 0.3583333328125 0.0703125 0.375 0.0578125 0.3854166671875 0.0578125 0.40208333281249997 0.065625 0.4