12 0.8921875 0.48125 0.209375 0.27109375
15 0.49921875 0.753125 0.9953125 0.48515625
7 0.575 0.33046875 0.01875 0.03125
7 0.165625 0.11640625 0.075 0.04140625
7 0.07109375 0.153125 0.0484375 0.03125
7 0.9234375 0.06640625 0.090625 0.05390625
7 0.61328125 0.09375 0.0828125 0.05390625
7 0.26796875 0.26640625 0.0328125 0.02109375
7 0.18203125 0.20859375 0.0296875 0.02890625
7 0.35546875 0.28203125 0.0421875 0.02265625
7 0.2296875 0.17578125 0.01875 0.02265625
7 0.296875 0.24140625 0.034375 0.02109375
7 0.07265625 0.11953125 0.0328125 0.02734375
7 0.36796875 0.25078125 0.0203125 0.01875
7 0.95 0.24296875 0.021875 0.01875
10 0.2 0.37890625 0.096875 0.43359375
10 0.546875 0.45546875 0.0375 0.15234375
10 0.50703125 0.453125 0.0328125 0.16875
10 0.0640625 0.40234375 0.08125 0.39609375
10 0.37421875 0.43046875 0.0578125 0.19375