7 0.703125 0.15 0.7078125 0.1416666671875 0.7046875 0.10625 0.696875 0.10625 0.66875 0.1166666671875 0.6609375 0.1395833328125 0.675 0.15 0.703125 0.15
14 0.0390625 0.41041666718750003 0.0234375 0.425 0.0375 0.44166666718750003 0.0328125 0.4895833328125 0.0390625 0.6041666671875 0.0546875 0.5958333328125 0.046875 0.5875 0.046875 0.4604166671875 0.0546875 0.43541666718750005 0.0625 0.4583333328125 0.0625 0.5979166671875 0.06875 0.6395833328125 0.078125 0.6354166671875 0.0796875 0.6020833328124999 0.0953125 0.5833333328125 0.1046875 0.58125 0.109375 0.5916666671875 0.1546875 0.5895833328125 0.1703125 0.59375 0.1734375 0.6020833328124999 0.1828125 0.6 0.1859375 0.55625 0.190625 0.5520833328125 0.184375 0.5354166671875 0.1859375 0.45416666718750004 0.228125 0.44375 0.234375 0.4479166671875 0.2359375 0.6229166671875 0.246875 0.6229166671875 0.246875 0.4270833328125 0.2625 0.42291666718750004 0.2640625 0.40625 0.1609375 0.3958333328125 0.15625 0.3916666671875 0.171875 0.3604166671875 0.153125 0.35208333281250004 0.1453125 0.3395833328125 0.125 0.3395833328125 0.121875 0.3479166671875 0.0609375 0.3479166671875 0.046875 0.33125 0.04375 0.3270833328125 0.040625 0.3645833328125 0.053125 0.36875 0.040625 0.375 0.0390625 0.41041666718750003
7 0.1953125 0.32083333281250004 0.18671875 0.32083333281250004 0.1765625 0.325 0.1890625 0.3333333328125 0.196875 0.3291666671875 0.1953125 0.32083333281250004
7 0.2125 0.30625 0.20625 0.30625 0.1984375 0.3104166671875 0.203125 0.31875 0.225 0.3166666671875 0.2125 0.30625
10 0.3015625 0.275 0.3 0.29375 0.3203125 0.32083333281250004 0.3265625 0.35 0.325 0.33541666718749996 0.3359375 0.3375 0.328125 0.375 0.3375 0.40625 0.3421875 0.46458333281249997 0.3328125 0.5166666671875 0.3359375 0.5958333328125 0.3296875 0.60625 0.35 0.6104166671875 0.3671875 0.5958333328125 0.371875 0.6125 0.4046875 0.6145833328125 0.421875 0.6104166671875 0.4 0.5875 0.3953125 0.5416666671875 0.390625 0.5416666671875 0.3953125 0.5375 0.390625 0.53125 0.3953125 0.53125 0.3953125 0.5020833328125 0.4109375 0.4166666671875 0.4125 0.30625 0.40625 0.23125 0.3890625 0.20416666718749998 0.3953125 0.1520833328125 0.3734375 0.1354166671875 0.3703125 0.1354166671875 0.3609375 0.14791666718750002 0.3609375 0.1875 0.325 0.2270833328125 0.3015625 0.275
15 0.440625 0.5895833328125 0.4265625 0.6166666671875001 0.3953125 0.6270833328125 0.3765625 0.6291666671875 0.365625 0.61875 0.3421875 0.61875 0.3328125 0.6270833328125 0.3234375 0.60625 0.325 0.55625 0.3140625 0.5416666671875 0.26875 0.5458333328125 0.253125 0.5395833328124999 0.2515625 0.61875 0.2484375 0.63125 0.2390625 0.6354166671875 0.23125 0.6229166671875 0.228125 0.55625 0.2046875 0.5625 0.2 0.5770833328125 0.1890625 0.5791666671875 0.1875 0.6041666671875 0.18125 0.6104166671875 0.1578125 0.6041666671875 0.084375 0.6166666671875001 0.0828125 0.6354166671875 0.0734375 0.65 0.0625 0.64375 0.059375 0.6145833328125 0.0375 0.61875 0.0125 0.5979166671875 0.003125 0.6 0 0.9979166671874999 0.9984375 0.9979166671874999 0.9984375 0.5729166671875 0.9921875 0.56875 0.965625 0.5791666671875 0.934375 0.5666666671875 0.89375 0.5708333328124999 0.8875 0.5875 0.8890625 0.65 0.9046875 0.6583333328125 0.9046875 0.6770833328125 0.8859375 0.71875 0.825 0.71875 0.809375 0.7270833328124999 0.78125 0.7208333328125 0.6734375 0.725 0.6484375 0.70625 0.625 0.675 0.6234375 0.6625 0.609375 0.65 0.60625 0.59375 0.6125 0.5666666671875 0.6078125 0.5604166671875 0.5765625 0.5375 0.5671875 0.5479166671875 0.5609375 0.53125 0.490625 0.5229166671875001 0.4828125 0.5229166671875001 0.4265625 0.53125 0.421875 0.5583333328125 0.4359375 0.5625 0.440625 0.5895833328125
7 0.438822115625 0 0.3421875 0.0020833328125000002 0.3765625 0.0229166671875 0.4171875 0.025 0.4390625 0.0166666671875 0.446875 0 0.438822115625 0
7 0 0.1729166671875 0.021875 0.1708333328125 0.0234375 0.1541666671875 0.0078125 0.1458333328125 0 0.1458333328125 0 0.1729166671875
7 0.4203125 0.3583333328125 0.4171875 0.3583333328125 0.4171875 0.3729166671875 0.428125 0.38125 0.4296875 0.3729166671875 0.4203125 0.3583333328125
7 0.1375 0.33541666718749996 0.14375 0.3270833328125 0.1578125 0.3479166671875 0.1734375 0.35208333281250004 0.178125 0.3291666671875 0.1734375 0.3229166671875 0.171875 0.33125 0.1671875 0.3291666671875 0.16875 0.32083333281250004 0.14375 0.3104166671875 0.1640625 0.3020833328125 0.1640625 0.28125 0.184375 0.2854166671875 0.18125 0.275 0.16875 0.2708333328125 0.171875 0.25 0.125 0.24583333281250003 0.1234375 0.24375 0.115625 0.25 0.1140625 0.2666666671875 0.128125 0.3333333328125 0.1375 0.33541666718749996
7 0.16875 0.275 0.1671875 0.2833333328125 0.1828125 0.2854166671875 0.1796875 0.275 0.16875 0.275
10 0.5640625 0.5229166671875001 0.56875 0.46458333281249997 0.584375 0.44166666718750003 0.5703125 0.42083333281249996 0.5671875 0.42083333281249996 0.5546875 0.4458333328125 0.5609375 0.4916666671875 0.55625 0.5125 0.5640625 0.5229166671875001
10 0.3265625 0.5333333328125 0.3359375 0.475 0.3359375 0.42083333281249996 0.3234375 0.39375 0.321875 0.39375 0.3125 0.40833333281249995 0.3109375 0.43125 0.3171875 0.5145833328125 0.3265625 0.5333333328125
11 0.2671875 0.1916666671875 0.2671875 0.2 0.271875 0.2 0.2671875 0.1916666671875
11 0.04375 0.3375 0.0484375 0.3291666671875 0.0625 0.3458333328125 0.084375 0.34375 0.0890625 0.3333333328125 0.0890625 0.24583333281250003 0.103125 0.23958333281250002 0.1140625 0.2479166671875 0.1125 0.0770833328125 0.0953125 0.05625 0.0375 0.05625 0.0359375 0.05625 0.028125 0.0625 0.0265625 0.0895833328125 0.029613796874999997 0.2997838046875 0.0296875 0.2979166671875 0.0390625 0.2958333328125 0.04375 0.3375
11 0.715625 0 0.7078125 0.0083333328125 0.7078125 0.0916666671875 0.71875 0.0979166671875 0.709375 0.10625 0.70625 0.2875 0.7109375 0.3125 0.7765625 0.3145833328125 0.7953125 0.325 0.7859375 0.3395833328125 0.7953125 0.39375 0.796875 0.64375 0.8 0.6604166671875 0.8109375 0.66875 0.8125 0.6854166671875 0.8296875 0.69375 0.8828125 0.6916666671875 0.890625 0.6833333328125 0.8828125 0.65625 0.88125 0.60625 0.878125 0 0.8699999999999999 0 0.715625 0
10 0.434375 0.4145833328125 0.428125 0.4145833328125 0.428125 0.50625 0.4359375 0.5166666671875 0.4453125 0.44166666718750003 0.434375 0.4145833328125
5 0.45625 0.46875 0.4578125 0.5125 0.53125 0.5125 0.5328125 0.35208333281250004 0.4875 0.35 0.4796875 0.35 0.44375 0.3541666671875 0.45625 0.40833333281249995 0.45 0.4625 0.45625 0.46875
10 0.2203125 0.3958333328125 0.2546875 0.38333333281250004 0.2390625 0.3291666671875 0.2328125 0.3291666671875 0.228125 0.3395833328125 0.23125 0.35625 0.21875 0.3729166671875 0.2203125 0.3958333328125
10 0.125 0.3083333328125 0.10625 0.2833333328125 0.1109375 0.2604166671875 0.103125 0.24583333281250003 0.0921875 0.24583333281250003 0.0875 0.3416666671875 0.11875 0.34375 0.1265625 0.3333333328125 0.125 0.3083333328125
16 0.6640625 0.33541666718749996 0.6390625 0.3541666671875 0.6171875 0.3958333328125 0.61875 0.5375 0.6125 0.6375 0.6671875 0.7145833328125 0.7984375 0.7166666671875 0.8109375 0.7104166671875001 0.809375 0.6708333328125 0.796875 0.65625 0.7921875 0.3604166671875 0.7859375 0.3291666671875 0.771875 0.3166666671875 0.7635416671875 0.3166666671875 0.671875 0.3166666671875 0.659375 0.325 0.6671875 0.3291666671875 0.6640625 0.33541666718749996
7 0.2640625 0.3416666671875 0.271875 0.3166666671875 0.259375 0.3166666671875 0.2578125 0.3291666671875 0.24375 0.33125 0.2484375 0.34375 0.2640625 0.3416666671875