11 0.27421875 0.28515625 0.0828125 0.55
11 0.39453125 0.409375 0.1453125 0.30625
5 0.825 0.39296875 0.0875 0.23125
5 0.934375 0.384375 0.128125 0.24375
15 0.4984375 0.75078125 0.996875 0.49375
7 0.19765625 0.03984375 0.0796875 0.05
7 0.48359375 0.18515625 0.0546875 0.02890625
7 0.3734375 0.103125 0.05 0.03125
7 0.803125 0.25078125 0.025 0.05234375
7 0.35703125 0.1625 0.0421875 0.025
7 0.48125 0.11328125 0.028125 0.02265625
7 0.4234375 0.20703125 0.021875 0.01484375
7 0.95859375 0.10390625 0.0265625 0.02109375
10 0.45234375 0.36484375 0.1046875 0.35859375
10 0.6578125 0.38828125 0.08125 0.29765625
10 0.74453125 0.39609375 0.0359375 0.25