11 0.0734375 0.34921875 0.128125 0.69765625
11 0.7890625 0.26640625 0.0375 0.5328125
5 0.3421875 0.40546875 0.2125 0.34765625
12 0.30390625 0.403125 0.3453125 0.47265625
15 0.49921875 0.75546875 0.9953125 0.48125
7 0.65625 0.18203125 0.065625 0.03515625
7 0.6171875 0.04296875 0.096875 0.06484375
7 0.8953125 0.15859375 0.071875 0.02890625
7 0.61953125 0.46796875 0.0140625 0.01875
14 0.509375 0.48515625 0.090625 0.19140625
10 0.5609375 0.45078125 0.05 0.20625
10 0.446875 0.415625 0.071875 0.28515625