15 0 0.9979166671874999 0.9984375 0.9979166671874999 0.9984375 0.6125 0.99375 0.60625 0.9234375 0.5979166671875 0.9234375 0.5833333328125 0.9546875 0.575 0.9328125 0.5645833328125 0.9109375 0.575 0.9078125 0.5645833328125 0.8 0.5625 0.78125 0.5708333328124999 0.778125 0.6416666671875 0.63125 0.6458333328125 0.6109375 0.6291666671875 0.60625 0.6145833328125 0.59375 0.6145833328125 0.5921875 0.5791666671875 0.6 0.5666666671875 0.590625 0.5458333328125 0.575 0.5416666671875 0.5640625 0.5479166671875 0.559375 0.5333333328125 0.5265625 0.525 0.525 0.5229166671875001 0.46875 0.53125 0.4734375 0.5604166671875 0.4671875 0.5916666671875 0.43125 0.6 0.4125 0.5916666671875 0.3921875 0.6 0.3796875 0.575 0.3796875 0.5395833328124999 0.371875 0.5375 0.359375 0.5375 0.35625 0.5458333328125 0.3453125 0.5416666671875 0.3421875 0.5958333328125 0.321875 0.60625 0.3125 0.5958333328125 0.3171875 0.5625 0.3125 0.5625 0.3109375 0.5479166671875 0.2796875 0.5541666671875001 0.278125 0.5854166671875001 0.225 0.5916666671875 0.2171875 0.6083333328125 0.209375 0.6083333328125 0.2015625 0.59375 0.16875 0.59375 0.146875 0.58125 0.0359375 0.5770833328125 0.0234375 0.5666666671875 0 0.5708333328124999 0 0.9979166671874999
14 0.1578125 0.56875 0.16875 0.5833333328125 0.1734375 0.5729166671875 0.2046875 0.5645833328125 0.2109375 0.6020833328124999 0.228125 0.575 0.2703125 0.58125 0.278125 0.46666666718750005 0.28125 0.4604166671875 0.3 0.4604166671875 0.3125 0.46458333281249997 0.3234375 0.48541666718750004 0.325 0.5958333328125 0.3328125 0.59375 0.334375 0.45416666718750004 0.346875 0.44166666718750003 0.3453125 0.43125 0.259375 0.4270833328125 0.25 0.4145833328125 0.259375 0.3958333328125 0.2546875 0.3875 0.1703125 0.38333333281250004 0.1578125 0.36666666718749996 0.1546875 0.36666666718749996 0.1484375 0.43333333281249997 0.1484375 0.5666666671875 0.153125 0.5729166671875 0.1578125 0.56875
10 0.2921875 0.46666666718750005 0.2859375 0.4604166671875 0.2828125 0.4604166671875 0.28125 0.5354166671875 0.2921875 0.5416666671875 0.296875 0.5041666671875 0.2921875 0.46666666718750005
5 0.465625 0.3791666671875 0.459375 0.43541666718750005 0.465625 0.43958333281249995 0.4671875 0.5145833328125 0.540625 0.5145833328125 0.5421875 0.3645833328125 0.533928571875 0.3645833328125 0.484375 0.3645833328125 0.48125 0.39791666718749996 0.471875 0.3958333328125 0.465625 0.3791666671875
7 0.0640625 0.13333333281249998 0.075 0.125 0.0703125 0.11041666718750001 0.0390625 0.0979166671875 0.029166667187500002 0.0979166671875 0.003125 0.1 0 0.1166666671875 0.0375 0.13333333281249998 0.0640625 0.13333333281249998
7 0.6734375 0.1541666671875 0.6703125 0.1541666671875 0.6609375 0.1708333328125 0.6671875 0.1833333328125 0.6765625 0.17916666718750002 0.6734375 0.1541666671875
7 0.2046875 0.275 0.1921875 0.275 0.1921875 0.28958333281250004 0.21875 0.28958333281250004 0.2171875 0.2791666671875 0.2046875 0.275
7 0.1046875 0.21458333281250003 0.1015625 0.20208333281250002 0.0734375 0.19375 0.065625 0.19375 0.05 0.19583333281249998 0.0453125 0.20416666718749998 0.065625 0.2166666671875 0.1046875 0.21458333281250003
7 0.00625 0.2166666671875 0 0.2166666671875 0.003125 0.23958333281250002 0.03125 0.23541666718749998 0.0296875 0.225 0.00625 0.2166666671875
7 0.25 0.325 0.2421875 0.325 0.234375 0.3291666671875 0.2375 0.33541666718749996 0.259375 0.33541666718749996 0.25 0.325
10 0.3875 0.33125 0.4015625 0.4375 0.3890625 0.5833333328125 0.3953125 0.5875 0.4109375 0.5708333328124999 0.425 0.5875 0.4578125 0.5875 0.4453125 0.5708333328124999 0.465625 0.5625 0.4453125 0.5625 0.4390625 0.54375 0.453125 0.4458333328125 0.4484375 0.35625 0.4625 0.3645833328125 0.4765625 0.3895833328125 0.4796875 0.3770833328125 0.453125 0.3229166671875 0.45 0.29375 0.4359375 0.2770833328125 0.4375 0.23958333281250002 0.43125 0.22916666718749998 0.4234375 0.22916666718749998 0.4109375 0.23541666718749998 0.4140625 0.2708333328125 0.3921875 0.30416666718749996 0.3875 0.33125
10 0.5640625 0.5270833328125 0.571875 0.5229166671875001 0.5734375 0.47083333281249995 0.5828125 0.4583333328125 0.5671875 0.43125 0.565625 0.43125 0.55625 0.45416666718750004 0.5625 0.49583333281249997 0.559375 0.5208333328125 0.5640625 0.5270833328125
10 0.2875 0.4270833328125 0.296875 0.41875 0.296875 0.3875 0.284375 0.35625 0.2828125 0.35625 0.26875 0.39375 0.2625 0.3916666671875 0.2625 0.42291666718750004 0.2875 0.4270833328125
10 0.340625 0.5270833328125 0.3484375 0.53125 0.36875 0.50625 0.36875 0.4770833328125 0.3546875 0.4479166671875 0.35 0.4479166671875 0.35 0.47291666718750003 0.3421875 0.4770833328125 0.340625 0.49375 0.340625 0.5270833328125
10 0.0359375 0.48541666718750004 0.0484375 0.4770833328125 0.0546875 0.48125 0.046875 0.49583333281249997 0.053125 0.5020833328125 0.0546875 0.5333333328125 0.0703125 0.5354166671875 0.078125 0.49375 0.0671875 0.48125 0.0703125 0.46458333281249997 0.059375 0.43125 0.05625 0.43125 0.0203125 0.4791666671875 0.015625 0.5354166671875 0.034375 0.5291666671875 0.0359375 0.48541666718750004
7 0.3890625 0.07291666718749999 0.4125 0.08333333281250001 0.465625 0.0770833328125 0.4734375 0.0625 0.4671875 0.0395833328125 0.434375 0.0270833328125 0.428125 0.0270833328125 0.3921875 0.0375 0.3796875 0.05 0.3796875 0.060416667187499995 0.3890625 0.07291666718749999
7 0.790625 0 0.7828125 0.01875 0.7828125 0.1208333328125 0.7984375 0.1 0.7953125 0.09375 0.80625 0.07291666718749999 0.8421875 0.0666666671875 0.846875 0.05625 0.8375 0.05 0.871875 0.0020833328125000002 0.8765625 0.010416667187500001 0.884375 0 0.8765625 0 0.790625 0
7 0.59375 0 0.584375 0.0645833328125 0.6734375 0.06875 0.6796875 0 0.671875 0 0.59375 0
11 0.11875 0.5354166671875 0.1265625 0.5479166671875 0.146875 0.54375 0.14375 0.36666666718749996 0.15 0.3416666671875 0.1515625 0.22916666718749998 0.1578125 0.21875 0.184375 0.2166666671875 0.1890625 0.225 0.1921875 0.2166666671875 0.1921875 0.1520833328125 0.178125 0.13125 0.16953125 0.13125 0.1234375 0.1354166671875 0.11875 0.4583333328125 0.125 0.49791666718750005 0.11875 0.5354166671875
11 0.68125 0 0.678125 0.0333333328125 0.671875 0.375 0.675 0.3875 0.703125 0.3875 0.7078125 0.39375 0.709375 0.5875 0.7125 0.6020833328124999 0.73125 0.6104166671875 0.7734375 0.60625 0.78125 0 0.7729166671875001 0 0.68125 0
16 0.615625 0.6229166671875 0.634375 0.6375 0.7125 0.6375 0.7171875 0.6166666671875001 0.709375 0.5958333328125 0.7078125 0.40416666718750005 0.703125 0.3916666671875 0.665625 0.3895833328125 0.6572916671875 0.3895833328125 0.6359375 0.3916666671875 0.6078125 0.41875 0.603125 0.6 0.615625 0.6229166671875