11 0.30859375 0.409375 0.0359375 0.27734375
12 0.88984375 0.46171875 0.2171875 0.26015625
15 0.4984375 0.75 0.996875 0.49140625
7 0.9140625 0.065625 0.090625 0.05234375
7 0.571875 0.325 0.01875 0.02890625
7 0.1671875 0.12265625 0.075 0.0375
7 0.6078125 0.09140625 0.08125 0.04609375
7 0.184375 0.21015625 0.0375 0.025
7 0.35390625 0.28046875 0.0421875 0.01875
7 0.26796875 0.26484375 0.0328125 0.01640625
7 0.0734375 0.15859375 0.05 0.025
7 0.075 0.12578125 0.034375 0.02265625
7 0.2953125 0.24140625 0.034375 0.01640625
7 0.6296875 0.30078125 0.0375 0.01484375
7 0.36640625 0.25 0.0203125 0.0125
7 0.00390625 0.246875 0.0078125 0.02734375
7 0.23125 0.17890625 0.01875 0.01640625
7 0.940625 0.23515625 0.021875 0.01640625
10 0.20546875 0.38125 0.0953125 0.41640625
10 0.50390625 0.44765625 0.0359375 0.16640625
10 0.5359375 0.44453125 0.028125 0.15234375
10 0.3734375 0.428125 0.059375 0.19375
10 0.07734375 0.40078125 0.0828125 0.38984375