10 0.6734375 0.36875 0.68125 0.40208333281249997 0.6765625 0.5083333328124999 0.7015625 0.5166666671875 0.7 0.575 0.7109375 0.58125 0.7328125 0.575 0.7390625 0.50625 0.7359375 0.42291666718750004 0.7234375 0.3729166671875 0.7296875 0.3583333328125 0.7296875 0.3291666671875 0.7203125 0.2645833328125 0.7125 0.2645833328125 0.70625 0.2708333328125 0.6984375 0.3104166671875 0.6796875 0.33125 0.6734375 0.36875
1 0.609375 0.55 0.6125 0.5645833328125 0.61875 0.5666666671875 0.6921875 0.56875 0.7015625 0.5458333328125 0.7 0.5166666671875 0.675 0.5125 0.6796875 0.40416666718750005 0.671875 0.3625 0.678125 0.33125 0.6984375 0.30416666718749996 0.7046875 0.26875 0.715625 0.2604166671875 0.715625 0.21875 0.6703125 0.2208333328125 0.66875 0.21875 0.609375 0.22291666718749997 0.6125 0.41875 0.6078125 0.49375 0.609375 0.55
7 0.703125 0.2416666671875 0.696875 0.23541666718749998 0.684375 0.23541666718749998 0.671875 0.2375 0.665625 0.25833333281250004 0.7 0.2604166671875 0.703125 0.2416666671875
1 0.5890625 0.21875 0.496875 0.20625 0.4890625 0.20625 0.490625 0.5729166671875 0.496875 0.5791666671875 0.5921875 0.5708333328124999 0.5890625 0.21875
7 0.55 0.23333333281250002 0.5484375 0.23333333281250002 0.5421875 0.2541666671875 0.5765625 0.25833333281250004 0.5765625 0.23958333281250002 0.55 0.23333333281250002
10 0.24375 0.3395833328125 0.2453125 0.3541666671875 0.2640625 0.3770833328125 0.2578125 0.4125 0.2703125 0.4270833328125 0.2828125 0.47291666718750003 0.296875 0.48333333281249996 0.303125 0.5041666671875 0.2984375 0.5145833328125 0.30625 0.5041666671875 0.3015625 0.49791666718750005 0.3046875 0.48333333281249996 0.3109375 0.48125 0.315625 0.49375 0.3140625 0.5604166671875 0.303125 0.56875 0.3015625 0.5541666671875001 0.296875 0.5583333328125 0.2984375 0.5208333328125 0.296875 0.54375 0.2796875 0.5479166671875 0.278125 0.59375 0.3015625 0.59375 0.30625 0.5833333328125 0.3171875 0.5958333328125 0.35 0.5916666671875 0.3515625 0.5833333328125 0.3421875 0.5770833328125 0.334375 0.5541666671875001 0.3390625 0.42291666718750004 0.3203125 0.3645833328125 0.325 0.28958333281250004 0.3140625 0.2625 0.3125 0.2166666671875 0.296875 0.20625 0.29375 0.20625 0.28125 0.22291666718749997 0.284375 0.2541666671875 0.253125 0.28958333281250004 0.24375 0.3395833328125
10 0.384375 0.2916666671875 0.384375 0.3625 0.4046875 0.5 0.4046875 0.5604166671875 0.3984375 0.5875 0.4125 0.59375 0.4171875 0.5854166671875001 0.4203125 0.4791666671875 0.4265625 0.46875 0.4390625 0.49583333281249997 0.44375 0.5833333328125 0.4546875 0.59375 0.4625 0.5833333328125 0.4796875 0.5791666671875 0.4625 0.5791666671875 0.4546875 0.5666666671875 0.4625 0.5020833328125 0.459375 0.4 0.4671875 0.30625 0.459375 0.275 0.434375 0.2479166671875 0.4359375 0.2104166671875 0.4265625 0.19583333281249998 0.4140625 0.19583333281249998 0.4046875 0.20625 0.4125 0.2541666671875 0.390625 0.27291666718749996 0.384375 0.2916666671875
10 0.865625 0.30625 0.8796875 0.33541666718749996 0.8796875 0.3541666671875 0.871875 0.5604166671875 0.8625 0.5833333328125 0.8765625 0.5958333328125 0.8890625 0.59375 0.896875 0.5166666671875 0.903125 0.5125 0.8984375 0.49375 0.9078125 0.44166666718750003 0.915625 0.43333333281249997 0.925 0.47291666718750003 0.934375 0.5958333328125 0.965625 0.6 0.975 0.5895833328125 0.959375 0.5708333328124999 0.9546875 0.5520833328125 0.95625 0.43541666718750005 0.9484375 0.3791666671875 0.9546875 0.35625 0.946875 0.3333333328125 0.9546875 0.3229166671875 0.9609375 0.2854166671875 0.953125 0.2479166671875 0.9296875 0.22916666718749998 0.93125 0.1916666671875 0.921875 0.1729166671875 0.9140625 0.1729166671875 0.896875 0.18125 0.8953125 0.23125 0.865625 0.2645833328125 0.865625 0.30625
15 0 0.9979166671874999 0.9984375 0.9979166671874999 0.9984375 0.5770833328125 0.9828125 0.58125 0.9765625 0.6083333328125 0.9375 0.6104166671875 0.9265625 0.5958333328125 0.9125 0.5916666671875 0.890625 0.6104166671875 0.85 0.59375 0.7625 0.5916666671875 0.7421875 0.5833333328125 0.7046875 0.5958333328125 0.6890625 0.575 0.6171875 0.575 0.6 0.5875 0.5890625 0.575 0.578125 0.575 0.571875 0.58125 0.5015625 0.5833333328125 0.496875 0.5770833328125 0.4890625 0.59375 0.4671875 0.59375 0.459375 0.6020833328124999 0.4359375 0.59375 0.396875 0.6020833328124999 0.3609375 0.5875 0.334375 0.6083333328125 0.3171875 0.6083333328125 0.3078125 0.6 0.28125 0.60625 0.2703125 0.59375 0.16875 0.59375 0.16875 0.6208333328125 0.1890625 0.6229166671875 0.2015625 0.6333333328124999 0.1765625 0.65625 0.115625 0.65625 0.021875 0.6416666671875 0 0.6458333328125 0 0.9979166671874999
11 0 0 0 0.6229166671875 0.0125 0.6291666671875 0.04375 0.6291666671875 0.053125 0.6041666671875 0.05625 0.2916666671875 0.0515625 0.2791666671875 0.046875 0 0.0390625 0 0 0
1 0.2515625 0.5604166671875 0.246875 0.5416666671875 0.253125 0.48125 0.26875 0.45 0.2625 0.425 0.253125 0.41875 0.2578125 0.3770833328125 0.2484375 0.3625 0.24375 0.35625 0.24375 0.5791666671875 0.26875 0.5833333328125 0.2765625 0.5645833328125 0.2515625 0.5604166671875
1 0.2796875 0.25625 0.2828125 0.2125 0.2984375 0.2 0.309375 0.20208333281250002 0.3140625 0.2166666671875 0.3140625 0.175 0.3078125 0.1666666671875 0.2640625 0.1520833328125 0.253125 0.1520833328125 0.2375 0.15625 0.2421875 0.3333333328125 0.25 0.2916666671875 0.2796875 0.25625
14 0.765625 0.4166666671875 0.771875 0.4604166671875 0.7703125 0.5229166671875001 0.75 0.575 0.7671875 0.5854166671875001 0.79375 0.5770833328125 0.85625 0.5833333328125 0.8375 0.5416666671875 0.828125 0.5 0.83125 0.4145833328125 0.8515625 0.36875 0.8453125 0.3583333328125 0.83625 0.3583333328125 0.7734375 0.3604166671875 0.746875 0.3708333328125 0.746875 0.38333333281250004 0.765625 0.4166666671875
10 0.8390625 0.40416666718750005 0.8375 0.40416666718750005 0.828125 0.47083333281249995 0.8375 0.53125 0.84375 0.44166666718750003 0.8390625 0.40416666718750005
10 0.78125 0.35208333281250004 0.8015625 0.35625 0.8109375 0.3479166671875 0.8109375 0.33541666718749996 0.8234375 0.3416666671875 0.825 0.3333333328125 0.8265625 0.3479166671875 0.84375 0.35208333281250004 0.840625 0.3291666671875 0.8234375 0.3104166671875 0.821875 0.2875 0.8109375 0.2708333328125 0.8046875 0.2708333328125 0.7953125 0.2791666671875 0.79375 0.31875 0.7828125 0.33125 0.78125 0.35208333281250004
1 0.9640625 0.56875 0.9609375 0.30625 0.9578125 0.30625 0.9484375 0.3333333328125 0.95625 0.3604166671875 0.95625 0.55 0.9640625 0.56875
1 0.9265625 0.5 0.915625 0.43541666718750005 0.9140625 0.43541666718750005 0.9 0.49583333281249997 0.896875 0.575 0.9296875 0.5791666671875 0.9265625 0.5
1 0.8953125 0.1833333328125 0.915625 0.1708333328125 0.9296875 0.18125 0.9296875 0.23125 0.9484375 0.23958333281250002 0.9609375 0.27291666718749996 0.9609375 0.16875 0.946875 0.1625 0.937890625 0.1625 0.8796875 0.1708333328125 0.878125 0.23958333281250002 0.8953125 0.23125 0.8953125 0.1833333328125