5 0.72734375 0.44609375 0.0484375 0.14140625
5 0.7046875 0.41484375 0.209375 0.21640625
15 0.49921875 0.75390625 0.9984375 0.48359375
7 0.2515625 0.09140625 0.05625 0.03359375
7 0.0328125 0.11171875 0.059375 0.03984375
7 0.96875 0.10859375 0.059375 0.04609375
7 0.66640625 0.34609375 0.0171875 0.025
7 0.053125 0.04140625 0.015625 0.02890625
7 0.46953125 0.31015625 0.0359375 0.01640625
7 0.32890625 0.19921875 0.0578125 0.02734375
7 0.69609375 0.140625 0.0734375 0.03984375
7 0.3421875 0.26015625 0.046875 0.02109375
7 0.48203125 0.28671875 0.0171875 0.01015625
7 0.421875 0.28203125 0.028125 0.01484375
7 0.25625 0.20078125 0.025 0.01484375
7 0.3703125 0.23671875 0.021875 0.01484375
7 0.25390625 0.22421875 0.0296875 0.01875
7 0.42421875 0.31796875 0.0140625 0.01015625
7 0.403125 0.3 0.0125 0.0125
14 0.23515625 0.47265625 0.1421875 0.30390625
10 0.38046875 0.41640625 0.0671875 0.30859375
10 0.103125 0.38203125 0.08125 0.46484375
10 0.471875 0.45234375 0.040625 0.175
10 0.290625 0.42734375 0.046875 0.27890625