11 0.7875 0.26640625 0.034375 0.5328125
18 0.7796875 0.328125 0.434375 0.36015625
5 0.28828125 0.39140625 0.2234375 0.42109375
15 0.49921875 0.75390625 0.9984375 0.48359375
7 0.64453125 0.15703125 0.0703125 0.03515625
7 0.45078125 0.17265625 0.0203125 0.025
7 0.89609375 0.13359375 0.0765625 0.03359375
7 0.60390625 0.01796875 0.1015625 0.03515625
7 0.60703125 0.4625 0.0140625 0.02109375
14 0.4859375 0.47890625 0.103125 0.22109375
10 0.421875 0.40703125 0.109375 0.36484375
10 0.546875 0.44296875 0.053125 0.23125