11 0.58125 0.27109375 0.040625 0.54140625
11 0.05078125 0.44921875 0.1015625 0.49765625
18 0.43828125 0.30078125 0.2546875 0.38515625
5 0.078125 0.45546875 0.075 0.38515625
12 0.859375 0.446875 0.278125 0.46875
15 0.49921875 0.75546875 0.9953125 0.48125
7 0.40703125 0.06875 0.0859375 0.04609375
7 0.7 0.06796875 0.084375 0.04765625
7 0.40625 0.04609375 0.0875 0.09140625
7 0.128125 0.06328125 0.0375 0.03984375
10 0.62734375 0.42578125 0.0703125 0.25234375
10 0.20859375 0.4 0.1015625 0.38359375
10 0.32265625 0.446875 0.0296875 0.17734375
10 0.0203125 0.17578125 0.0375 0.06875