5 0.403125 0.5208333328125 0.45 0.5125 0.45 0.33541666718749996 0.4415178578125 0.33541666718749996 0.390625 0.33541666718749996 0.3875 0.34375 0.3875 0.46458333281249997 0.403125 0.5208333328125
10 0.3140625 0.44375 0.3359375 0.43125 0.3484375 0.49791666718750005 0.34375 0.5270833328125 0.35 0.53125 0.359375 0.5208333328125 0.3609375 0.38333333281250004 0.33125 0.35 0.3265625 0.35 0.321875 0.36666666718749996 0.334375 0.3791666671875 0.3359375 0.3958333328125 0.3140625 0.44375
5 0.384375 0.46666666718750005 0.3859375 0.3458333328125 0.38125 0.33541666718749996 0.35 0.33541666718749996 0.3484375 0.33541666718749996 0.34375 0.35625 0.3578125 0.3770833328125 0.3640625 0.4791666671875 0.384375 0.46666666718750005
15 0 0.9979166671874999 0.9984375 0.9979166671874999 0.9984375 0.9604166671875 0.9421875 0.8916666671875 0.9390625 0.8791666671874999 0.934375 0.8833333328125 0.915625 0.8666666671875 0.8890625 0.8291666671875 0.8703125 0.825 0.825 0.7875 0.821875 0.7833333328125 0.828125 0.7770833328125 0.796875 0.7479166671875 0.79375 0.7333333328125 0.78125 0.7208333328125 0.784375 0.7145833328125 0.771875 0.7083333328125 0.7671875 0.69375 0.74375 0.675 0.7375 0.6791666671875001 0.725 0.65625 0.7203125 0.6604166671875 0.7046875 0.6479166671875001 0.675 0.6041666671875 0.6390625 0.5708333328124999 0.6265625 0.5479166671875 0.6328125 0.54375 0.6296875 0.5333333328125 0.6109375 0.53125 0.5953125 0.5458333328125 0.590625 0.5333333328125 0.5734375 0.525 0.571875 0.5229166671875001 0.2984375 0.5395833328124999 0.2625 0.5541666671875001 0.2046875 0.5541666671875001 0.196875 0.5625 0.171875 0.55625 0.15625 0.5666666671875 0.0828125 0.5708333328124999 0.0734375 0.5645833328125 0.0484375 0.5729166671875 0.0515625 0.5791666671875 0.0421875 0.5916666671875 0 0.5958333328125 0 0.9979166671874999
10 0 0.44375 0.0078125 0.43333333281249997 0.0046875 0.40208333281249997 0.0171875 0.36666666718749996 0.003125 0.3479166671875 0.003125 0.33125 0.009375 0.3416666671875 0.0109375 0.3291666671875 0.003125 0.3166666671875 0.009375 0.31875 0.0234375 0.30416666718749996 0.0015625 0.25833333281250004 0 0.25625 0 0.44375
7 0.0609375 0.2270833328125 0.05234375 0.2270833328125 0.040625 0.23333333281250002 0.059375 0.2416666671875 0.0640625 0.23541666718749998 0.0609375 0.2270833328125
7 0.1203125 0.23333333281250002 0.1234375 0.2166666671875 0.1125 0.2104166671875 0.103125 0.2104166671875 0.0875 0.2125 0.0828125 0.2208333328125 0.0953125 0.23125 0.1203125 0.23333333281250002
7 0.4109375 0.2791666671875 0.40625 0.2791666671875 0.40625 0.29375 0.434375 0.31875 0.4328125 0.30625 0.4109375 0.2791666671875
7 0.5125 0.19583333281249998 0.5125 0.2125 0.525 0.2125 0.5265625 0.19583333281249998 0.5125 0.19583333281249998
7 0.121875 0.8375 0.1109375 0.8291666671875 0.10625 0.8291666671875 0.090625 0.8395833328125001 0.0921875 0.85625 0.1203125 0.8541666671874999 0.121875 0.8375
7 0 0.1708333328125 0.0140625 0.1666666671875 0.0140625 0.1541666671875 0.0015625 0.14791666718750002 0 0.1458333328125 0 0.1708333328125
7 0.109375 0.16875 0.0984375 0.16458333281249998 0.0875 0.16458333281249998 0.0828125 0.16875 0.0859375 0.17916666718750002 0.109375 0.18125 0.109375 0.16875
10 0.1046875 0.3583333328125 0.10625 0.375 0.1109375 0.36666666718749996 0.1140625 0.375 0.10625 0.41041666718750003 0.1140625 0.55 0.125 0.5375 0.13125 0.49583333281249997 0.1375 0.5083333328124999 0.1375 0.5479166671875 0.1640625 0.5479166671875 0.1640625 0.525 0.1578125 0.5208333328125 0.1578125 0.5416666671875 0.1515625 0.5458333328125 0.1515625 0.47083333281249995 0.1578125 0.4375 0.15625 0.3729166671875 0.165625 0.3479166671875 0.146875 0.2916666671875 0.1375 0.2833333328125 0.134375 0.2833333328125 0.1234375 0.29375 0.121875 0.31875 0.109375 0.33541666718749996 0.1046875 0.3583333328125
10 0 0.5708333328124999 0.0140625 0.5791666671875 0.04375 0.5625 0.0234375 0.55625 0.0109375 0.5416666671875 0.0015625 0.5083333328124999 0.009375 0.48333333281249996 0.0015625 0.45 0 0.45 0 0.5708333328124999
10 0.04375 0.43333333281249997 0.0484375 0.43541666718750005 0.0890625 0.43333333281249997 0.0890625 0.40208333281249997 0.0984375 0.3895833328125 0.1015625 0.35625 0.084375 0.3333333328125 0.084375 0.2979166671875 0.0734375 0.2979166671875 0.0703125 0.3270833328125 0.0484375 0.3375 0.0421875 0.3541666671875 0.04375 0.43333333281249997
10 0.26875 0.40625 0.2546875 0.43958333281249995 0.253125 0.4791666671875 0.2671875 0.5270833328125 0.265625 0.48333333281249996 0.2703125 0.475 0.275 0.48333333281249996 0.28125 0.525 0.271875 0.53125 0.28125 0.5395833328124999 0.2921875 0.5270833328125 0.2921875 0.5104166671875 0.278125 0.41875 0.3015625 0.41041666718750003 0.2859375 0.4 0.2796875 0.36875 0.2625 0.35625 0.259375 0.35625 0.2390625 0.36666666718749996 0.2328125 0.3854166671875 0.2421875 0.4 0.26875 0.40625
3 0.1578125 0.5125 0.1671875 0.5166666671875 0.171875 0.5479166671875 0.228125 0.5458333328125 0.21875 0.5375 0.2125 0.5125 0.2140625 0.44166666718750003 0.2109375 0.44166666718750003 0.1953125 0.4604166671875 0.190625 0.48333333281249996 0.15625 0.4895833328125 0.1578125 0.5125
10 0.1609375 0.45 0.1546875 0.4875 0.1859375 0.4875 0.1921875 0.46458333281249997 0.2203125 0.43541666718750005 0.2265625 0.40833333281249995 0.2203125 0.375 0.2140625 0.375 0.2046875 0.38125 0.20625 0.3916666671875 0.1953125 0.41875 0.1609375 0.45
14 0.2109375 0.5125 0.1921875 0.5395833328124999 0.1953125 0.5458333328125 0.2640625 0.5458333328125 0.275 0.5395833328124999 0.2578125 0.5125 0.2515625 0.47291666718750003 0.2546875 0.43541666718750005 0.265625 0.40625 0.240625 0.40208333281249997 0.2390625 0.4 0.228125 0.40416666718750005 0.221875 0.43541666718750005 0.2109375 0.4458333328125 0.2109375 0.5125
4 0.2828125 0.5208333328125 0.278125 0.48125 0.2671875 0.475 0.2625 0.5083333328124999 0.2671875 0.525 0.2765625 0.5354166671875 0.2859375 0.525 0.3375 0.5291666671875 0.3421875 0.5208333328125 0.3390625 0.4625 0.296875 0.4458333328125 0.2859375 0.4458333328125 0.28125 0.45 0.29375 0.5125 0.2890625 0.5229166671875001 0.2828125 0.5208333328125
10 0.2421875 0.3395833328125 0.2328125 0.3395833328125 0.2265625 0.35 0.23125 0.38125 0.246875 0.3583333328125 0.2421875 0.3395833328125
10 0.3140625 0.42083333281249996 0.303125 0.3895833328125 0.30625 0.3729166671875 0.3 0.36666666718749996 0.2984375 0.3645833328125 0.2859375 0.3916666671875 0.284375 0.4291666671875 0.30625 0.43125 0.3140625 0.42083333281249996
11 0.121875 0.2979166671875 0.1328125 0.2833333328125 0.1453125 0.2875 0.159375 0.3145833328125 0.1671875 0.34375 0.159375 0.36875 0.159375 0.3854166671875 0.1671875 0.3895833328125 0.1609375 0.4 0.1671875 0.40833333281249995 0.159375 0.44166666718750003 0.1703125 0.44166666718750003 0.1921875 0.4125 0.1921875 0.1979166671875 0.1765625 0.1833333328125 0.18125 0.1625 0.1765625 0.1270833328125 0.16796875 0.1270833328125 0.125 0.1270833328125 0.121875 0.1458333328125 0.121875 0.2979166671875
12 0.9515625 0 0.7171875 0.3125 0.6671875 0.3708333328125 0.6609375 0.36666666718749996 0.6421875 0.3916666671875 0.634375 0.46458333281249997 0.634375 0.525 0.6421875 0.5604166671875 0.653125 0.5625 0.684375 0.6020833328124999 0.7078125 0.5958333328125 0.715625 0.6229166671875 0.734375 0.6166666671875001 0.7453125 0.6229166671875 0.75 0.65625 0.7578125 0.6645833328124999 0.775 0.65 0.8078125 0.6729166671875 0.8140625 0.6854166671875 0.8109375 0.7229166671875 0.8265625 0.7541666671875 0.828125 0.7479166671875 0.8359375 0.7541666671875 0.8390625 0.73125 0.85 0.7229166671875 0.840625 0.7104166671875001 0.84375 0.7041666671875 0.95 0.7875 0.9546875 0.7958333328125 0.9515625 0.85625 0.965625 0.8666666671875 0.9984375 0.8625 0.9984375 0 0.990625 0 0.9515625 0
10 0.6640625 0.3541666671875 0.6421875 0.4 0.671875 0.3645833328125 0.6671875 0.3541666671875 0.6640625 0.3541666671875