5 0.346875 0.41171875 0.084375 0.23515625
5 0.2546875 0.41015625 0.090625 0.24609375
12 0.76796875 0.49921875 0.4578125 0.99765625
7 0.2625 0.25546875 0.053125 0.06015625
7 0.3828125 0.121875 0.025 0.02265625
7 0.2 0.50703125 0.040625 0.06015625
7 0.240625 0.375 0.015625 0.01640625
7 0.24140625 0.35703125 0.0203125 0.01484375
7 0.74296875 0.26640625 0.0609375 0.05390625
10 0.1546875 0.42109375 0.0625 0.26640625
10 0.503125 0.421875 0.046875 0.25625
10 0.03515625 0.42890625 0.0609375 0.275
10 0.421875 0.45 0.046875 0.1875
10 0.45625 0.44375 0.04375 0.2125