15 0 0.9979166671874999 0.89375 0.9979166671874999 0.8953125 0.9916666671875 0.9015625 0.9979166671874999 0.9984375 0.9979166671874999 0.9984375 0.5604166671875 0.9015625 0.55625 0.9 0.5541666671875001 0.8890625 0.5583333328125 0.8796875 0.58125 0.8765625 0.575 0.86875 0.58125 0.775 0.575 0.6921875 0.5854166671875001 0.6171875 0.58125 0.5015625 0.6125 0.4125 0.60625 0.3984375 0.6125 0.3953125 0.6020833328124999 0.39375 0.6125 0.3765625 0.60625 0.3734375 0.6145833328125 0.34375 0.6166666671875001 0.325 0.6291666671875 0.2828125 0.6375 0.259375 0.6270833328125 0.253125 0.6166666671875001 0.2171875 0.6291666671875 0.1890625 0.6270833328125 0.184375 0.6166666671875001 0.1765625 0.6333333328124999 0.1796875 0.6541666671875 0.171875 0.6729166671875 0.134375 0.6729166671875 0.128125 0.6645833328124999 0.121875 0.6729166671875 0.1140625 0.6666666671875 0.05 0.6729166671875 0.040625 0.6833333328125 0.0046875 0.6895833328125 0 0.69375 0 0.9979166671874999
10 0.3640625 0.325 0.3640625 0.35208333281250004 0.3786657390625 0.3686019515625 0.38560903125 0.3963621046875 0.42588014375 0.3963621046875 0.425 0.3229166671875 0.4421875 0.3395833328125 0.45625 0.3416666671875 0.453125 0.3166666671875 0.4265625 0.2854166671875 0.4234375 0.23333333281250002 0.4125 0.2270833328125 0.4078125 0.2270833328125 0.3984375 0.25 0.4 0.2708333328125 0.3734375 0.28958333281250004 0.3640625 0.325
10 0.2015625 0.21875 0.1953125 0.3020833328125 0.209375 0.3333333328125 0.2109375 0.3791666671875 0.21875 0.3854166671875 0.2078125 0.6125 0.2390625 0.60625 0.228125 0.5958333328125 0.234375 0.5104166671875 0.25 0.4375 0.259375 0.425 0.2703125 0.45 0.2765625 0.4895833328125 0.275 0.6166666671875001 0.315625 0.61875 0.3296875 0.6083333328125 0.30625 0.59375 0.3015625 0.5791666671875 0.3106214609375 0.4537330546875 0.3189534953125 0.38895936875000003 0.316176115625 0.3686019515625 0.3015625 0.20833333281250002 0.2921875 0.18125 0.2734375 0.1729166671875 0.2765625 0.1458333328125 0.2625 0.11875 0.2546875 0.11875 0.24375 0.1291666671875 0.24375 0.16458333281249998 0.2171875 0.1875 0.2015625 0.21875
10 0.1640625 0.25833333281250004 0.171875 0.3895833328125 0.1828125 0.4145833328125 0.184375 0.44166666718750003 0.1796875 0.6 0.2015625 0.6 0.2078125 0.5666666671875 0.2171875 0.3895833328125 0.2078125 0.375 0.2078125 0.3291666671875 0.196875 0.3166666671875 0.190625 0.29375 0.2046875 0.1979166671875 0.234375 0.16875 0.21875 0.1520833328125 0.209375 0.1520833328125 0.1953125 0.1625 0.190625 0.1979166671875 0.1703125 0.22916666718749998 0.1640625 0.25833333281250004
10 0.4828125 0.23125 0.48125 0.27291666718749996 0.4734375 0.2854166671875 0.45 0.275 0.4453125 0.3 0.475 0.3333333328125 0.4765625 0.47291666718750003 0.4953125 0.5375 0.4921875 0.56875 0.475 0.5791666671875 0.46875 0.59375 0.5015625 0.6 0.525 0.5895833328125 0.515625 0.55 0.509375 0.45208333281249996 0.521875 0.3729166671875 0.521875 0.25625 0.5140625 0.2166666671875 0.4921875 0.20416666718749998 0.4828125 0.18125 0.46875 0.1708333328125 0.4625 0.1708333328125 0.4546875 0.1729166671875 0.446875 0.2 0.4625 0.225 0.4828125 0.23125
4 0.1578125 0.55 0.165625 0.55 0.1734375 0.5666666671875 0.18125 0.4895833328125 0.1765625 0.425 0.1677083328125 0.425 0.15 0.425 0.15 0.5604166671875 0.153125 0.5645833328125 0.1578125 0.55
10 0.2625 0.5895833328125 0.2453125 0.5729166671875 0.24197469218749998 0.48687253750000004 0.236903946875 0.51465466875 0.234375 0.575 0.234375 0.5979166671875 0.2625 0.5895833328125
14 0 0.6791666671875001 0.0921875 0.6583333328125 0.1703125 0.6625 0.171875 0.6416666671875 0.15625 0.625 0.13125 0.5770833328125 0.1125 0.4895833328125 0.1125 0.4 0.121875 0.3416666671875 0.1265625 0.3229166671875 0.134375 0.3125 0.1390625 0.2979166671875 0.1609375 0.25 0.1546875 0.2375 0.128125 0.225 0.021875 0.20833333281250002 0.0109375 0.20833333281250002 0 0.20833333281250002 0 0.6791666671875001
5 0.925 0 0.88125 0.0125 0.696875 0.0354166671875 0.66875 0.0458333328125 0.5359375 0.0645833328125 0.496875 0.0791666671875 0.49375 0.16458333281249998 0.5140625 0.1895833328125 0.5125 0.20416666718749998 0.521875 0.2208333328125 0.525 0.3416666671875 0.5484375 0.3458333328125 0.559375 0.35625 0.5390625 0.41041666718750003 0.5375 0.45208333281249996 0.54375 0.4625 0.6078125 0.46666666718750005 0.6171875 0.5 0.6125 0.5625 0.859375 0.5666666671875 0.8734375 0.5625 0.8765625 0.5458333328125 0.9984375 0.5541666671875001 0.9984375 0 0.9902777781250001 0 0.925 0
14 0.515625 0.5479166671875 0.521875 0.55625 0.521875 0.575 0.5640625 0.5854166671875001 0.5453125 0.55 0.5328125 0.49375 0.534375 0.4125 0.5546875 0.3625 0.5515625 0.35208333281250004 0.53125 0.35 0.5203125 0.35208333281250004 0.521875 0.3854166671875 0.5109375 0.425 0.515625 0.5479166671875
4 0.309375 0.5875 0.3984375 0.5770833328125 0.465625 0.5791666671875 0.4828125 0.5666666671875 0.484375 0.5229166671875001 0.4734375 0.47083333281249995 0.4734375 0.40833333281249995 0.4640625 0.40625 0.4640625 0.41875 0.4546875 0.42291666718750004 0.41875 0.4125 0.4078125 0.39791666718749996 0.346875 0.39375 0.34375 0.39375 0.3203125 0.3958333328125 0.3140625 0.40625 0.3046875 0.5375 0.309375 0.5875
7 0.7046875 0.2 0.6921875 0.1854166671875 0.690625 0.1854166671875 0.684375 0.1895833328125 0.6859375 0.2 0.703125 0.21458333281250003 0.7046875 0.2
7 0.684375 0.16875 0.6578125 0.12291666718750001 0.65 0.12291666718750001 0.646875 0.1354166671875 0.665625 0.16875 0.684375 0.17916666718750002 0.684375 0.16875
7 0.0203125 0.060416667187499995 0.0203125 0.0479166671875 0.01875 0.0479166671875 0.0203125 0.060416667187499995