5 0.4625 0.25 0.475 0.2791666671875 0.49375 0.2979166671875 0.5 0.32083333281250004 0.5 0.3791666671875 0.4890625 0.45208333281249996 0.496875 0.46875 0.5171875 0.46875 0.528125 0.49583333281249997 0.5265625 0.5354166671875 0.5109375 0.5479166671875 0.5515625 0.5541666671875001 0.634375 0.5458333328125 0.7390625 0.5479166671875 0.74375 0.5416666671875 0.8359375 0.5458333328125 0.8359375 0.4375 0.8421875 0.41875 0.8390625 0.23958333281250002 0.846875 0.23125 0.8453125 0.0875 0.8375 0.0875 0.421875 0.1375 0.4234375 0.23541666718749998 0.44375 0.25 0.4625 0.25
7 0.596875 0.23333333281250002 0.5640625 0.1875 0.55625 0.1875 0.5546875 0.1979166671875 0.56875 0.2208333328125 0.5953125 0.24375 0.596875 0.23333333281250002
10 0.109375 0.1166666671875 0.10625 0.1666666671875 0.0890625 0.23541666718749998 0.0953125 0.24583333281250003 0.121875 0.2375 0.115625 0.28125 0.115625 0.3625 0.1390625 0.49583333281249997 0.1328125 0.60625 0.1234375 0.6270833328125 0.0875 0.65625 0.1546875 0.65 0.15625 0.6041666671875 0.165625 0.5833333328125 0.1703125 0.5458333328125 0.1734375 0.4625 0.1828125 0.5041666671875 0.184375 0.6125 0.1609375 0.6645833328124999 0.184375 0.6645833328124999 0.2015625 0.6520833328125 0.2 0.6166666671875001 0.209375 0.5958333328125 0.21875 0.53125 0.2125 0.4458333328125 0.2234375 0.3375 0.209375 0.25833333281250004 0.2359375 0.2625 0.2421875 0.22916666718749998 0.2359375 0.1729166671875 0.2234375 0.13333333281249998 0.2 0.1 0.18125 0.0375 0.1484375 0.014583332812499999 0.1453125 0.014583332812499999 0.1296875 0.03125 0.1265625 0.058333332812500006 0.134375 0.0916666671875 0.109375 0.1166666671875
7 0.1328125 0.09375 0.1296875 0.08125 0.1109375 0.07291666718749999 0.1046875 0.07291666718749999 0.1 0.0770833328125 0.1 0.1020833328125 0.10625 0.11041666718750001 0.1328125 0.09375
10 0.21875 0.42083333281249996 0.2296875 0.43333333281249997 0.234375 0.5770833328125 0.2640625 0.5729166671875 0.271875 0.5791666671875 0.2765625 0.56875 0.28125 0.5791666671875 0.3234375 0.58125 0.325 0.5708333328124999 0.3015625 0.5604166671875 0.2990826453125 0.4642213328125 0.30295776406249997 0.43323103281249997 0.290625 0.42083333281249996 0.271875 0.27291666718749996 0.2734375 0.24375 0.2625 0.22916666718749998 0.2546875 0.22916666718749998 0.2375 0.2666666671875 0.21875 0.2854166671875 0.225 0.3270833328125 0.21875 0.42083333281249996
14 0.4234375 0.5625 0.4578125 0.55 0.45 0.4770833328125 0.4578125 0.43541666718750005 0.4578125 0.3854166671875 0.440625 0.38333333281250004 0.4390625 0.38125 0.3984375 0.3895833328125 0.4328125 0.4270833328125 0.4265625 0.4375 0.4234375 0.5625
10 0.4640625 0.3458333328125 0.4578125 0.35 0.4390625 0.31875 0.43125 0.3270833328125 0.4609375 0.3708333328125 0.459375 0.43541666718750005 0.4515625 0.47083333281249995 0.4609375 0.5520833328125 0.428125 0.5645833328125 0.4515625 0.5708333328124999 0.4875 0.5604166671875 0.484375 0.4458333328125 0.490625 0.43333333281249997 0.5 0.3479166671875 0.4890625 0.29375 0.4796875 0.28958333281250004 0.4578125 0.2520833328125 0.4515625 0.2520833328125 0.440625 0.2770833328125 0.446875 0.2916666671875 0.4671875 0.30416666718749996 0.4640625 0.3458333328125
10 0.3375 0.3479166671875 0.3421875 0.4166666671875 0.371875 0.4166666671875 0.3765625 0.4125 0.371875 0.3958333328125 0.38125 0.38333333281250004 0.396875 0.38125 0.3984375 0.36666666718749996 0.378125 0.3291666671875 0.3828125 0.30416666718749996 0.375 0.2875 0.3671875 0.2875 0.3609375 0.29375 0.359375 0.31875 0.346875 0.3270833328125 0.3375 0.3479166671875
11 0 0 0 0.20416666718749998 0.0140625 0.2104166671875 0.0234375 0.23125 0.03125 0.26875 0.0265625 0.29375 0.0453125 0.3229166671875 0.05 0.3479166671875 0.0390625 0.49791666718750005 0.046875 0.5791666671875 0.0578125 0.6 0.0671875 0.5979166671875 0.0921875 0.5645833328125 0.1015625 0.5145833328125 0.103125 0.3791666671875 0.084375 0.3291666671875 0.0921875 0.3145833328125 0.0921875 0.2979166671875 0.0859375 0.26875 0.0890625 0.25625 0.0796875 0.2375 0.1015625 0.1625 0.0984375 0.0791666671875 0.103125 0.0666666671875 0.103125 0 0.0951923078125 0 0 0
10 0 0.38125 0.04375 0.3791666671875 0.0484375 0.3708333328125 0.0453125 0.3291666671875 0.0234375 0.2916666671875 0.028125 0.2645833328125 0.021875 0.23541666718749998 0.0046875 0.20833333281250002 0 0.20833333281250002 0 0.38125
3 0 0.5 0.03125 0.50625 0.0484375 0.6291666671875 0.053125 0.61875 0.0375 0.5 0.04375 0.3791666671875 0.034375 0.3791666671875 0 0.38333333281250004 0 0.5
15 0 0.9979166671874999 0.9984375 0.9979166671874999 0.9984375 0.5791666671875 0.96875 0.5791666671875 0.965625 0.59375 0.9578125 0.5625 0.8921875 0.5625 0.8875 0.5708333328124999 0.8796875 0.5645833328125 0.8625 0.5708333328124999 0.8375 0.5625 0.8296875 0.54375 0.828125 0.54375 0.7359375 0.5458333328125 0.728125 0.55625 0.6546875 0.5541666671875001 0.6546875 0.5479166671875 0.6421875 0.5541666671875001 0.6375 0.5458333328125 0.628125 0.5583333328125 0.5296875 0.5604166671875 0.4859375 0.5791666671875 0.4078125 0.5770833328125 0.2828125 0.6 0.25 0.59375 0.2421875 0.5958333328125 0.23125 0.6166666671875001 0.2203125 0.6166666671875001 0.2234375 0.6229166671875 0.203125 0.66875 0.184375 0.6791666671875001 0.1453125 0.6645833328124999 0.1390625 0.6708333328125 0.084375 0.6708333328125 0.078125 0.6479166671875001 0.0875 0.63125 0.0984375 0.6375 0.1078125 0.6270833328125 0.0859375 0.625 0.0765625 0.6104166671875 0.0625 0.6104166671875 0.05 0.6416666671875 0.040625 0.625 0 0.6166666671875001 0 0.9979166671874999
14 0.2171875 0.5708333328124999 0.2140625 0.5708333328124999 0.2109375 0.6 0.23125 0.6020833328124999 0.2328125 0.5916666671875 0.2171875 0.5708333328124999
14 0.18125 0.5041666671875 0.1734375 0.475 0.1734375 0.47291666718750003 0.1671875 0.5979166671875 0.184375 0.6 0.1796875 0.5895833328125 0.18125 0.5041666671875
14 0.1140625 0.49791666718750005 0.1015625 0.55 0.071875 0.5916666671875 0.071875 0.6020833328124999 0.1078125 0.6 0.1265625 0.6125 0.1328125 0.5895833328125 0.1359375 0.48541666718750004 0.1140625 0.38125 0.1125 0.3125 0.1015625 0.3125 0.084375 0.325 0.1 0.35625 0.1125 0.40625 0.1140625 0.49791666718750005
4 0.30625 0.5583333328125 0.421875 0.5541666671875001 0.428125 0.525 0.4265625 0.4375 0.4328125 0.4270833328125 0.4234375 0.425 0.4109375 0.43958333281249995 0.4015625 0.43958333281249995 0.36875 0.42291666718750004 0.3375 0.41875 0.32890625 0.41875 0.3015625 0.42291666718750004 0.3046875 0.44375 0.2953125 0.4895833328125 0.30625 0.5583333328125
5 0.4515625 0.2958333328125 0.446875 0.2958333328125 0.4453125 0.32083333281250004 0.459375 0.3416666671875 0.4640625 0.30416666718749996 0.4515625 0.2958333328125
11 0.85625 0 0.8546875 0.00625 0.85581575625 0.55030540625 0.865625 0.5604166671875 0.884375 0.5583333328125 0.8890625 0.54375 0.8953125 0.07083333281250001 0.89585930625 0 0.85625 0
11 0 0.58125 0.015625 0.5833333328125 0.0239453703125 0.5726872625 0.0296875 0.5083333328124999 0.0171875 0.5041666671875 0.00859375 0.5041666671875 0 0.5041666671875 0 0.58125