5 0.5265625 0.403125 0.084375 0.23984375
5 0.43671875 0.40390625 0.0859375 0.24140625
12 0.86171875 0.459375 0.2703125 0.91875
15 0.4984375 0.75859375 0.996875 0.475
7 0.44609375 0.25078125 0.0484375 0.06015625
7 0.5625 0.10703125 0.025 0.02734375
7 0.571875 0.253125 0.05 0.03125
10 0.615625 0.43515625 0.05625 0.21640625
10 0.3484375 0.41796875 0.05625 0.26484375
10 0.04453125 0.38359375 0.0890625 0.45390625
10 0.71953125 0.41796875 0.0484375 0.26484375
10 0.79296875 0.43125 0.0671875 0.225
10 0.2265625 0.42109375 0.065625 0.27890625
10 0.1796875 0.43984375 0.04375 0.23359375
10 0.15078125 0.41015625 0.0484375 0.25859375