5 0 0 0 0.63125 0.090625 0.6229166671875 0.09375 0.60625 0.1109375 0.5958333328125 0.134375 0.1375 0.1359375 0.00625 0.13125 0 0.123046875 0 0 0
6 0.4734375 0.47083333281249995 0.4796875 0.47083333281249995 0.4796875 0.525 0.4921875 0.5333333328125 0.5265625 0.525 0.5296875 0.3875 0.5171875 0.36666666718749996 0.53125 0.35625 0.5140625 0.3541666671875 0.5078125 0.3541666671875 0.484375 0.3604166671875 0.4703125 0.3875 0.4703125 0.4604166671875 0.4734375 0.47083333281249995
15 0 0.9979166671874999 0.9984375 0.9979166671874999 0.9984375 0.6541666671875 0.940625 0.65625 0.915625 0.64375 0.909375 0.6479166671875001 0.9046875 0.69375 0.8921875 0.7 0.8796875 0.6895833328125 0.878125 0.61875 0.815625 0.6145833328125 0.796875 0.5916666671875 0.7515625 0.5895833328125 0.746875 0.5791666671875 0.778125 0.5708333328124999 0.790625 0.575 0.790625 0.5583333328125 0.7203125 0.5645833328125 0.7015625 0.55625 0.7 0.55625 0.703125 0.56875 0.71875 0.575 0.6765625 0.5770833328125 0.665625 0.6229166671875 0.6625 0.6166666671875001 0.55 0.6145833328125 0.534375 0.6333333328124999 0.546875 0.6458333328125 0.565625 0.65 0.56875 0.6583333328125 0.5625 0.6625 0.475 0.6458333328125 0.3765625 0.6604166671875 0.3640625 0.65 0.3640625 0.6416666671875 0.3140625 0.6416666671875 0.3109375 0.65 0.3015625 0.6416666671875 0.3046875 0.6458333328125 0.2984375 0.6520833328125 0.159375 0.65625 0.1578125 0.6666666671875 0.1421875 0.66875 0.115625 0.6395833328125 0 0.6395833328125 0 0.9979166671874999
7 0.8140625 0.05625 0.8671875 0.05208333281250001 0.8890625 0.03125 0.8890625 0.0208333328125 0.865625 0.00625 0.8578125 0.00625 0.809375 0.0166666671875 0.7984375 0.0270833328125 0.796875 0.04375 0.8140625 0.05625
7 0.81875 0.05625 0.8765625 0.0458333328125 0.8890625 0.0208333328125 0.8671875 0.00625 0.8578125 0.00625 0.8140625 0.014583332812499999 0.796875 0.03125 0.796875 0.04375 0.81875 0.05625
7 0.696875 0.1041666671875 0.7078125 0.0875 0.69375 0.0770833328125 0.68359375 0.0770833328125 0.6609375 0.08125 0.65 0.0979166671875 0.665625 0.10833333281249999 0.696875 0.1041666671875
7 0.7 0.1020833328125 0.7078125 0.0875 0.69375 0.0770833328125 0.6828125 0.0770833328125 0.6609375 0.08125 0.6515625 0.0979166671875 0.6671875 0.10833333281249999 0.7 0.1020833328125
10 0.840625 0.4375 0.8453125 0.45416666718750004 0.8359375 0.5520833328125 0.8390625 0.5708333328124999 0.846875 0.5791666671875 0.85625 0.58125 0.8671875 0.5625 0.86875 0.5020833328125 0.88125 0.45625 0.875 0.4458333328125 0.8796875 0.43541666718750005 0.875 0.425 0.8765625 0.3916666671875 0.9109375 0.3729166671875 0.915625 0.3791666671875 0.909375 0.3479166671875 0.925 0.3333333328125 0.9234375 0.3270833328125 0.903125 0.3270833328125 0.896875 0.30625 0.8984375 0.2833333328125 0.9171875 0.2541666671875 0.909375 0.2270833328125 0.896875 0.2270833328125 0.88125 0.25 0.853125 0.2708333328125 0.84375 0.2916666671875 0.840625 0.4375
7 0.865625 0.2125 0.88125 0.1979166671875 0.8640625 0.1895833328125 0.8625 0.1895833328125 0.8296875 0.19583333281249998 0.825 0.20625 0.8296875 0.2125 0.865625 0.2125
7 0.871875 0.2125 0.884375 0.20208333281250002 0.875 0.1895833328125 0.8651041671874999 0.1895833328125 0.83125 0.19375 0.821875 0.20833333281250002 0.8484375 0.2166666671875 0.871875 0.2125
7 0.825 0.14791666718750002 0.8109375 0.14791666718750002 0.7984375 0.1625 0.8203125 0.16458333281249998 0.8296875 0.1541666671875 0.825 0.14791666718750002
7 0.828125 0.14791666718750002 0.81796875 0.14791666718750002 0.8015625 0.1520833328125 0.7984375 0.1625 0.8265625 0.1625 0.828125 0.14791666718750002
7 0.640625 0.029166667187500002 0.6328125 0.014583332812499999 0.621875 0.014583332812499999 0.603125 0.0208333328125 0.6015625 0.0333333328125 0.6328125 0.0375 0.640625 0.029166667187500002
7 0.934375 0.1666666671875 0.94375 0.1520833328125 0.94375 0.1416666671875 0.9359375 0.1354166671875 0.92734375 0.1354166671875 0.8953125 0.1416666671875 0.884375 0.1604166671875 0.9015625 0.16875 0.934375 0.1666666671875
2 0.621875 0.6145833328125 0.6671875 0.60625 0.6671875 0.53125 0.5859375 0.525 0.5765625 0.525 0.5484375 0.525 0.5453125 0.5958333328125 0.55 0.6041666671875 0.621875 0.6145833328125
0 0.3828125 0.5708333328124999 0.3953125 0.6395833328125 0.471875 0.6354166671875 0.490625 0.6416666671875 0.4921875 0.6270833328125 0.484375 0.6208333328125 0.478125 0.5895833328125 0.4796875 0.48125 0.4578125 0.46458333281249997 0.4484375 0.46458333281249997 0.4 0.46666666718750005 0.3953125 0.47291666718750003 0.3953125 0.5083333328124999 0.3828125 0.5708333328124999
14 0.95 0.3729166671875 0.946875 0.3916666671875 0.9109375 0.39791666718749996 0.9015625 0.3916666671875 0.903125 0.4 0.9453125 0.4 0.94375 0.42083333281249996 0.921875 0.41875 0.921875 0.40625 0.9125 0.40416666718750005 0.896875 0.4125 0.884375 0.6604166671875 0.884375 0.6791666671875001 0.8921875 0.6916666671875 0.90625 0.675 0.90625 0.6208333328125 0.9109375 0.6145833328125 0.928125 0.61875 0.9609375 0.6104166671875 0.975 0.625 0.9984375 0.625 0.9984375 0.3229166671875 0.953125 0.3291666671875 0.9390625 0.3145833328125 0.934375 0.3145833328125 0.9296875 0.325 0.934375 0.35 0.95625 0.36875 0.95 0.3729166671875