11 0.13125 0.340625 0.08125 0.52734375
11 0.25234375 0.46484375 0.1453125 0.2875
5 0.6578125 0.41484375 0.078125 0.20859375
15 0.4984375 0.75546875 0.996875 0.48125
7 0.63984375 0.278125 0.0234375 0.04375
7 0.04453125 0.06328125 0.0890625 0.04765625
7 0.22421875 0.12890625 0.0515625 0.02890625
7 0.3359375 0.20625 0.05625 0.025
7 0.20546875 0.17890625 0.0453125 0.025
7 0.13828125 0.35234375 0.0609375 0.12109375
7 0.84140625 0.31953125 0.0234375 0.04765625
7 0.27265625 0.22109375 0.0234375 0.01640625
7 0.33359375 0.14375 0.0296875 0.02109375
10 0.296875 0.40390625 0.0875 0.34140625
10 0.06015625 0.42578125 0.0640625 0.32265625
10 0.51796875 0.43125 0.0703125 0.25859375
10 0.5875 0.42421875 0.046875 0.23125
10 0.565625 0.43515625 0.046875 0.23359375
10 0.184375 0.41640625 0.040625 0.25