11 0.790625 0.265625 0.034375 0.53125
5 0.29375 0.38828125 0.228125 0.41484375
5 0.45546875 0.36484375 0.0671875 0.37890625
15 0.49921875 0.75234375 0.9953125 0.4875
7 0.64921875 0.15859375 0.0703125 0.0375
7 0.90078125 0.134375 0.0765625 0.03515625
7 0.45546875 0.175 0.0203125 0.025
7 0.90078125 0.11328125 0.0765625 0.07734375
7 0.61015625 0.01640625 0.1015625 0.0328125
7 0.65 0.8875 0.065625 0.04609375
7 0.64921875 0.103125 0.0703125 0.14765625
14 0.4875 0.47578125 0.1 0.21875
10 0.4234375 0.40703125 0.10625 0.36015625
10 0.5484375 0.44140625 0.046875 0.22890625