3 0.0828125 0.5875 0.0921875 0.49791666718750005 0.140625 0.5041666671875 0.153125 0.5979166671875 0.1515625 0.5041666671875 0.196875 0.5020833328125 0.1984375 0.5645833328125 0.209375 0.5791666671875 0.2125 0.5666666671875 0.2046875 0.5125 0.2078125 0.4125 0.1640625 0.40625 0.1578125 0.40625 0.1546875 0.4375 0.1375 0.48333333281249996 0.0921875 0.4895833328125 0.0828125 0.5875
15 0 0.9979166671874999 0.9984375 0.9979166671874999 0.9984375 0.65625 0.99375 0.6458333328125 0.9859375 0.64375 0.98125 0.6520833328125 0.971875 0.6416666671875 0.978125 0.6270833328125 0.96875 0.63125 0.9625 0.625 0.9484375 0.5979166671875 0.95 0.5854166671875001 0.9359375 0.58125 0.928125 0.5541666671875001 0.8953125 0.55 0.859375 0.5625 0.8296875 0.5375 0.740625 0.54375 0.675 0.5375 0.6734375 0.5354166671875 0.6484375 0.5541666671875001 0.640625 0.5833333328125 0.6390625 0.61875 0.65 0.6416666671875 0.6484375 0.6604166671875 0.625 0.66875 0.6109375 0.66875 0.6046875 0.6604166671875 0.6046875 0.5979166671875 0.5953125 0.61875 0.5625 0.6020833328124999 0.5671875 0.55625 0.5640625 0.5625 0.478125 0.5625 0.3484375 0.5791666671875 0.33125 0.6041666671875 0.278125 0.6041666671875 0.2609375 0.59375 0.215625 0.5875 0.209375 0.59375 0.165625 0.59375 0.1546875 0.6166666671875001 0.1453125 0.6020833328124999 0.1390625 0.6083333328125 0.128125 0.6020833328124999 0.121875 0.6145833328125 0.0671875 0.6041666671875 0.040625 0.6083333328125 0.0375 0.6020833328124999 0.0296875 0.6041666671875 0.025 0.61875 0.0109375 0.6083333328125 0 0.6104166671875 0 0.9979166671874999
7 0 0.12291666718750001 0.00625 0.1270833328125 0.05 0.1270833328125 0.0484375 0.1125 0.0203125 0.1020833328125 0.0078125 0.1020833328125 0 0.1041666671875 0 0.12291666718750001
7 0.125 0.0458333328125 0.1203125 0.0458333328125 0.1140625 0.054166667187499996 0.11875 0.0645833328125 0.128125 0.058333332812500006 0.125 0.0458333328125
7 0 0.058333332812500006 0.0203125 0.054166667187499996 0.021875 0.0395833328125 0.003125 0.025 0 0.025 0 0.058333332812500006
7 0.7578125 0.2604166671875 0.7703125 0.25 0.765625 0.2375 0.7557291671875 0.2375 0.728125 0.23958333281250002 0.7171875 0.2479166671875 0.721875 0.2604166671875 0.7578125 0.2604166671875
7 0.75625 0.06875 0.74375 0.06875 0.7328125 0.075 0.7328125 0.0916666671875 0.7578125 0.0875 0.75625 0.06875
14 0.246875 0.4875 0.240625 0.5270833328125 0.2125 0.5791666671875 0.246875 0.5770833328125 0.2609375 0.5854166671875001 0.2875 0.5666666671875 0.278125 0.4583333328125 0.2890625 0.3791666671875 0.2828125 0.3729166671875 0.275 0.38125 0.2671875 0.3708333328125 0.2671875 0.35625 0.265625 0.35625 0.228125 0.3583333328125 0.2234375 0.36666666718749996 0.24375 0.4145833328125 0.246875 0.4875
10 0.2953125 0.2645833328125 0.2921875 0.3395833328125 0.271875 0.3645833328125 0.275 0.3770833328125 0.2859375 0.3645833328125 0.290625 0.3791666671875 0.2796875 0.4458333328125 0.2890625 0.5666666671875 0.2796875 0.5791666671875 0.2671875 0.58125 0.26875 0.5916666671875 0.3171875 0.5916666671875 0.3359375 0.575 0.3296875 0.46875 0.340625 0.40833333281249995 0.3390625 0.3291666671875 0.3453125 0.3270833328125 0.346875 0.3125 0.3390625 0.3020833328125 0.340625 0.2916666671875 0.3171875 0.21875 0.30625 0.2125 0.2984375 0.2125 0.2859375 0.22291666718749997 0.284375 0.23333333281250002 0.2859375 0.2520833328125 0.2953125 0.2645833328125
10 0.0203125 0.5208333328125 0.0203125 0.4791666671875 0.0265625 0.4625 0.021875 0.45416666718750004 0.0171875 0.45416666718750004 0 0.4625 0.003125 0.5375 0.0140625 0.5375 0.0203125 0.5208333328125
10 0 0.3854166671875 0.028125 0.3916666671875 0.0328125 0.4125 0.0328125 0.3625 0.0484375 0.3416666671875 0.053125 0.2916666671875 0.0484375 0.275 0.025 0.2541666671875 0.0265625 0.21875 0.0125 0.19583333281249998 0 0.19583333281249998 0 0.3854166671875
10 0.0953125 0.5833333328125 0.121875 0.5895833328125 0.125 0.5666666671875 0.1125 0.5104166671875 0.1203125 0.5041666671875 0.1078125 0.5 0.10625 0.49791666718750005 0.0921875 0.5041666671875 0.09375 0.5416666671875 0.1 0.55625 0.0953125 0.5833333328125
10 0.121875 0.5708333328124999 0.109375 0.5729166671875 0.1140625 0.5541666671875001 0.109375 0.55625 0.10625 0.53125 0.1109375 0.5270833328125 0.096875 0.51875 0.0953125 0.51875 0.103125 0.55625 0.1 0.5791666671875 0.1046875 0.5833333328125 0.121875 0.5708333328124999
10 0.084375 0.3791666671875 0.0765625 0.3708333328125 0.0625 0.3729166671875 0.071875 0.39375 0.0828125 0.3895833328125 0.10625 0.40416666718750005 0.1359375 0.40416666718750005 0.140625 0.42291666718750004 0.134375 0.4375 0.1265625 0.43333333281249997 0.1296875 0.43958333281249995 0.121875 0.45208333281249996 0.059375 0.4458333328125 0.0453125 0.45416666718750004 0.0484375 0.5395833328124999 0.0640625 0.5375 0.0703125 0.48333333281249996 0.0828125 0.49583333281249997 0.1359375 0.4875 0.1390625 0.4770833328125 0.1328125 0.47291666718750003 0.1421875 0.46458333281249997 0.15 0.40625 0.184375 0.40416666718750005 0.1765625 0.3083333328125 0.1625 0.2916666671875 0.1609375 0.28958333281250004 0.1390625 0.3 0.140625 0.34375 0.115625 0.3708333328125 0.084375 0.3791666671875
10 0.090625 0.3791666671875 0.0625 0.375 0.0703125 0.39375 0.0796875 0.3895833328125 0.1078125 0.40416666718750005 0.128125 0.39791666718749996 0.1375 0.4145833328125 0.121875 0.46666666718750005 0.1109375 0.46666666718750005 0.10625 0.45416666718750004 0.0625 0.4583333328125 0.0625 0.46666666718750005 0.0890625 0.47083333281249995 0.071875 0.48125 0.0875 0.49583333281249997 0.09375 0.48333333281249996 0.1375 0.48125 0.1421875 0.4875 0.1546875 0.40625 0.1859375 0.40625 0.1765625 0.3 0.159375 0.2875 0.1578125 0.2875 0.1390625 0.3 0.1390625 0.3458333328125 0.11875 0.36666666718749996 0.090625 0.3791666671875
10 0.9140625 0.3729166671875 0.91875 0.41875 0.9265625 0.4375 0.9359375 0.55 0.9390625 0.56875 0.9484375 0.5729166671875 0.9546875 0.54375 0.9546875 0.35 0.9765625 0.3229166671875 0.9640625 0.30625 0.9703125 0.2770833328125 0.9640625 0.2604166671875 0.95 0.2604166671875 0.94375 0.3 0.9140625 0.33125 0.91875 0.3416666671875 0.9140625 0.3729166671875
14 0.509375 0.54375 0.5078125 0.4145833328125 0.503125 0.4 0.4953125 0.4 0.49375 0.39791666718749996 0.4578125 0.40416666718750005 0.4828125 0.43958333281249995 0.475 0.5541666671875001 0.509375 0.54375
10 0.5125 0.3458333328125 0.509375 0.3770833328125 0.496875 0.3916666671875 0.5078125 0.39791666718749996 0.509375 0.41041666718750003 0.5125 0.5458333328125 0.5265625 0.55 0.5328125 0.5208333328125 0.5296875 0.4604166671875 0.5375 0.43541666718750005 0.5390625 0.3625 0.5359375 0.33125 0.5203125 0.3125 0.5109375 0.2854166671875 0.5015625 0.2854166671875 0.4953125 0.30625 0.5 0.32083333281250004 0.5125 0.33125 0.5125 0.3458333328125
10 0.3390625 0.375 0.340625 0.3854166671875 0.3484375 0.375 0.3515625 0.38125 0.359375 0.5458333328125 0.3734375 0.56875 0.3890625 0.5583333328125 0.4 0.4 0.4078125 0.40208333281249997 0.4125 0.3875 0.40625 0.32083333281250004 0.3875 0.30625 0.3875 0.2770833328125 0.3828125 0.27291666718749996 0.3796875 0.27291666718749996 0.371875 0.2833333328125 0.3703125 0.3020833328125 0.35 0.3166666671875 0.3390625 0.375
10 0.4203125 0.3875 0.425 0.3916666671875 0.4203125 0.40416666718750005 0.4265625 0.40625 0.4390625 0.40208333281249997 0.4421875 0.3895833328125 0.4421875 0.36666666718749996 0.428125 0.3166666671875 0.4234375 0.3166666671875 0.4171875 0.3229166671875 0.4109375 0.36875 0.4296875 0.3791666671875 0.4203125 0.3875
4 0.4 0.5604166671875 0.4109375 0.55625 0.4234375 0.5625 0.440625 0.5520833328125 0.45 0.5645833328125 0.4546875 0.5520833328125 0.4703125 0.5520833328125 0.478125 0.54375 0.48125 0.43958333281249995 0.4078125 0.43333333281249997 0.4 0.43333333281249997 0.3921875 0.5354166671875 0.3953125 0.5604166671875 0.4046875 0.5645833328125 0.4 0.5604166671875
11 0.18125 0 0.125 0.0020833328125000002 0.125 0.31875 0.1265625 0.325 0.1359375 0.3 0.15 0.2854166671875 0.165625 0.2854166671875 0.178125 0.2979166671875 0.1875 0.40208333281249997 0.2078125 0.40833333281249995 0.2109375 0.43541666718750005 0.2171875 0.44166666718750003 0.2125 0.4583333328125 0.2171875 0.47291666718750003 0.2109375 0.4791666671875 0.2078125 0.5083333328124999 0.209375 0.5395833328124999 0.21875 0.5604166671875 0.2265625 0.5479166671875 0.228125 0.525 0.2296875 0.3895833328125 0.221875 0.36875 0.228125 0.35 0.2234375 0.3229166671875 0.228125 0.05625 0.19375 0.0270833328125 0.1890625 0 0.18125 0
5 0.7453125 0.40833333281249995 0.7515625 0.46458333281249997 0.7453125 0.48541666718750004 0.7484375 0.5104166671875 0.8359375 0.5083333328124999 0.840625 0.3479166671875 0.8359375 0.2625 0.828125 0.2625 0.7703125 0.2708333328125 0.7578125 0.2833333328125 0.7515625 0.40208333281249997 0.7453125 0.40833333281249995
10 0.5453125 0.2208333328125 0.54375 0.3083333328125 0.559375 0.32083333281250004 0.5625 0.3875 0.5796875 0.4625 0.571875 0.6020833328124999 0.5921875 0.60625 0.5921875 0.5791666671875 0.6109375 0.49791666718750005 0.609375 0.65625 0.6296875 0.6625 0.646875 0.6520833328125 0.6328125 0.6270833328125 0.63125 0.6020833328124999 0.6421875 0.5520833328125 0.6421875 0.4916666671875 0.65625 0.3895833328125 0.653125 0.3083333328125 0.6578125 0.3020833328125 0.671875 0.3145833328125 0.6859375 0.3645833328125 0.7 0.3770833328125 0.70625 0.3645833328125 0.671875 0.23958333281250002 0.6640625 0.16875 0.6578125 0.1541666671875 0.6375 0.1375 0.6421875 0.10625 0.634375 0.075 0.625 0.058333332812500006 0.5984375 0.0458333328125 0.5875 0.0458333328125 0.5796875 0.058333332812500006 0.578125 0.125 0.55625 0.1708333328125 0.5453125 0.2208333328125
0 0.5546875 0.31875 0.5875 0.3291666671875 0.6125 0.31875 0.621875 0.30625 0.6234375 0.28958333281250004 0.640625 0.25625 0.6375 0.2416666671875 0.6171875 0.23541666718749998 0.6234375 0.20208333281250002 0.6359375 0.2 0.6140625 0.1854166671875 0.615625 0.1729166671875 0.6078125 0.1583333328125 0.621875 0.1541666671875 0.6234375 0.14375 0.6140625 0.14375 0.5609375 0.1708333328125 0.55 0.1916666671875 0.54375 0.3083333328125 0.5546875 0.31875
1 0.284375 0.34375 0.290625 0.2666666671875 0.2828125 0.23333333281250002 0.2890625 0.20625 0.26875 0.1916666671875 0.260546875 0.1916666671875 0.2328125 0.19583333281249998 0.23125 0.3145833328125 0.271875 0.3270833328125 0.284375 0.34375
1 0.4765625 0.3854166671875 0.4921875 0.3791666671875 0.490625 0.2833333328125 0.4703125 0.2770833328125 0.4578125 0.2770833328125 0.4578125 0.4 0.4765625 0.3958333328125 0.46875 0.3791666671875 0.4765625 0.3854166671875