12 0.88984375 0.47421875 0.2140625 0.27265625
15 0.49921875 0.75 0.9953125 0.49140625
7 0.15234375 0.11328125 0.0765625 0.03984375
7 0.91796875 0.06171875 0.0921875 0.05234375
7 0.2578125 0.26171875 0.034375 0.01875
7 0.56796875 0.32421875 0.0203125 0.03125
7 0.05703125 0.15078125 0.0515625 0.02734375
7 0.0578125 0.115625 0.034375 0.02265625
7 0.34765625 0.278125 0.0421875 0.01875
7 0.2859375 0.23828125 0.0375 0.01875
7 0.1671875 0.20390625 0.028125 0.025
7 0.60625 0.0875 0.08125 0.04609375
7 0.359375 0.246875 0.021875 0.01484375
7 0.9453125 0.234375 0.021875 0.01875
7 0.21640625 0.171875 0.0234375 0.01875
7 0.6265625 0.30078125 0.0375 0.01484375
10 0.18125 0.37578125 0.103125 0.43515625
10 0.54296875 0.446875 0.0390625 0.15234375
10 0.0453125 0.4 0.08125 0.4
10 0.4984375 0.44609375 0.034375 0.16640625
10 0.075 0.32734375 0.05625 0.275
10 0.2375 0.440625 0.034375 0.18515625
10 0.365625 0.41953125 0.059375 0.18515625