10 0 0.5229166671875001 0.0046875 0.5041666671875 0.028125 0.55625 0.0296875 0.575 0.0546875 0.575 0.06875 0.5645833328125 0.0421875 0.55625 0.0296875 0.5208333328125 0.0171875 0.4458333328125 0.015625 0.3604166671875 0.0171875 0.3145833328125 0.0515625 0.30625 0.053125 0.2958333328125 0.01875 0.23958333281250002 0.0140625 0.23958333281250002 0 0.2416666671875 0 0.5229166671875001
10 0 0.5208333328125 0.0046875 0.5041666671875 0.0296875 0.5625 0 0.5770833328125 0.01875 0.5770833328125 0.025 0.56875 0.0359375 0.5791666671875 0.0578125 0.575 0.0703125 0.5645833328125 0.0484375 0.5604166671875 0.0375 0.5458333328125 0.0171875 0.45 0.015625 0.30625 0.025 0.2625 0.00625 0.2416666671875 0 0.2416666671875 0 0.5208333328125
7 0.0859375 0.2416666671875 0.0796875 0.23541666718749998 0.0671875 0.23541666718749998 0.0625 0.23958333281250002 0.065625 0.2479166671875 0.0828125 0.25 0.0859375 0.2416666671875
7 0.1453125 0.2270833328125 0.128125 0.2208333328125 0.11875 0.2208333328125 0.103125 0.23125 0.11875 0.2416666671875 0.1421875 0.24375 0.1453125 0.2270833328125
15 0.2265625 0.55625 0.2125 0.5666666671875 0.0953125 0.56875 0.0890625 0.58125 0.08125 0.5729166671875 0.071875 0.5916666671875 0.059375 0.5979166671875 0.003125 0.5979166671875 0 0.9979166671874999 0.9984375 0.9979166671874999 0.9984375 0.9520833328125 0.9625 0.9270833328125001 0.959375 0.9229166671875 0.9671875 0.9166666671874999 0.934375 0.89375 0.921875 0.86875 0.90625 0.8604166671875 0.9078125 0.8541666671874999 0.8609375 0.8333333328125001 0.8578125 0.8208333328125 0.84375 0.8125 0.840625 0.7958333328125 0.8140625 0.7770833328125 0.80625 0.75625 0.78125 0.7395833328125 0.7765625 0.71875 0.7046875 0.6458333328125 0.678125 0.6041666671875 0.6625 0.5979166671875 0.6421875 0.5625 0.6359375 0.5354166671875 0.5953125 0.5416666671875 0.5890625 0.53125 0.5390625 0.5291666671875 0.534375 0.5291666671875 0.3890625 0.5458333328125 0.3453125 0.5416666671875 0.2921875 0.55625 0.2265625 0.55625
5 0.35625 0.3625 0.375 0.3895833328125 0.3796875 0.45625 0.3734375 0.5291666671875 0.590625 0.5166666671875 0.5953125 0.43333333281249997 0.5921875 0.2604166671875 0.58359375 0.2604166671875 0.3375 0.2645833328125 0.3375 0.3541666671875 0.353125 0.34375 0.35625 0.3625
7 0.4484375 0.3166666671875 0.4234375 0.2875 0.421875 0.2875 0.4171875 0.28958333281250004 0.41875 0.3 0.4484375 0.325 0.4484375 0.3166666671875
7 0.5265625 0.20625 0.5234375 0.2208333328125 0.5390625 0.2208333328125 0.540625 0.20625 0.5265625 0.20625
7 0.125 0.1770833328125 0.1171875 0.1770833328125 0.1046875 0.1854166671875 0.1140625 0.19375 0.1328125 0.1916666671875 0.125 0.1770833328125
7 0 0.2166666671875 0.021875 0.2166666671875 0.025 0.20208333281250002 0.0140625 0.19583333281249998 0 0.19583333281249998 0 0.2166666671875
7 0 0.17916666718750002 0.0390625 0.17916666718750002 0.0375 0.16458333281249998 0.0109375 0.15625 0.0046875 0.15625 0 0.1583333328125 0 0.17916666718750002
10 0.0890625 0.46875 0.0875 0.5458333328125 0.1 0.5041666671875 0.1015625 0.46875 0.0890625 0.46875
10 0.0640625 0.44166666718750003 0.1109375 0.4375 0.1109375 0.4125 0.1203125 0.3958333328125 0.1234375 0.3604166671875 0.109375 0.34375 0.1109375 0.3125 0.1046875 0.30625 0.1 0.30625 0.09375 0.3375 0.0765625 0.34375 0.0671875 0.3604166671875 0.0640625 0.44166666718750003
10 0.1296875 0.4270833328125 0.1359375 0.54375 0.159375 0.5604166671875 0.165625 0.55 0.18125 0.5520833328125 0.175 0.5458333328125 0.171875 0.49375 0.178125 0.42291666718750004 0.175 0.3791666671875 0.184375 0.3583333328125 0.165625 0.30625 0.1546875 0.2958333328125 0.15 0.2958333328125 0.128125 0.35 0.1265625 0.3729166671875 0.1359375 0.3791666671875 0.1296875 0.4270833328125
10 0.203125 0.4458333328125 0.18125 0.45416666718750004 0.175 0.49375 0.209375 0.4895833328125 0.2125 0.47083333281249995 0.2390625 0.44166666718750003 0.2453125 0.41875 0.2421875 0.3875 0.234375 0.3875 0.228125 0.39375 0.2328125 0.41875 0.21875 0.41875 0.203125 0.4458333328125
14 0.2203125 0.55 0.290625 0.5479166671875 0.2703125 0.4916666671875 0.271875 0.4458333328125 0.284375 0.4145833328125 0.259375 0.40833333281249995 0.253125 0.40833333281249995 0.234375 0.45208333281249996 0.23125 0.5166666671875 0.215625 0.5395833328124999 0.2203125 0.55
10 0.2875 0.4145833328125 0.2734375 0.4458333328125 0.271875 0.49791666718750005 0.278125 0.5208333328125 0.2953125 0.5458333328125 0.3078125 0.5270833328125 0.2953125 0.42291666718750004 0.3171875 0.41875 0.303125 0.40833333281249995 0.2859375 0.35 0.2796875 0.35 0.275 0.36666666718749996 0.2609375 0.3770833328125 0.2546875 0.4 0.2875 0.4145833328125
4 0.334375 0.5395833328124999 0.353125 0.5333333328125 0.3578125 0.5208333328125 0.35625 0.47083333281249995 0.346875 0.4583333328125 0.325 0.45208333281249996 0.3171875 0.45208333281249996 0.3015625 0.45208333281249996 0.3 0.4583333328125 0.309375 0.5354166671875 0.334375 0.5395833328124999
10 0.353125 0.43958333281249995 0.35 0.45416666718750004 0.3625 0.5020833328125 0.3578125 0.5354166671875 0.3875 0.5354166671875 0.3703125 0.5270833328125 0.3765625 0.5125 0.3703125 0.48125 0.3765625 0.4583333328125 0.371875 0.3875 0.346875 0.3583333328125 0.34375 0.3583333328125 0.3375 0.3729166671875 0.3515625 0.39791666718749996 0.3328125 0.45 0.353125 0.43958333281249995
10 0.3015625 0.4375 0.321875 0.43541666718750005 0.3296875 0.4270833328125 0.3171875 0.3729166671875 0.3125 0.3729166671875 0.303125 0.4 0.3078125 0.4145833328125 0.2984375 0.4270833328125 0.3015625 0.4375
1 0.24375 0.38333333281250004 0.2421875 0.3020833328125 0.2171875 0.29375 0.215625 0.29375 0.2109375 0.35208333281250004 0.215625 0.43541666718750005 0.2234375 0.3958333328125 0.24375 0.38333333281250004
10 0.265625 0.3645833328125 0.259375 0.3479166671875 0.253125 0.3479166671875 0.2453125 0.3645833328125 0.246875 0.40625 0.253125 0.40416666718750005 0.265625 0.3645833328125
11 0.1421875 0.3 0.159375 0.2958333328125 0.16875 0.3166666671875 0.1859375 0.3333333328125 0.190625 0.36875 0.1796875 0.43958333281249995 0.184375 0.45208333281249996 0.2 0.4458333328125 0.2125 0.42083333281249996 0.2125 0.2125 0.196875 0.1916666671875 0.2 0.14791666718750002 0.1953125 0.1395833328125 0.1871875 0.1395833328125 0.1453125 0.1458333328125 0.146875 0.23958333281250002 0.1421875 0.2666666671875 0.1421875 0.3
4 0.2875 0.48333333281249996 0.2828125 0.48333333281249996 0.28125 0.51875 0.29375 0.53125 0.29375 0.4895833328125 0.2875 0.48333333281249996
4 0.3828125 0.5291666671875 0.3890625 0.5291666671875 0.40625 0.5208333328125 0.4078125 0.5125 0.4046875 0.48541666718750004 0.384375 0.47291666718750003 0.3828125 0.47291666718750003 0.378125 0.48125 0.3796875 0.5125 0.3890625 0.525 0.3828125 0.5291666671875
12 0.971875 0 0.9625 0.010416667187500001 0.684375 0.375 0.66875 0.3770833328125 0.6484375 0.41875 0.6453125 0.46666666718750005 0.6453125 0.5354166671875 0.653125 0.5583333328125 0.6671875 0.5583333328125 0.6921875 0.5875 0.7046875 0.5875 0.7234375 0.6041666671875 0.721875 0.6208333328125 0.7359375 0.6145833328125 0.75 0.625 0.759375 0.6583333328125 0.7734375 0.6458333328125 0.80625 0.6708333328125 0.8125 0.6833333328125 0.8140625 0.7145833328125 0.8296875 0.7145833328125 0.828125 0.6958333328124999 0.8375 0.6958333328124999 0.9265625 0.76875 0.928125 0.8083333328125001 0.921875 0.8229166671874999 0.9390625 0.8645833328125001 0.953125 0.8708333328125001 0.9625 0.8645833328125001 0.9640625 0.7958333328125 0.9984375 0.8270833328125 0.9984375 0 0.9895833328125001 0 0.971875 0