5 0.44296875 0.40234375 0.0890625 0.24140625
5 0.5328125 0.40078125 0.084375 0.23984375
15 0.49921875 0.75703125 0.9953125 0.47734375
7 0.45078125 0.24765625 0.0515625 0.05859375
7 0.56796875 0.103125 0.0265625 0.02265625
10 0.62421875 0.43359375 0.0546875 0.22109375
10 0.35859375 0.41484375 0.0609375 0.2625
10 0.79921875 0.43125 0.0671875 0.22890625
10 0.05 0.38125 0.1 0.45859375
10 0.73359375 0.40546875 0.0515625 0.25234375
10 0.2328125 0.41875 0.0625 0.27890625
10 0.27734375 0.35859375 0.0359375 0.0875