5 0.8078125 0.50625 0.8625 0.5041666671875 0.8671875 0.49583333281249997 0.8625 0.28125 0.85625 0.28125 0.784375 0.2916666671875 0.784375 0.45 0.803125 0.46875 0.8078125 0.50625
14 0 0.3416666671875 0.015625 0.3375 0.01875 0.35 0.021875 0.5958333328125 0.0453125 0.5916666671875 0.04375 0.3604166671875 0.1359375 0.3729166671875 0.140625 0.3645833328125 0.090625 0.3541666671875 0.0796875 0.3583333328125 0.0734375 0.34375 0.0453125 0.34375 0.0453125 0.3270833328125 0.15625 0.3479166671875 0.2140625 0.36875 0.209375 0.375 0.1875 0.375 0.184375 0.36875 0.15625 0.375 0.153125 0.36666666718749996 0.1484375 0.375 0.2125 0.3875 0.2328125 0.38125 0.2359375 0.3895833328125 0.24375 0.3791666671875 0.2671875 0.3791666671875 0.28125 0.3895833328125 0.321875 0.3916666671875 0.3265625 0.5354166671875 0.315625 0.5583333328125 0.4640625 0.5541666671875001 0.4640625 0.5395833328124999 0.4375 0.4895833328125 0.4265625 0.43958333281249995 0.4296875 0.3375 0.4375 0.30416666718749996 0.4515625 0.28125 0.4359375 0.2666666671875 0.3734375 0.2604166671875 0.3703125 0.2604166671875 0.3265625 0.2708333328125 0.35 0.3291666671875 0.3515625 0.3645833328125 0.2015625 0.3270833328125 0.1140625 0.29375 0 0.2875 0 0.3416666671875
11 0.3546875 0.38333333281250004 0.353125 0.4604166671875 0.3390625 0.5104166671875 0.34375 0.5541666671875001 0.384375 0.5520833328125 0.4140625 0.5604166671875 0.465625 0.5520833328125 0.4375 0.4895833328125 0.4265625 0.42083333281249996 0.4296875 0.35208333281250004 0.453125 0.2791666671875 0.4390625 0.2666666671875 0.409375 0.2604166671875 0.40052083281249995 0.2604166671875 0.340625 0.2625 0.325 0.2708333328125 0.3484375 0.33541666718749996 0.3546875 0.38333333281250004
11 0.3109375 0.5541666671875001 0.3109375 0.40833333281249995 0.3015625 0.3958333328125 0.26875 0.38125 0.259375 0.38125 0.2421875 0.38333333281250004 0.240625 0.3895833328125 0.240625 0.5541666671875001 0.3109375 0.5541666671875001
11 0.303125 0.0395833328125 0.2796875 0.01875 0.2453125 0.0166666671875 0.24375 0.014583332812499999 0.2359375 0.0270833328125 0.2390625 0.33125 0.309375 0.3479166671875 0.303125 0.0395833328125
5 0.88125 0.49791666718750005 0.95 0.49375 0.9578125 0.40416666718750005 0.965625 0.5020833328125 0.9984375 0.49375 0.9984375 0.2645833328125 0.990625 0.2645833328125 0.915625 0.2833333328125 0.8796875 0.2833333328125 0.8765625 0.41875 0.88125 0.49791666718750005
15 0.7125 0.5395833328124999 0.665625 0.54375 0.6515625 0.55625 0.6265625 0.54375 0.5328125 0.54375 0.515625 0.5541666671875001 0.4765625 0.5541666671875001 0.465625 0.5645833328125 0.371875 0.5645833328125 0.3265625 0.5770833328125 0.29375 0.5645833328125 0.203125 0.5708333328124999 0.19375 0.5479166671875 0.1859375 0.5541666671875001 0.1765625 0.5479166671875 0.1703125 0.56875 0.15625 0.5708333328124999 0.0578125 0.56875 0.053125 0.5645833328125 0.05625 0.5583333328125 0.0484375 0.55625 0.04375 0.6083333328125 0.01875 0.6083333328125 0.0140625 0.5583333328125 0.003125 0.5541666671875001 0 0.9979166671874999 0.9984375 0.9979166671874999 0.9984375 0.5145833328125 0.9875 0.5125 0.9765625 0.5125 0.815625 0.5208333328125 0.7875 0.53125 0.728125 0.5270833328125 0.7125 0.5395833328124999
7 0.1953125 0.0625 0.2328125 0.058333332812500006 0.2359375 0.0333333328125 0.20625 0.01875 0.1963541671875 0.01875 0.1640625 0.0229166671875 0.159375 0.029166667187500002 0.1625 0.0479166671875 0.1953125 0.0625
10 0.4109375 0.25833333281250004 0.4421875 0.2645833328125 0.4546875 0.275 0.43125 0.3541666671875 0.4296875 0.44166666718750003 0.4421875 0.49583333281249997 0.446875 0.44166666718750003 0.4515625 0.43125 0.4546875 0.43541666718750005 0.4515625 0.5145833328125 0.4625 0.5354166671875 0.48125 0.5375 0.471875 0.49583333281249997 0.4765625 0.3395833328125 0.484375 0.33125 0.4875 0.2770833328125 0.4703125 0.22916666718749998 0.4734375 0.20208333281250002 0.4609375 0.18125 0.4578125 0.18125 0.446875 0.1916666671875 0.446875 0.20625 0.4125 0.24375 0.4109375 0.25833333281250004
7 0.4296875 0.2 0.4171875 0.2 0.4125 0.2104166671875 0.4234375 0.2166666671875 0.434375 0.2104166671875 0.4296875 0.2
7 0.496875 0.20208333281250002 0.5109375 0.1895833328125 0.5109375 0.18125 0.5 0.1729166671875 0.4921875 0.1729166671875 0.46875 0.1729166671875 0.4625 0.18125 0.478125 0.20208333281250002 0.496875 0.20208333281250002
7 0.3765625 0.1729166671875 0.378125 0.1604166671875 0.365625 0.1520833328125 0.35546875 0.1520833328125 0.3390625 0.1541666671875 0.3375 0.1666666671875 0.3484375 0.175 0.3765625 0.1729166671875
7 0.4875 0.1041666671875 0.475 0.1041666671875 0.4671875 0.11875 0.4890625 0.125 0.4953125 0.11041666718750001 0.4875 0.1041666671875
7 0.971875 0.10625 0.96875 0.09375 0.9625 0.09375 0.95 0.0958333328125 0.946875 0.1145833328125 0.9671875 0.1145833328125 0.971875 0.10625
10 0.6125 0.33125 0.6296875 0.3645833328125 0.6296875 0.40208333281249997 0.640625 0.39375 0.6453125 0.40416666718750005 0.6421875 0.45208333281249996 0.6484375 0.51875 0.6390625 0.5333333328125 0.659375 0.53125 0.6578125 0.4916666671875 0.6703125 0.5083333328124999 0.671875 0.53125 0.684375 0.5333333328125 0.6828125 0.5104166671875 0.65625 0.4479166671875 0.6703125 0.4 0.671875 0.35625 0.6859375 0.35208333281250004 0.6890625 0.3395833328125 0.678125 0.2979166671875 0.6671875 0.2916666671875 0.6609375 0.2520833328125 0.653125 0.24375 0.646875 0.24375 0.6375 0.25 0.640625 0.2875 0.6265625 0.2979166671875 0.6125 0.33125
10 0.6765625 0.4 0.68125 0.4166666671875 0.6765625 0.45416666718750004 0.6890625 0.5291666671875 0.6953125 0.5229166671875001 0.70625 0.5291666671875 0.7203125 0.525 0.7171875 0.43958333281249995 0.7296875 0.3729166671875 0.7359375 0.38125 0.7375 0.3645833328125 0.69375 0.3104166671875 0.6859375 0.3104166671875 0.6921875 0.3416666671875 0.6828125 0.3604166671875 0.6875 0.36875 0.6765625 0.4
10 0.74375 0.3770833328125 0.734375 0.3895833328125 0.734375 0.4583333328125 0.7453125 0.49375 0.7453125 0.5083333328124999 0.734375 0.5166666671875 0.7578125 0.51875 0.7609375 0.325 0.7421875 0.27291666718749996 0.7328125 0.27291666718749996 0.728125 0.2875 0.7375 0.3125 0.7359375 0.3583333328125 0.74375 0.3770833328125
11 0.571875 0.5208333328125 0.5875 0.5166666671875 0.5953125 0.5270833328125 0.5953125 0.5104166671875 0.590625 0.5145833328125 0.5875 0.5020833328125 0.596875 0.46666666718750005 0.590625 0.48125 0.5875 0.46458333281249997 0.571875 0.4604166671875 0.575 0.45208333281249996 0.5875 0.45 0.5859375 0.43958333281249995 0.5375 0.4291666671875 0.5359375 0.4291666671875 0.5234375 0.43958333281249995 0.5234375 0.5166666671875 0.553125 0.5104166671875 0.571875 0.5208333328125
11 0.5390625 0.3541666671875 0.546875 0.33541666718749996 0.5640625 0.3333333328125 0.5515625 0.375 0.5703125 0.40208333281249997 0.5953125 0.40833333281249995 0.596875 0.3375 0.5890625 0.3125 0.59375 0.3104166671875 0.596875 0.25625 0.5953125 0.1166666671875 0.58125 0.0916666671875 0.584375 0.03125 0.5765625 0.025 0.575 0.025 0.51875 0.0395833328125 0.51875 0.35208333281250004 0.525 0.3583333328125 0.5390625 0.3541666671875
10 0.2375 0.45 0.2359375 0.38333333281250004 0.221875 0.38333333281250004 0.215625 0.3916666671875 0.21875 0.4916666671875 0.2265625 0.4875 0.2375 0.45
10 0.2359375 0.23333333281250002 0.23125 0.22916666718749998 0.228125 0.22916666718749998 0.21875 0.23333333281250002 0.1953125 0.3166666671875 0.2359375 0.33125 0.2359375 0.23333333281250002
7 0.7984375 0.2270833328125 0.79375 0.2270833328125 0.79375 0.2479166671875 0.8046875 0.27291666718749996 0.8140625 0.2770833328125 0.7984375 0.2270833328125
7 0.3984375 0.11041666718750001 0.3953125 0.0979166671875 0.3734375 0.0895833328125 0.3671875 0.0895833328125 0.35 0.0979166671875 0.35625 0.1145833328125 0.3890625 0.11875 0.3984375 0.11041666718750001