11 0.8093005953124999 0 0.65 0.0041666671875 0.65625 0.12291666718750001 0.6546875 0.16458333281249998 0.6421875 0.1916666671875 0.6453125 0.23333333281250002 0.6546875 0.2479166671875 0.6546875 0.275 0.64375 0.30625 0.65 0.5791666671875 0.65 0.6604166671875 0.6453125 0.6645833328124999 0.653125 0.6916666671875 0.6578125 0.6770833328125 0.6765625 0.7104166671875001 0.6875 0.7625 0.7078125 0.7583333328124999 0.7109375 0.75 0.6921875 0.7458333328125 0.709375 0.7375 0.7234375 0.74375 0.7390625 0.74375 0.740625 0.7375 0.8296875 0.7395833328125 0.8359375 0.725 0.828125 0.4895833328125 0.828125 0.2 0.8171875 0 0.8093005953124999 0
14 0.06875 0.6520833328125 0.08125 0.6479166671875001 0.0796875 0.5833333328125 0.084375 0.5625 0.0796875 0.49583333281249997 0.08125 0.45625 0.090625 0.4479166671875 0.084375 0.44375 0.0875 0.43125 0.1890625 0.44166666718750003 0.2078125 0.43541666718750005 0.234375 0.4458333328125 0.240625 0.66875 0.253125 0.66875 0.25625 0.6479166671875001 0.2578125 0.44166666718750003 0.334375 0.45208333281249996 0.3390625 0.60625 0.3484375 0.6020833328124999 0.3484375 0.45 0.4671875 0.4479166671875 0.471875 0.6 0.4734375 0.6145833328125 0.4828125 0.6125 0.478125 0.4291666671875 0.440625 0.4145833328125 0.415625 0.42083333281249996 0.196875 0.3875 0.1921875 0.3875 0.1546875 0.4 0.059375 0.40833333281249995 0.059375 0.5541666671875001 0.06875 0.6520833328125
7 0.0171875 0.47291666718750003 0.0234375 0.5333333328125 0.034375 0.5020833328125 0.01875 0.475 0.0171875 0.47291666718750003
18 0.2328125 0.45208333281249996 0.2171875 0.44166666718750003 0.209375 0.44166666718750003 0.1984375 0.4458333328125 0.2 0.4916666671875 0.2296875 0.49375 0.2328125 0.45208333281249996
17 0.265625 0.44375 0.259375 0.44375 0.259375 0.49375 0.3328125 0.4916666671875 0.33125 0.45 0.265625 0.44375
18 0.33125 0.45208333281249996 0.28125 0.4458333328125 0.2734375 0.4458333328125 0.2578125 0.4458333328125 0.259375 0.49375 0.33125 0.4916666671875 0.33125 0.45208333281249996
18 0.38125 0.375 0.378125 0.41041666718750003 0.40625 0.4166666671875 0.446875 0.4125 0.48125 0.425 0.4859375 0.4916666671875 0.553125 0.4916666671875 0.5703125 0.4895833328125 0.575 0.48125 0.58125 0.4916666671875 0.6421875 0.4895833328125 0.6375 0.20625 0.584375 0.20416666718749998 0.5765625 0.20416666718749998 0.5796875 0.43958333281249995 0.575 0.47083333281249995 0.56875 0.3729166671875 0.38125 0.375
17 0.4671875 0.4895833328125 0.465625 0.45208333281249996 0.4578125 0.4604166671875 0.4546875 0.4479166671875 0.4109375 0.4479166671875 0.4078125 0.4479166671875 0.3796875 0.45625 0.35 0.45208333281249996 0.35 0.49375 0.4671875 0.4895833328125
18 0.4671875 0.45416666718750004 0.440625 0.45 0.4390625 0.4479166671875 0.3828125 0.45208333281249996 0.3828125 0.4895833328125 0.465625 0.4916666671875 0.4671875 0.45416666718750004
18 0.553125 0.23541666718749998 0.5450781250000001 0.23541666718749998 0.3921875 0.23541666718749998 0.3953125 0.3416666671875 0.5515625 0.3416666671875 0.553125 0.23541666718749998
18 0.36875 0.20625 0.25625 0.20625 0.2546875 0.20416666718749998 0.1921875 0.2125 0.196875 0.38125 0.375 0.41041666718750003 0.36875 0.20625
18 0.196875 0 0.19375 0.1833333328125 0.365625 0.1875 0.371875 0.16875 0.384375 0.1875 0.5671875 0.1833333328125 0.571875 0.1708333328125 0.578125 0.1833333328125 0.640625 0.1833333328125 0.646875 0.1770833328125 0.6484375 0.11041666718750001 0.6375 0 0.629631696875 0 0.196875 0
17 0.440625 0.375 0.4359375 0.40416666718750005 0.421875 0.40625 0.421875 0.4125 0.43125 0.40833333281249995 0.4796875 0.42291666718750004 0.484375 0.4916666671875 0.64375 0.4916666671875 0.640625 0.3083333328125 0.6265625 0.3083333328125 0.60625 0.31875 0.5796875 0.3125 0.575 0.375 0.440625 0.375
17 0.4453125 0.3125 0.4609375 0.3104166671875 0.465625 0.3229166671875 0.421875 0.3229166671875 0.421875 0.3395833328125 0.4296875 0.3333333328125 0.4375 0.3416666671875 0.5453125 0.3395833328125 0.528125 0.3104166671875 0.51875 0.3166666671875 0.515625 0.33541666718749996 0.509375 0.3395833328125 0.4890625 0.3104166671875 0.4609375 0.3083333328125 0.4484375 0.29375 0.440625 0.29375 0.43125 0.3104166671875 0.440625 0.3125 0.4421875 0.32083333281250004 0.4453125 0.3125
10 0.8234375 0 0.81875 0.0354166671875 0.846875 0.0166666671875 0.8546875 0.0916666671875 0.875 0.1125 0.890625 0.16875 0.90625 0.30416666718749996 0.9015625 0.4125 0.8890625 0.46458333281249997 0.890625 0.60625 0.9015625 0.7354166671875 0.9265625 0.8708333328125001 0.9375 0.8875 0.9625 0.88125 0.9734375 0.9020833328125001 0.9890625 0.9 0.9984375 0.8895833328125 0.9984375 0 0.9904829546875 0 0.8234375 0
18 0.8984375 0.3729166671875 0.8953125 0.36666666718749996 0.84375 0.36666666718749996 0.8328125 0.36666666718749996 0.8328125 0.49375 0.884375 0.49375 0.8984375 0.41041666718750003 0.8984375 0.3729166671875
17 0.8609375 0.3708333328125 0.8296875 0.3791666671875 0.8328125 0.48125 0.840625 0.4916666671875 0.884375 0.4895833328125 0.89375 0.41875 0.8921875 0.3854166671875 0.8859375 0.38333333281250004 0.89375 0.3729166671875 0.8875 0.36875 0.875 0.36875 0.875 0.38333333281250004 0.865625 0.3895833328125 0.8546875 0.3875 0.8609375 0.3708333328125
17 0.2640625 0.3916666671875 0.375 0.41041666718750003 0.36875 0.3229166671875 0.3421875 0.32083333281250004 0.3375 0.3020833328125 0.309375 0.2770833328125 0.309375 0.275 0.296875 0.2854166671875 0.2875 0.32083333281250004 0.2609375 0.3166666671875 0.2640625 0.3916666671875
18 0.8859375 0.17916666718750002 0.8875 0.1666666671875 0.871875 0.1145833328125 0.853125 0.0979166671875 0.8453125 0.03125 0.8453125 0.029166667187500002 0.8296875 0.0354166671875 0.825 0.0479166671875 0.828125 0.1770833328125 0.8859375 0.17916666718750002
18 0.903125 0.3291666671875 0.903125 0.28958333281250004 0.8921875 0.20833333281250002 0.834375 0.20416666718749998 0.8328125 0.20416666718749998 0.828125 0.21458333281250003 0.83125 0.3395833328125 0.896875 0.3416666671875 0.903125 0.3291666671875
15 0 0.9979166671874999 0.9984375 0.9979166671874999 0.9984375 0.9458333328125 0.9671875 0.9395833328125001 0.965625 0.9 0.959375 0.9145833328125 0.9390625 0.9166666671874999 0.9296875 0.9083333328125001 0.9515625 0.90625 0.95 0.9 0.93125 0.9020833328125001 0.921875 0.8708333328125001 0.9 0.7625 0.8921875 0.66875 0.8546875 0.6666666671875 0.8453125 0.6583333328125 0.8484375 0.6520833328125 0.8734375 0.6541666671875 0.8796875 0.64375 0.8875 0.65 0.8875 0.6416666671875 0.84375 0.6416666671875 0.846875 0.65 0.8375 0.6541666671875 0.8359375 0.73125 0.684375 0.7270833328124999 0.6796875 0.7416666671875001 0.6609375 0.6833333328125 0.65 0.6791666671875001 0.6453125 0.68125 0.646875 0.6916666671875 0.640625 0.6875 0.64375 0.575 0.6375 0.5708333328124999 0.4921875 0.575 0.4890625 0.6145833328125 0.48125 0.6270833328125 0.4703125 0.6208333328125 0.4671875 0.5770833328125 0.4609375 0.5729166671875 0.359375 0.575 0.35625 0.60625 0.3390625 0.6145833328125 0.3328125 0.5729166671875 0.3171875 0.5708333328124999 0.3140625 0.5708333328124999 0.2640625 0.5770833328125 0.2640625 0.6708333328125 0.240625 0.6833333328125 0.234375 0.6645833328124999 0.23125 0.575 0.203125 0.575 0.2 0.6229166671875 0.0890625 0.6270833328125 0.078125 0.65625 0.0640625 0.6541666671875 0.0609375 0.6375 0.0484375 0.6291666671875 0.0234375 0.63125 0.021875 0.65 0 0.68125 0.00625 0.6875 0 0.6958333328124999 0 0.9979166671874999