5 0.3625 0.43958333281249995 0.3734375 0.4125 0.3890625 0.44166666718750003 0.3859375 0.5125 0.4140625 0.5104166671875 0.4140625 0.44375 0.4203125 0.42083333281249996 0.415625 0.2833333328125 0.3265625 0.28125 0.3182291671875 0.28125 0.2984375 0.2854166671875 0.30625 0.5104166671875 0.3703125 0.5104166671875 0.3625 0.43958333281249995
5 0.359375 0.5125 0.359375 0.3604166671875 0.3109375 0.3541666671875 0.30625 0.3541666671875 0.3015625 0.3604166671875 0.3046875 0.5083333328124999 0.328125 0.5166666671875 0.359375 0.5125
10 0.025 0.48541666718750004 0.0171875 0.5395833328124999 0.0265625 0.5375 0.0359375 0.50625 0.0578125 0.5395833328124999 0.0609375 0.525 0.05 0.5125 0.0546875 0.49375 0.078125 0.49791666718750005 0.078125 0.5395833328124999 0.0890625 0.5270833328125 0.0921875 0.475 0.1109375 0.45 0.11875 0.4270833328125 0.1171875 0.4125 0.1015625 0.4 0.0953125 0.4 0.0796875 0.42083333281249996 0.0734375 0.45416666718750004 0.0546875 0.47291666718750003 0.025 0.48541666718750004
12 0.45625 0.43958333281249995 0.4671875 0.5333333328125 0.471875 0.5354166671875 0.4703125 0.525 0.4828125 0.5166666671875 0.484375 0.5520833328125 0.49375 0.5520833328125 0.5 0.56875 0.528125 0.5666666671875 0.5359375 0.575 0.53125 0.5833333328125 0.5390625 0.5979166671875 0.5453125 0.58125 0.55625 0.5854166671875001 0.5640625 0.6229166671875 0.56875 0.5958333328125 0.5890625 0.6041666671875 0.59375 0.6458333328125 0.6015625 0.6541666671875 0.60625 0.6541666671875 0.609375 0.61875 0.640625 0.6354166671875 0.65 0.6458333328125 0.6515625 0.6854166671875 0.6609375 0.7020833328125 0.6625 0.68125 0.6734375 0.6625 0.74375 0.7020833328125 0.7484375 0.7541666671875 0.771875 0.75 0.778125 0.7104166671875001 0.8203125 0.7104166671875001 0.83125 0.7270833328124999 0.85625 0.7270833328124999 0.871875 0.725 0.8765625 0.7020833328125 0.896875 0.7020833328125 0.915625 0.7229166671875 0.909375 0.70625 0.9125 0.6979166671875 0.9984375 0.6958333328124999 0.9984375 0.14791666718750002 0.8453125 0.1375 0.837109375 0.1375 0.7375 0.1458333328125 0.5 0.40208333281249997 0.4703125 0.42291666718750004 0.45625 0.43958333281249995
10 0.4625 0.43125 0.4828125 0.40625 0.4734375 0.3770833328125 0.471875 0.3770833328125 0.45 0.41875 0.45 0.44166666718750003 0.459375 0.46666666718750005 0.4625 0.43125
10 0.1453125 0.4145833328125 0.1484375 0.43541666718750005 0.171875 0.43541666718750005 0.165625 0.3854166671875 0.159375 0.38125 0.1453125 0.40625 0.1265625 0.3583333328125 0.125 0.3583333328125 0.1046875 0.3875 0.103125 0.40208333281249997 0.1109375 0.41875 0.1453125 0.4145833328125
10 0.190625 0.45208333281249996 0.2015625 0.44375 0.196875 0.45416666718750004 0.209375 0.49375 0.2046875 0.5270833328125 0.2171875 0.5270833328125 0.2203125 0.40416666718750005 0.2140625 0.38333333281250004 0.196875 0.3645833328125 0.1921875 0.3645833328125 0.1875 0.3791666671875 0.2 0.41041666718750003 0.178125 0.45 0.190625 0.45208333281249996
10 0.3921875 0.44166666718750003 0.375 0.41041666718750003 0.371875 0.41041666718750003 0.3640625 0.45 0.3765625 0.5208333328125 0.384375 0.50625 0.3921875 0.44166666718750003
7 0.571875 0.0916666671875 0.6015625 0.0916666671875 0.6296875 0.0791666671875 0.6296875 0.05208333281250001 0.603125 0.0395833328125 0.5953125 0.0395833328125 0.5578125 0.05 0.55 0.060416667187499995 0.55 0.0791666671875 0.571875 0.0916666671875
7 0.3046875 0.0791666671875 0.31875 0.0666666671875 0.3171875 0.0458333328125 0.30625 0.0354166671875 0.2671875 0.029166667187500002 0.2578125 0.029166667187500002 0.2328125 0.0354166671875 0.23125 0.060416667187499995 0.2765625 0.0791666671875 0.3046875 0.0791666671875
7 0.2765625 0.3229166671875 0.25625 0.3 0.2546875 0.2979166671875 0.25 0.3020833328125 0.253125 0.3125 0.275 0.3333333328125 0.2765625 0.3229166671875