11 0.13203125 0.45234375 0.1921875 0.37890625
11 0.60078125 0.27109375 0.0390625 0.54140625
5 0.4046875 0.43359375 0.05625 0.19140625
5 0.1703125 0.31171875 0.11875 0.57265625
12 0.8578125 0.45859375 0.278125 0.44609375
15 0.49921875 0.75625 0.9953125 0.47890625
7 0.4375 0.08984375 0.08125 0.04140625
7 0.71328125 0.08671875 0.0796875 0.04375
7 0.18671875 0.084375 0.0421875 0.03515625
7 0.4375 0.05546875 0.08125 0.11015625
7 0.7140625 0.05546875 0.08125 0.11015625
10 0.05078125 0.33203125 0.1015625 0.6640625
10 0.63671875 0.43203125 0.0578125 0.23125
10 0.28125 0.41015625 0.084375 0.32890625