5 0.39375 0.5166666671875 0.44375 0.5125 0.440625 0.3416666671875 0.4328125 0.3416666671875 0.38125 0.3458333328125 0.3828125 0.46875 0.390625 0.48333333281249996 0.39375 0.5166666671875
15 0 0.9979166671874999 0.9984375 0.9958333328125001 0.9921875 0.975 0.98125 0.9666666671874999 0.98125 0.9541666671875 0.975 0.9625 0.9625 0.9541666671875 0.9671875 0.9520833328125 0.965625 0.9375 0.95 0.9395833328125001 0.9359375 0.925 0.9375 0.91875 0.9203125 0.9083333328125001 0.925 0.9020833328125001 0.9078125 0.8979166671875 0.896875 0.88125 0.8765625 0.8708333328125001 0.86875 0.85 0.871875 0.84375 0.8640625 0.8520833328125 0.84375 0.8291666671875 0.8375 0.8104166671874999 0.8234375 0.8041666671875 0.821875 0.79375 0.809375 0.7958333328125 0.7984375 0.7875 0.7890625 0.7625 0.7671875 0.7479166671875 0.7453125 0.7104166671875001 0.7203125 0.6895833328125 0.709375 0.6666666671875 0.6890625 0.65 0.6234375 0.5666666671875 0.6140625 0.53125 0.59375 0.53125 0.5828125 0.5458333328125 0.5640625 0.5229166671875001 0.5625 0.5229166671875001 0.38125 0.5333333328125 0.2625 0.5520833328125 0.215625 0.55 0.2078125 0.5604166671875 0.1875 0.5541666671875001 0.171875 0.5645833328125 0.140625 0.5583333328125 0.1203125 0.5666666671875 0.1109375 0.5604166671875 0.059375 0.5958333328125 0.040625 0.5854166671875001 0.0109375 0.5875 0.015625 0.5916666671875 0 0.5979166671875 0 0.9979166671874999
12 0.9265625 0 0.915625 0.00625 0.884375 0.054166667187499996 0.91875 0.01875 0.921875 0.029166667187500002 0.93125 0.03125 0.928125 0.0375 0.9078125 0.0645833328125 0.8921875 0.058333332812500006 0.8921875 0.08125 0.871875 0.0791666671875 0.8828125 0.09375 0.8765625 0.1041666671875 0.871875 0.09375 0.8578125 0.0916666671875 0.85625 0.11041666718750001 0.8484375 0.1020833328125 0.8421875 0.1145833328125 0.8453125 0.12291666718750001 0.825 0.13333333281249998 0.80625 0.1604166671875 0.8125 0.1666666671875 0.8078125 0.18125 0.796875 0.1833333328125 0.7734375 0.20833333281250002 0.78125 0.21458333281250003 0.7703125 0.2125 0.7515625 0.2375 0.7453125 0.25833333281250004 0.7328125 0.2625 0.715625 0.28958333281250004 0.71875 0.29375 0.6828125 0.3333333328125 0.6828125 0.3458333328125 0.65625 0.3729166671875 0.6515625 0.3895833328125 0.6390625 0.3916666671875 0.6265625 0.40625 0.625 0.41875 0.6359375 0.42083333281249996 0.640625 0.40416666718750005 0.65 0.39791666718749996 0.6578125 0.40625 0.6578125 0.43541666718750005 0.6734375 0.4375 0.675 0.45416666718750004 0.66875 0.4625 0.675 0.4625 0.66875 0.47291666718750003 0.6328125 0.47291666718750003 0.6453125 0.4791666671875 0.671875 0.475 0.6703125 0.48541666718750004 0.6578125 0.4895833328125 0.6734375 0.4895833328125 0.678125 0.50625 0.6734375 0.5145833328125 0.63125 0.51875 0.6234375 0.5333333328125 0.6234375 0.5520833328125 0.6703125 0.6166666671875001 0.821875 0.7708333328125 0.8328125 0.7895833328124999 0.8328125 0.8020833328125001 0.8375 0.7958333328125 0.8390625 0.8083333328125001 0.8453125 0.8041666671875 0.846875 0.8166666671874999 0.85625 0.825 0.8609375 0.8166666671874999 0.8859375 0.85625 0.8796875 0.8645833328125001 0.9046875 0.8729166671874999 0.9078125 0.85 0.9109375 0.8791666671874999 0.934375 0.9041666671874999 0.9390625 0.89375 0.9421875 0.91875 0.9578125 0.9354166671874999 0.9671875 0.9354166671874999 0.9734375 0.95625 0.978125 0.9541666671875 0.9984375 0.9854166671875 0.9984375 0 0.9453125 0.0041666671875 0.95 0.0083333328125 0.9390625 0.025 0.934375 0.0208333328125 0.9390625 0.0125 0.9359375 0 0.9265625 0
7 0.06875 0.24375 0.0609375 0.23541666718749998 0.0515625 0.23541666718749998 0.0453125 0.23958333281250002 0.046875 0.2479166671875 0.065625 0.25 0.06875 0.24375
7 0.1328125 0.23125 0.1171875 0.22291666718749997 0.10703125 0.22291666718749997 0.0859375 0.23125 0.096875 0.2416666671875 0.1296875 0.24375 0.1328125 0.23125
7 0 0.21875 0.0046875 0.21875 0.009375 0.20625 0.0015625 0.2 0 0.2 0 0.21875
7 0.01328125 0.17421875 0.0265625 0.02265625
10 0.1453125 0.43046875 0.071875 0.24765625
10 0.08359375 0.42890625 0.0546875 0.24140625
10 0.271875 0.4375 0.0625 0.18359375
10 0.3390625 0.44296875 0.04375 0.17265625
10 0.04140625 0.41484375 0.0828125 0.32890625
7 0.4234375 0.3125 0.4015625 0.2875 0.3984375 0.2875 0.3953125 0.2979166671875 0.4171875 0.3229166671875 0.425 0.3229166671875 0.4234375 0.3125
7 0.3625 0 0.3609375 0.0083333328125 0.3859375 0.0333333328125 0.4390625 0.0375 0.4578125 0.0229166671875 0.4578125 0 0.4498697921875 0 0.3625 0
7 0.1359375 0.8291666671875 0.1328125 0.8125 0.12291666718750001 0.8125 0.1 0.8145833328125001 0.0984375 0.8333333328125001 0.1296875 0.8375 0.1359375 0.8291666671875
7 0.8109375 0.2875 0.80625 0.2833333328125 0.8046875 0.2833333328125 0.7875 0.29375 0.76875 0.31875 0.7875 0.3125 0.8109375 0.2875
7 0.1171875 0.1875 0.109375 0.18125 0.1015625 0.18125 0.090625 0.1833333328125 0.090625 0.19375 0.115625 0.19583333281249998 0.1171875 0.1875