11 0.81953125 0.44609375 0.1671875 0.33359375
15 0.49921875 0.78046875 0.9984375 0.43515625
7 0.45703125 0.30703125 0.0921875 0.10625
7 0.609375 0.2875 0.040625 0.05390625
7 0.34296875 0.334375 0.0265625 0.06875
7 0.48125 0.14921875 0.046875 0.03515625
7 0.64609375 0.153125 0.0484375 0.03125
7 0.4390625 0.33515625 0.040625 0.05
7 0.84765625 0.26640625 0.0546875 0.0375
10 0.084375 0.35703125 0.16875 0.61015625
10 0.66875 0.375 0.0875 0.45
10 0.94453125 0.32734375 0.1078125 0.60390625
10 0.27109375 0.34296875 0.1421875 0.62265625
10 0.76953125 0.37578125 0.0890625 0.40625