10 0.015625 0 0.0140625 0.0270833328125 0.0203125 0.05208333281250001 0.03125 0.0666666671875 0.046875 0.06875 0.0546875 0.0979166671875 0.028125 0.1979166671875 0.0203125 0.20416666718749998 0 0.2 0 0.2375 0.0234375 0.23333333281250002 0.0296875 0.24583333281250003 0.028125 0.41041666718750003 0.075 0.6291666671875 0.075 0.6520833328125 0.05 0.6770833328125 0.0359375 0.68125 0.03125 0.6875 0.0359375 0.69375 0.0875 0.6875 0.1046875 0.6958333328124999 0.1484375 0.6625 0.1453125 0.6375 0.134375 0.6208333328125 0.1359375 0.5875 0.1234375 0.5416666671875 0.0953125 0.475 0.1078125 0.4 0.1296875 0.3416666671875 0.1234375 0.2416666671875 0.140625 0.2104166671875 0.1265625 0.10625 0.1140625 0.08333333281250001 0.1171875 0.0666666671875 0.090625 0 0.0822916671875 0 0.015625 0
10 0.45 0.2979166671875 0.440625 0.3770833328125 0.4234375 0.3895833328125 0.4203125 0.40208333281249997 0.434375 0.40208333281249997 0.440625 0.3895833328125 0.440625 0.49583333281249997 0.4578125 0.5729166671875 0.4390625 0.58125 0.45 0.58125 0.484375 0.5708333328124999 0.4703125 0.45 0.4796875 0.425 0.4796875 0.3875 0.490625 0.35 0.490625 0.325 0.475 0.2854166671875 0.4609375 0.275 0.453125 0.2479166671875 0.44375 0.2375 0.4375 0.2375 0.428125 0.24375 0.425 0.2645833328125 0.434375 0.2854166671875 0.45 0.2979166671875
11 0 0 0 0.1916666671875 0.0234375 0.2 0.0265625 0.1583333328125 0.0328125 0.1604166671875 0.05 0.09375 0.04375 0.07291666718749999 0.03125 0.07083333281250001 0.0171875 0.05208333281250001 0.0109375 0 0 0
11 0 0.42978768125 0.020070165625 0.4349527109375 0.01875 0.6166666671875001 0.0265625 0.6208333328125 0.053125 0.5895833328125 0.059375 0.5666666671875 0.0265625 0.4125 0.021875 0.3395833328125 0.0296875 0.2979166671875 0.0234375 0.275 0.0265625 0.2416666671875 0.021875 0.2375 0.01875 0.2375 0 0.2416666671875 0 0.42978768125
11 0.86875 0 0.865625 0.0083333328125 0.865625 0.47083333281249995 0.8648578421875 0.5623572015625 0.8796875 0.5708333328124999 0.8984375 0.5708333328124999 0.90625 0.5520833328125 0.9015625 0.41041666718750003 0.9049013921875 0 0.86875 0
10 0.321875 0.3604166671875 0.3203125 0.3916666671875 0.33125 0.4 0.3234375 0.42291666718750004 0.3296875 0.4270833328125 0.365625 0.42291666718750004 0.371875 0.375 0.3828125 0.3895833328125 0.39375 0.3875 0.3890625 0.3604166671875 0.36875 0.33125 0.36875 0.3 0.3609375 0.2875 0.35625 0.2875 0.3484375 0.2979166671875 0.346875 0.325 0.328125 0.3395833328125 0.321875 0.3604166671875
10 0.196875 0.4125 0.2109375 0.43541666718750005 0.215625 0.5833333328125 0.2203125 0.5979166671875 0.240625 0.5958333328125 0.234375 0.5895833328125 0.2375 0.5666666671875 0.23125 0.525 0.2359375 0.5145833328125 0.240625 0.525 0.240625 0.5833333328125 0.25 0.6020833328124999 0.309375 0.5979166671875 0.309375 0.5791666671875 0.2875 0.575 0.2765625 0.46875 0.2828125 0.4583333328125 0.309375 0.46666666718750005 0.3125 0.4479166671875 0.309375 0.4291666671875 0.2859375 0.39791666718749996 0.2734375 0.35625 0.25625 0.2708333328125 0.259375 0.23333333281250002 0.246875 0.21875 0.2390625 0.21875 0.23125 0.2270833328125 0.2234375 0.2604166671875 0.1984375 0.2916666671875 0.196875 0.4125
10 0.171875 0.3104166671875 0.19375 0.3125 0.1984375 0.2854166671875 0.225 0.2541666671875 0.215625 0.23125 0.2015625 0.23125 0.19375 0.2375 0.190625 0.26875 0.171875 0.2979166671875 0.171875 0.3104166671875
14 0.13125 0.5625 0.1375 0.61875 0.190625 0.61875 0.2 0.625 0.20625 0.6104166671875 0.1765625 0.5666666671875 0.1625 0.5041666671875 0.1625 0.4458333328125 0.171875 0.38125 0.1953125 0.3270833328125 0.1859375 0.3166666671875 0.1390625 0.3020833328125 0.134375 0.3020833328125 0.1328125 0.3395833328125 0.1046875 0.42083333281249996 0.0984375 0.48125 0.13125 0.5625
10 0.1796875 0.46666666718750005 0.175 0.5541666671875001 0.1875 0.5833333328125 0.209375 0.6041666671875 0.2140625 0.5916666671875 0.20625 0.5583333328125 0.209375 0.43541666718750005 0.1953125 0.4125 0.1953125 0.34375 0.2015625 0.3291666671875 0.2 0.3270833328125 0.175 0.3770833328125 0.1703125 0.42291666718750004 0.178125 0.43958333281249995 0.1796875 0.46666666718750005
4 0.290625 0.5708333328124999 0.325 0.5770833328125 0.415625 0.56875 0.421875 0.43541666718750005 0.40625 0.43541666718750005 0.403125 0.4479166671875 0.3921875 0.4479166671875 0.371875 0.44375 0.3578125 0.4291666671875 0.3203125 0.425 0.3171875 0.425 0.3125 0.4291666671875 0.3125 0.46666666718750005 0.2765625 0.4625 0.290625 0.5708333328124999
14 0.4203125 0.4458333328125 0.4203125 0.5604166671875 0.415625 0.58125 0.453125 0.56875 0.4375 0.4916666671875 0.440625 0.40416666718750005 0.4234375 0.40625 0.4171875 0.3895833328125 0.4078125 0.3895833328125 0.3921875 0.39791666718749996 0.3953125 0.41041666718750003 0.425 0.43541666718750005 0.4203125 0.4458333328125
15 0 0.9979166671874999 0.9984375 0.9979166671874999 0.9984375 0.59375 0.9921875 0.59375 0.9890625 0.5791666671875 0.9859375 0.5854166671875001 0.978125 0.5708333328124999 0.921875 0.56875 0.8765625 0.5875 0.871875 0.5770833328125 0.853125 0.5770833328125 0.8421875 0.5541666671875001 0.775 0.5520833328125 0.7640625 0.5520833328125 0.74375 0.5541666671875001 0.7328125 0.5645833328125 0.71875 0.5541666671875001 0.715625 0.5625 0.696875 0.5645833328125 0.5140625 0.575 0.4890625 0.58125 0.48125 0.5916666671875 0.41875 0.5875 0.4125 0.59375 0.3140625 0.6020833328124999 0.3 0.6125 0.271875 0.6104166671875 0.253125 0.6229166671875 0.23125 0.6104166671875 0.2140625 0.6166666671875001 0.2078125 0.6333333328124999 0.1578125 0.6416666671875 0.15625 0.6833333328125 0.134375 0.6895833328125 0.1265625 0.7041666671875 0.1125 0.7083333328125 0.0328125 0.7083333328125 0.025 0.6895833328125 0.03125 0.6666666671875 0.059375 0.6541666671875 0.0609375 0.64375 0.0484375 0.6333333328124999 0.0390625 0.6416666671875 0.025 0.63125 0.00625 0.65 0.0046875 0.6604166671875 0 0.65625 0 0.9979166671874999
14 0.0609375 0.58125 0.059375 0.58125 0.034375 0.6145833328125 0.0359375 0.6270833328125 0.06875 0.6208333328125 0.0609375 0.58125
5 0.4921875 0.3229166671875 0.4796875 0.4479166671875 0.496875 0.4791666671875 0.5171875 0.48125 0.525 0.49583333281249997 0.5265625 0.5395833328124999 0.5125 0.5625 0.525 0.56875 0.5640625 0.5604166671875 0.6234375 0.5645833328125 0.6578125 0.5541666671875001 0.709375 0.5583333328125 0.7203125 0.55 0.73125 0.55625 0.7734375 0.5479166671875 0.8421875 0.5520833328125 0.8484375 0.54375 0.8484375 0.2375 0.85625 0.2166666671875 0.85625 0.07083333281250001 0.8515625 0.07083333281250001 0.4171875 0.13125 0.41875 0.23541666718749998 0.4484375 0.23541666718749998 0.4921875 0.3229166671875
7 0.60625 0.25833333281250004 0.609375 0.25 0.596875 0.2416666671875 0.596875 0.23125 0.5640625 0.1833333328125 0.5578125 0.1833333328125 0.5546875 0.1979166671875 0.559375 0.20625 0.5984375 0.25833333281250004 0.60625 0.25833333281250004