12 1 0.00390625 0.8837890625 0.0026041671875 0.8681640625 0.010416667187500001 0.8349609375 0 0.7998046875 0.0026041671875 0.623046875 0.25390625 0.5859375 0.3216145828125 0.55859375 0.3502604171875 0.552734375 0.37890625 0.552734375 0.5065104171875 0.578125 0.52734375 0.5205078125 0.53125 0.517578125 0.5481770828125 1 0.9544270828125001 1 0.00390625
5 0.333984375 0.51171875 0.3388671875 0.5234375 0.375 0.5221354171875 0.39453125 0.5169270828125 0.39453125 0.3580729171875 0.3330078125 0.3541666671875 0.333984375 0.51171875
7 0.6533203125 0.0026041671875 0.6201171875 0.0026041671875 0.595703125 0.0169270828125 0.58984375 0.0455729171875 0.5966796875 0.0546875 0.638671875 0.06119791718749999 0.6748046875 0.0494791671875 0.681640625 0.0403645828125 0.6796875 0.0169270828125 0.6533203125 0.0026041671875
7 0.2490234375 0 0.240234375 0.014322917187500001 0.2490234375 0.0364583328125 0.2724609375 0.0494791671875 0.32421875 0.05078125 0.33984375 0.0377604171875 0.33984375 0.0221354171875 0.3232421875 0 0.2490234375 0
7 0.310546875 0.3294270828125 0.2841796875 0.296875 0.2734375 0.30078125 0.2998046875 0.3307291671875 0.310546875 0.3294270828125
10 0 0.37890625 0.01171875 0.4830729171875 0.013671875 0.5638020828125 0.02734375 0.56640625 0.033203125 0.55859375 0.0302734375 0.4739583328125 0.037109375 0.4778645828125 0.052734375 0.55859375 0.0634765625 0.5625 0.07421875 0.5533854171875 0.06640625 0.54296875 0.056640625 0.47265625 0.0390625 0.41796875 0.041015625 0.3763020828125 0.048828125 0.3606770828125 0.03125 0.3268229171875 0.0185546875 0.3177083328125 0 0.34765625 0 0.37890625
10 0.171875 0.3971354171875 0.158203125 0.41796875 0.1611328125 0.4401041671875 0.177734375 0.44140625 0.1953125 0.43359375 0.1826171875 0.3802083328125 0.171875 0.38671875 0.171875 0.3971354171875
15 0.4931640625 0.53125 0.4697265625 0.5364583328125 0.4423828125 0.5234375 0.3583984375 0.5260416671875 0.1806640625 0.5442708328125 0.1591796875 0.5546875 0.0947265625 0.5546875 0.0615234375 0.5677083328125 0 0.56640625 0.0009765625 0.9973958328125001 1 0.99609375 0.9970703125 0.9583333328125001 0.5439453125 0.5729166671875 0.5107421875 0.5572916671875 0.4931640625 0.53125
4 0.150390625 0.4622395828125 0.150390625 0.5169270828125 0.1611328125 0.5364583328125 0.216796875 0.5377604171875 0.22265625 0.5325520828125 0.2197265625 0.4661458328125 0.1806640625 0.4583333328125 0.150390625 0.4622395828125
14 0.15625 0.4231770828125 0.1494140625 0.4166666671875 0.1171875 0.4205729171875 0.10546875 0.4674479171875 0.103515625 0.51171875 0.08203125 0.5481770828125 0.126953125 0.5533854171875 0.166015625 0.5481770828125 0.14453125 0.4986979171875 0.14453125 0.44921875 0.15625 0.4231770828125
11 0.0556640625 0.1510416671875 0.0068359375 0.1510416671875 0.005859375 0.3190104171875 0.0263671875 0.3177083328125 0.0380859375 0.3307291671875 0.07421875 0.3346354171875 0.076171875 0.23307291718749998 0.060546875 0.20963541718749998 0.060546875 0.1575520828125 0.0556640625 0.1510416671875