5 0.50625 0.5104166671875 0.50625 0.41041666718750003 0.4984375 0.40208333281249997 0.4921875 0.40208333281249997 0.4703125 0.40416666718750005 0.46875 0.41041666718750003 0.4734375 0.5125 0.50625 0.5104166671875
5 0.540625 0.5125 0.54375 0.3604166671875 0.50625 0.3604166671875 0.49765625 0.3604166671875 0.4703125 0.3645833328125 0.471875 0.5020833328125 0.49375 0.5125 0.540625 0.5125
15 0 0.9979166671874999 0.9984375 0.9979166671874999 0.9984375 0.6041666671875 0.9421875 0.6 0.9234375 0.5895833328125 0.921875 0.5770833328125 0.9375 0.575 0.9390625 0.5666666671875 0.9328125 0.5625 0.9125 0.5708333328124999 0.8875 0.55625 0.8609375 0.5604166671875 0.8375 0.5541666671875001 0.825 0.5645833328125 0.8046875 0.55625 0.7796875 0.56875 0.778125 0.6395833328125 0.6328125 0.6375 0.6 0.5958333328125 0.5984375 0.5708333328124999 0.6046875 0.5479166671875 0.590625 0.5333333328125 0.5796875 0.5354166671875 0.575 0.525 0.5671875 0.525 0.5546875 0.5354166671875 0.540625 0.5208333328125 0.4796875 0.5229166671875001 0.478125 0.5208333328125 0.4578125 0.525 0.4578125 0.5354166671875 0.4671875 0.54375 0.4671875 0.5770833328125 0.4546875 0.5895833328125 0.4375 0.5916666671875 0.3875 0.5916666671875 0.3890625 0.5791666671875 0.3828125 0.5708333328124999 0.3890625 0.5625 0.38125 0.5583333328125 0.3875 0.5479166671875 0.3828125 0.5354166671875 0.375 0.5333333328125 0.3484375 0.5458333328125 0.340625 0.6 0.328125 0.59375 0.3265625 0.5479166671875 0.30625 0.54375 0.2875 0.55625 0.28125 0.5854166671875001 0.265625 0.5791666671875 0.2359375 0.5854166671875001 0.225 0.60625 0.2171875 0.59375 0.1859375 0.5854166671875001 0.1734375 0.5895833328125 0.1625 0.5770833328125 0.0953125 0.575 0.0875 0.58125 0.078125 0.575 0.071875 0.58125 0.0546875 0.575 0.0390625 0.58125 0.0375 0.5666666671875 0.00625 0.5708333328124999 0 0.59375 0 0.9979166671874999
7 0.0703125 0.13125 0.0796875 0.12291666718750001 0.071875 0.10625 0.0328125 0.0958333328125 0.0203125 0.0958333328125 0.0046875 0.1041666671875 0.0140625 0.12291666718750001 0.0375 0.13125 0.0703125 0.13125
11 0.6796875 0 0.675 0.08333333281250001 0.6796875 0.16875 0.6734375 0.20625 0.675 0.38125 0.7046875 0.38333333281250004 0.7125 0.40625 0.7109375 0.5916666671875 0.7234375 0.6020833328124999 0.765625 0.60625 0.7734375 0.5979166671875 0.7796875 0 0.7713541671875 0 0.6796875 0
7 0.6734375 0.15 0.671875 0.15 0.6625 0.16458333281249998 0.6703125 0.17916666718750002 0.6765625 0.16875 0.6734375 0.15
7 0 0.23541666718749998 0.0359375 0.23333333281250002 0.0328125 0.2208333328125 0.0125 0.21458333281250003 0 0.21458333281250003 0 0.23541666718749998
11 0.1546875 0.5416666671875 0.15 0.3645833328125 0.1578125 0.3375 0.15625 0.23333333281250002 0.1625 0.21875 0.196875 0.21458333281250003 0.196875 0.1458333328125 0.184375 0.1291666671875 0.1765625 0.1291666671875 0.1296875 0.1291666671875 0.1265625 0.14375 0.128125 0.5458333328125 0.1546875 0.5416666671875
7 0.2234375 0.2791666671875 0.2140625 0.27291666718749996 0.20546875 0.27291666718749996 0.196875 0.27291666718749996 0.196875 0.2854166671875 0.2203125 0.2875 0.2234375 0.2791666671875
7 0.1171875 0.2833333328125 0.1140625 0.28958333281250004 0.121875 0.2958333328125 0.1265625 0.2833333328125 0.1171875 0.2833333328125
7 0.48125 0.1770833328125 0.48125 0.15625 0.4625 0.14791666718750002 0.45 0.14791666718750002 0.421875 0.15625 0.41875 0.1708333328125 0.440625 0.1833333328125 0.48125 0.1770833328125
14 0.1578125 0.5625 0.1625 0.56875 0.1703125 0.56875 0.1734375 0.5791666671875 0.1859375 0.5666666671875 0.209375 0.5708333328124999 0.2015625 0.5541666671875001 0.2125 0.54375 0.2203125 0.5979166671875 0.2296875 0.5916666671875 0.2328125 0.56875 0.278125 0.5770833328125 0.2796875 0.4625 0.29375 0.45416666718750004 0.3265625 0.46458333281249997 0.3328125 0.5875 0.340625 0.5875 0.3421875 0.45416666718750004 0.353125 0.44166666718750003 0.3515625 0.4291666671875 0.2671875 0.425 0.2578125 0.4125 0.265625 0.3895833328125 0.2515625 0.3791666671875 0.2484375 0.3854166671875 0.1796875 0.38125 0.1625 0.3625 0.159375 0.3625 0.15625 0.43958333281249995 0.1640625 0.49583333281249997 0.1578125 0.5 0.1578125 0.5625
7 0.2625 0.325 0.25625 0.3229166671875 0.24375 0.3229166671875 0.2390625 0.3291666671875 0.24375 0.3333333328125 0.2609375 0.3333333328125 0.2625 0.325
10 0.3015625 0.42083333281249996 0.3015625 0.3854166671875 0.29375 0.3583333328125 0.2875 0.3583333328125 0.26875 0.3916666671875 0.2640625 0.40833333281249995 0.26875 0.42083333281249996 0.3015625 0.42083333281249996
7 0.2953125 0.3291666671875 0.29375 0.3375 0.3046875 0.3375 0.303125 0.3291666671875 0.2953125 0.3291666671875
10 0.571875 0.46458333281249997 0.56875 0.43958333281249995 0.55625 0.4166666671875 0.553125 0.4166666671875 0.540625 0.4625 0.5484375 0.5166666671875 0.55625 0.5270833328125 0.571875 0.46458333281249997
10 0.2984375 0.5395833328124999 0.303125 0.5083333328124999 0.29375 0.45625 0.2890625 0.45625 0.28125 0.4604166671875 0.28125 0.525 0.2828125 0.5354166671875 0.2984375 0.5395833328124999
10 0.0453125 0.53125 0.04375 0.48541666718750004 0.0484375 0.475 0.0625 0.4791666671875 0.0625 0.5333333328125 0.08125 0.5333333328125 0.0859375 0.4916666671875 0.0671875 0.4291666671875 0.0625 0.4291666671875 0.028125 0.475 0.0234375 0.50625 0.028125 0.5354166671875 0.0453125 0.53125
7 0.7890625 0 0.7796875 0.01875 0.7796875 0.0458333328125 0.79375 0.0479166671875 0.8 0.029166667187500002 0.8046875 0.05 0.7984375 0.05625 0.7796875 0.05 0.7796875 0.0666666671875 0.840625 0.058333332812500006 0.8234375 0.04375 0.85625 0 0.8078125 0 0.80625 0.0083333328125 0.8046875 0 0.796875 0 0.7890625 0
7 0.4015625 0.0770833328125 0.43125 0.08333333281250001 0.459375 0.0791666671875 0.4734375 0.0625 0.465625 0.0333333328125 0.4203125 0.0270833328125 0.41875 0.025 0.3921875 0.0354166671875 0.3828125 0.04375 0.38125 0.058333332812500006 0.4015625 0.0770833328125
7 0.596875 0 0.584375 0.058333332812500006 0.66875 0.0645833328125 0.675 0.05625 0.6765625 0 0.66859375 0 0.596875 0
7 0.109375 0.2104166671875 0.10625 0.2 0.0890625 0.19375 0.08125 0.19375 0.0578125 0.19375 0.0515625 0.20208333281250002 0.0890625 0.2166666671875 0.109375 0.2104166671875
16 0.634375 0.6291666671875 0.7140625 0.6291666671875 0.7171875 0.6020833328124999 0.7109375 0.5916666671875 0.70625 0.39375 0.66875 0.3875 0.6609375 0.3875 0.6375 0.3875 0.609375 0.4166666671875 0.60625 0.59375 0.634375 0.6291666671875