15 0 0.9979166671874999 0.9984375 0.9979166671874999 0.9984375 0.6208333328125 0.9734375 0.6208333328125 0.959375 0.63125 0.9546875 0.61875 0.9203125 0.625 0.9203125 0.6375 0.85625 0.6416666671875 0.8453125 0.6354166671875 0.8296875 0.64375 0.821875 0.6354166671875 0.76875 0.6333333328124999 0.759375 0.6208333328125 0.6578125 0.56875 0.6375 0.5458333328125 0.634375 0.55 0.63125 0.5395833328124999 0.621875 0.5541666671875001 0.6109375 0.5395833328124999 0.596875 0.5375 0.584375 0.525 0.5359375 0.525 0.534375 0.525 0.4625 0.5291666671875 0.3875 0.5479166671875 0.346875 0.5458333328125 0.33125 0.5583333328125 0.2234375 0.55 0.171875 0.575 0.165625 0.5854166671875001 0.1625 0.6520833328125 0.171875 0.6833333328125 0.184375 0.6875 0.19375 0.7125 0.184375 0.7270833328124999 0.1625 0.73125 0.1578125 0.775 0.1703125 0.8020833328125001 0.184375 0.80625 0.2046875 0.8270833328125 0.2109375 0.85 0.1859375 0.8833333328125 0.1390625 0.9041666671874999 0.09375 0.9125 0.05625 0.9145833328125 0.0328125 0.8916666671875 0.0328125 0.8729166671874999 0.0484375 0.8333333328125001 0.05 0.7666666671875 0.0578125 0.7395833328125 0.0609375 0.5958333328125 0.0578125 0.58125 0.0171875 0.575 0.0234375 0.6145833328125 0.0125 0.6270833328125 0 0.6270833328125 0.0046875 0.6395833328125 0 0.6458333328125 0 0.9979166671874999
7 0.215625 0.2708333328125 0.2109375 0.2708333328125 0.209375 0.2833333328125 0.221875 0.2875 0.225 0.2770833328125 0.215625 0.2708333328125
12 0.659375 0.43541666718750005 0.6578125 0.45 0.6734375 0.45416666718750004 0.6703125 0.4916666671875 0.675 0.5083333328124999 0.6609375 0.5166666671875 0.671875 0.5208333328125 0.653125 0.5354166671875 0.6578125 0.55625 0.7125 0.56875 0.7203125 0.5895833328125 0.728125 0.5770833328125 0.7765625 0.6125 0.78125 0.6041666671875 0.865625 0.6083333328125 0.8828125 0.5958333328125 0.8953125 0.6104166671875 0.9984375 0.6145833328125 0.9984375 0.35625 0.921875 0.35625 0.9125 0.3625 0.846875 0.35625 0.8453125 0.3541666671875 0.765625 0.3645833328125 0.69375 0.4125 0.671875 0.4375 0.659375 0.43541666718750005
7 0.7796875 0 0.76875 0.0125 0.7640625 0.0395833328125 0.7875 0.054166667187499996 0.8453125 0.0479166671875 0.86875 0.029166667187500002 0.8671875 0 0.8592329546874999 0 0.7796875 0
7 0.7265625 0.175 0.775 0.1666666671875 0.7828125 0.1583333328125 0.78125 0.1458333328125 0.765625 0.1354166671875 0.7572916671875001 0.1354166671875 0.7234375 0.1416666671875 0.7125 0.1520833328125 0.7125 0.1666666671875 0.7265625 0.175
10 0.465625 0.5208333328125 0.4703125 0.5166666671875 0.4671875 0.4625 0.4765625 0.44166666718750003 0.4578125 0.39791666718749996 0.4515625 0.39791666718749996 0.4515625 0.5229166671875001 0.4578125 0.5208333328125 0.4625 0.49791666718750005 0.465625 0.5208333328125
7 0.4578125 0.3416666671875 0.4609375 0.3583333328125 0.475 0.36875 0.4625 0.3416666671875 0.4578125 0.3416666671875
7 0.5078125 0.18125 0.525 0.16875 0.5203125 0.15 0.4984375 0.14375 0.490625 0.14375 0.4609375 0.14791666718750002 0.45625 0.16458333281249998 0.4875 0.18125 0.5078125 0.18125
7 0.278125 0.28125 0.265625 0.28125 0.265625 0.2916666671875 0.275 0.2958333328125 0.2828125 0.29375 0.278125 0.28125
10 0.309375 0.53125 0.315625 0.5229166671875001 0.321875 0.54375 0.3296875 0.5291666671875 0.3375 0.5354166671875 0.340625 0.41875 0.3453125 0.40833333281249995 0.328125 0.3625 0.325 0.3625 0.31875 0.38333333281250004 0.3078125 0.3916666671875 0.3140625 0.4145833328125 0.309375 0.53125
4 0.240625 0.54375 0.2953125 0.5479166671875 0.3015625 0.5395833328124999 0.2890625 0.50625 0.2890625 0.475 0.3015625 0.43125 0.271875 0.425 0.2640625 0.425 0.246875 0.43125 0.25625 0.4770833328125 0.25 0.5270833328125 0.240625 0.54375
10 0.2484375 0.47291666718750003 0.2421875 0.47291666718750003 0.2328125 0.4770833328125 0.2359375 0.5375 0.2484375 0.5270833328125 0.2484375 0.47291666718750003
10 0.25 0.4479166671875 0.2453125 0.4291666671875 0.2578125 0.41875 0.25 0.3770833328125 0.2421875 0.36875 0.240625 0.36875 0.2328125 0.40625 0.2328125 0.4625 0.246875 0.46875 0.25 0.4479166671875
4 0.390625 0.4458333328125 0.3859375 0.4458333328125 0.3515625 0.5333333328125 0.4 0.5333333328125 0.3875 0.50625 0.390625 0.4458333328125
5 0.590625 0.5104166671875 0.59375 0.3333333328125 0.5640625 0.3291666671875 0.5557291671875 0.3291666671875 0.5 0.3333333328125 0.5046875 0.5145833328125 0.584375 0.5166666671875 0.590625 0.5104166671875
10 0 0 0 0.4625 0.0203125 0.3791666671875 0.028125 0.2958333328125 0.0375 0.2604166671875 0.0546875 0.3083333328125 0.0625 0.3604166671875 0.059375 0.4145833328125 0.0703125 0.45625 0.0640625 0.73125 0.05625 0.78125 0.059375 0.8270833328125 0.040625 0.8854166671874999 0.04375 0.8979166671875 0.05625 0.9020833328125001 0.146875 0.8916666671875 0.19375 0.86875 0.20625 0.85 0.196875 0.825 0.171875 0.8166666671874999 0.1515625 0.7895833328124999 0.15 0.7270833328124999 0.1578125 0.6854166671875 0.1640625 0.46875 0.1828125 0.35 0.1890625 0.22916666718749998 0.1953125 0.1895833328125 0.203125 0.1854166671875 0.2046875 0.1583333328125 0.1828125 0.11041666718750001 0.18125 0.058333332812500006 0.1640625 0.01875 0.1640625 0 0.15625 0 0 0