5 0.409375 0.525 0.4625 0.5208333328125 0.4625 0.34375 0.45401785781250004 0.34375 0.4015625 0.3458333328125 0.4015625 0.48125 0.409375 0.49375 0.409375 0.525
10 0.328125 0.45416666718750004 0.340625 0.45 0.3484375 0.43541666718750005 0.3515625 0.43958333281249995 0.3484375 0.45416666718750004 0.3609375 0.5041666671875 0.35625 0.5375 0.384375 0.5375 0.3875 0.5333333328125 0.3703125 0.5291666671875 0.3703125 0.5020833328125 0.3765625 0.49791666718750005 0.3703125 0.48541666718750004 0.3765625 0.45625 0.371875 0.3916666671875 0.3640625 0.375 0.3453125 0.3604166671875 0.3390625 0.3604166671875 0.3359375 0.3729166671875 0.3484375 0.3875 0.3484375 0.40416666718750005 0.328125 0.45416666718750004
5 0.3734375 0.3916666671875 0.371875 0.41875 0.3796875 0.44375 0.3765625 0.48541666718750004 0.3984375 0.48125 0.396875 0.34375 0.388671875 0.34375 0.3640625 0.34375 0.35625 0.35208333281250004 0.3578125 0.3708333328125 0.3734375 0.3916666671875
15 0 0.9979166671874999 0.9984375 0.9979166671874999 0.9984375 0.95625 0.9921875 0.9541666671875 0.996875 0.95 0.9859375 0.95 0.98125 0.9416666671874999 0.990625 0.93125 0.9625 0.925 0.9734375 0.9145833328125 0.9625 0.91875 0.95 0.9083333328125001 0.9515625 0.9020833328125001 0.9390625 0.8916666671875 0.9390625 0.8645833328125001 0.9359375 0.8833333328125 0.925 0.88125 0.9234375 0.8729166671874999 0.9328125 0.8729166671874999 0.9203125 0.8625 0.925 0.8541666671874999 0.915625 0.8541666671874999 0.8953125 0.8354166671875 0.8703125 0.8395833328125001 0.8609375 0.8333333328125001 0.8578125 0.8291666671875 0.865625 0.825 0.8578125 0.8125 0.8234375 0.7875 0.809375 0.7604166671875 0.78125 0.7375 0.784375 0.7291666671875 0.778125 0.71875 0.7609375 0.7104166671875001 0.7546875 0.6958333328124999 0.703125 0.64375 0.678125 0.6041666671875 0.665625 0.5979166671875 0.64375 0.5645833328125 0.640625 0.5416666671875 0.628125 0.5375 0.621875 0.5458333328125 0.5953125 0.5458333328125 0.5875 0.53125 0.5375 0.53125 0.534375 0.53125 0.3125 0.55 0.2875 0.5604166671875 0.2234375 0.5604166671875 0.2140625 0.5708333328124999 0.1984375 0.5625 0.1734375 0.5791666671875 0.1109375 0.5708333328124999 0.0875 0.5833333328125 0.0796875 0.575 0.0640625 0.5833333328125 0.0625 0.5916666671875 0.06875 0.5958333328125 0.05625 0.6041666671875 0.053125 0.5979166671875 0.04375 0.6083333328125 0.0171875 0.6 0.009375 0.6104166671875 0.0046875 0.6020833328124999 0 0.6145833328125 0 0.9979166671874999
7 0.078125 0.23333333281250002 0.0640625 0.23333333281250002 0.0609375 0.24583333281250003 0.0703125 0.25 0.0796875 0.2479166671875 0.078125 0.23333333281250002
7 0.1421875 0.22291666718749997 0.1265625 0.2166666671875 0.1171875 0.2166666671875 0.103125 0.2208333328125 0.103125 0.23541666718749998 0.1375 0.2416666671875 0.1421875 0.22291666718749997
5 0.5171875 0.5229166671875001 0.5265625 0.5125 0.53125 0.40416666718750005 0.5265625 0.3458333328125 0.5177083328125 0.3458333328125 0.471875 0.3479166671875 0.4671875 0.4791666671875 0.475 0.5229166671875001 0.5171875 0.5229166671875001
7 0.4234375 0.2854166671875 0.4203125 0.2854166671875 0.4171875 0.3 0.4453125 0.3270833328125 0.446875 0.3145833328125 0.4234375 0.2854166671875
7 0.1328125 0.83125 0.125 0.83125 0.10625 0.8375 0.103125 0.8604166671875 0.1375 0.8604166671875 0.1328125 0.83125
7 0.525 0.20208333281250002 0.5234375 0.21875 0.5390625 0.2166666671875 0.5390625 0.20208333281250002 0.525 0.20208333281250002
7 0 0.21458333281250003 0.0203125 0.20833333281250002 0.0171875 0.19583333281249998 0.0015625 0.1916666671875 0 0.1916666671875 0 0.21458333281250003
7 0 0.175 0.0296875 0.1770833328125 0.034375 0.1604166671875 0.015625 0.1520833328125 0.0078125 0.1520833328125 0 0.1520833328125 0 0.175
7 0.1296875 0.18125 0.1125 0.1729166671875 0.1109375 0.1708333328125 0.1015625 0.1770833328125 0.10625 0.1895833328125 0.121875 0.1916666671875 0.1296875 0.18125
14 0.2171875 0.5520833328125 0.2890625 0.55 0.271875 0.5145833328125 0.2671875 0.4770833328125 0.2703125 0.44166666718750003 0.28125 0.4125 0.259375 0.40833333281249995 0.25 0.40833333281249995 0.2296875 0.4625 0.228125 0.51875 0.2140625 0.54375 0.2171875 0.5520833328125
10 0.284375 0.4125 0.271875 0.44166666718750003 0.26875 0.4875 0.275 0.5208333328125 0.2953125 0.5458333328125 0.30625 0.5333333328125 0.29375 0.43541666718750005 0.29375 0.425 0.303125 0.4145833328125 0.28125 0.35208333281250004 0.278125 0.35208333281250004 0.26875 0.3729166671875 0.25625 0.3791666671875 0.2515625 0.40208333281249997 0.284375 0.4125
12 0.990625 0 0.9625 0.0041666671875 0.7328125 0.3125 0.6828125 0.375 0.66875 0.375 0.65 0.41041666718750003 0.6453125 0.46875 0.65 0.5625 0.6640625 0.575 0.66875 0.575 0.66875 0.5645833328125 0.6828125 0.5729166671875 0.690625 0.5854166671875001 0.6921875 0.60625 0.7046875 0.5895833328125 0.725 0.60625 0.71875 0.6145833328125 0.721875 0.6229166671875 0.7390625 0.6166666671875001 0.759375 0.6375 0.759375 0.6625 0.7703125 0.6625 0.771875 0.65625 0.7640625 0.6541666671875 0.7671875 0.6458333328125 0.803125 0.6666666671875 0.8171875 0.6833333328125 0.815625 0.7166666671875 0.828125 0.7291666671875 0.828125 0.7395833328125 0.834375 0.7375 0.840625 0.70625 0.846875 0.7020833328125 0.9390625 0.775 0.94375 0.8083333328125001 0.9375 0.8333333328125001 0.9453125 0.8708333328125001 0.9578125 0.8791666671874999 0.96875 0.9020833328125001 0.978125 0.8958333328125001 0.9828125 0.8166666671874999 0.9984375 0.8229166671874999 0.9984375 0 0.990625 0
10 0 0.5083333328124999 0.0234375 0.5625 0.0234375 0.575 0.0359375 0.58125 0.0640625 0.5708333328124999 0.0328125 0.5479166671875 0.021875 0.5083333328124999 0.01875 0.43541666718750005 0.040625 0.3708333328125 0.028125 0.375 0.0109375 0.35625 0.0109375 0.3145833328125 0.04375 0.30625 0.046875 0.29375 0.0125 0.23541666718749998 0.009375 0.23541666718749998 0 0.2375 0 0.5083333328124999
10 0.0875 0.46875 0.0859375 0.54375 0.0953125 0.5166666671875 0.0921875 0.46875 0.0875 0.46875
10 0.0625 0.3625 0.0640625 0.44375 0.1078125 0.43958333281249995 0.1078125 0.4145833328125 0.1171875 0.4 0.1203125 0.3645833328125 0.1046875 0.3416666671875 0.1078125 0.3104166671875 0.1015625 0.30416666718749996 0.096875 0.30416666718749996 0.090625 0.3125 0.0890625 0.3375 0.071875 0.34375 0.0625 0.3625
10 0.125 0.3583333328125 0.13125 0.5479166671875 0.1453125 0.5479166671875 0.15 0.50625 0.1625 0.5583333328125 0.171875 0.5479166671875 0.175 0.38125 0.184375 0.3708333328125 0.184375 0.3604166671875 0.1640625 0.3 0.1546875 0.2916666671875 0.1515625 0.2916666671875 0.14375 0.2979166671875 0.140625 0.3270833328125 0.128125 0.3416666671875 0.125 0.3583333328125
11 0.1390625 0.2916666671875 0.140625 0.3 0.159375 0.29375 0.18125 0.33541666718749996 0.1859375 0.3604166671875 0.1765625 0.43125 0.1859375 0.4479166671875 0.19375 0.4479166671875 0.209375 0.4270833328125 0.209375 0.20833333281250002 0.1953125 0.19375 0.1953125 0.1395833328125 0.1859375 0.13333333281249998 0.17781249999999998 0.13333333281249998 0.1453125 0.13333333281249998 0.140625 0.1395833328125 0.14375 0.23333333281250002 0.1390625 0.2916666671875
10 0.1796875 0.44166666718750003 0.171875 0.49791666718750005 0.203125 0.49791666718750005 0.2109375 0.47291666718750003 0.2359375 0.4458333328125 0.24375 0.40625 0.2328125 0.3854166671875 0.228125 0.3854166671875 0.1984375 0.4479166671875 0.1875 0.45 0.184375 0.43958333281249995 0.1796875 0.44166666718750003
3 0.2046875 0.5520833328125 0.2125 0.5395833328124999 0.2078125 0.49583333281249997 0.2078125 0.49375 0.1734375 0.5 0.1734375 0.5208333328125 0.19375 0.5541666671875001 0.2046875 0.5520833328125
4 0.29375 0.49583333281249997 0.2828125 0.475 0.28125 0.5291666671875 0.2921875 0.54375 0.3046875 0.5375 0.321875 0.5458333328125 0.3453125 0.5416666671875 0.3546875 0.53125 0.3546875 0.475 0.3203125 0.45625 0.3109375 0.45625 0.2984375 0.4583333328125 0.3078125 0.53125 0.296875 0.5375 0.29375 0.49583333281249997
10 0.315625 0.3729166671875 0.3109375 0.3729166671875 0.3 0.42291666718750004 0.3203125 0.4375 0.3265625 0.42291666718750004 0.315625 0.3729166671875
10 0.25625 0.3479166671875 0.246875 0.3479166671875 0.2421875 0.36875 0.246875 0.40416666718750005 0.2609375 0.3645833328125 0.25625 0.3479166671875