11 0.25703125 0.34609375 0.0796875 0.5375
11 0.3765625 0.471875 0.14375 0.30234375
15 0.49921875 0.76015625 0.9984375 0.475
7 0.18203125 0.07578125 0.0828125 0.04765625
7 0.78203125 0.271875 0.0265625 0.04765625
7 0.3578125 0.13515625 0.05 0.02890625
7 0.46640625 0.21015625 0.0546875 0.02890625
7 0.340625 0.18984375 0.04375 0.025
7 0.46484375 0.14453125 0.0296875 0.02265625
7 0.9359375 0.13515625 0.025 0.02109375
7 0.40625 0.22890625 0.021875 0.01640625
7 0.190625 0.00234375 0.034375 0.00390625
10 0.19609375 0.41875 0.0546875 0.29609375
10 0.65390625 0.43359375 0.0765625 0.275
10 0.42734375 0.41015625 0.0828125 0.34609375
10 0.72265625 0.428125 0.0546875 0.24765625
10 0.70625 0.43984375 0.05 0.24609375