11 0.1703125 0.384375 0.05625 0.37265625
5 0.54140625 0.43984375 0.0640625 0.17890625
12 0.88984375 0.47890625 0.2171875 0.2625
15 0.4984375 0.75859375 0.996875 0.475
7 0.52734375 0.31796875 0.0203125 0.03515625
7 0.05546875 0.14296875 0.0734375 0.03515625
7 0.5734375 0.03125 0.096875 0.0625
7 0.190625 0.19375 0.04375 0.025
7 0.01640625 0.0125 0.0328125 0.025
7 0.93125 0.02265625 0.10625 0.0453125
7 0.984375 0.35234375 0.021875 0.01640625
7 0.084375 0.09453125 0.034375 0.02265625
7 0.271875 0.25078125 0.05 0.02265625
7 0.28046875 0.20859375 0.0265625 0.01640625
7 0.2125 0.259375 0.021875 0.01484375
7 0.96875 0.20859375 0.025 0.02109375
7 0.1484375 0.22421875 0.0125 0.01484375
7 0.6390625 0.23046875 0.01875 0.01484375
7 0.690625 0.36640625 0.015625 0.025
10 0.309375 0.42890625 0.065625 0.2625
10 0.4875 0.44765625 0.0375 0.18359375
10 0.2484375 0.35078125 0.0375 0.05625
10 0.44609375 0.45 0.0328125 0.2
10 0.0953125 0.42578125 0.05 0.22265625