11 0.2734375 0.28515625 0.08125 0.55
11 0.39453125 0.409375 0.1453125 0.30625
5 0.9328125 0.38515625 0.128125 0.24140625
5 0.825 0.39140625 0.0875 0.22890625
15 0.4984375 0.75 0.996875 0.49140625
7 0.19765625 0.03984375 0.0796875 0.05
7 0.72421875 0.31953125 0.0265625 0.06015625
7 0.803125 0.25234375 0.025 0.05
7 0.3734375 0.103125 0.05 0.03125
7 0.48359375 0.184375 0.0546875 0.02734375
7 0.35703125 0.1625 0.0421875 0.025
7 0.48125 0.11328125 0.028125 0.02265625
7 0.42265625 0.20625 0.0234375 0.01640625
10 0.475 0.365625 0.103125 0.35234375
10 0.65 0.390625 0.084375 0.29375
10 0.71015625 0.41875 0.0640625 0.22890625
10 0.74453125 0.39609375 0.0359375 0.25
10 0.21640625 0.36640625 0.0453125 0.27890625