11 0.6171875 0.26953125 0.0375 0.5390625
11 0.17578125 0.453125 0.1734375 0.35234375
18 0.484375 0.31328125 0.2375 0.38125
5 0.19765625 0.31953125 0.1296875 0.55625
12 0.8609375 0.459375 0.271875 0.42265625
15 0.49921875 0.75625 0.9953125 0.47890625
7 0.45703125 0.09609375 0.0796875 0.04140625
7 0.72890625 0.09296875 0.0796875 0.04375
7 0.2140625 0.09140625 0.04375 0.03359375
10 0.07734375 0.32734375 0.1546875 0.65
10 0.65078125 0.43359375 0.0609375 0.225
10 0.30859375 0.4125 0.0765625 0.31640625
10 0.72890625 0.43359375 0.0390625 0.19609375