11 0.2046875 0.46953125 0.109375 0.22265625
11 0.10390625 0.36875 0.0609375 0.41640625
5 0.51875 0.428125 0.065625 0.18125
5 0.578125 0.42734375 0.053125 0.17890625
12 0.8859375 0.465625 0.225 0.26875
15 0.4984375 0.75390625 0.996875 0.48359375
7 0.503125 0.30390625 0.021875 0.0375
7 0.0140625 0.11171875 0.028125 0.03515625
7 0.1390625 0.16640625 0.046875 0.025
7 0.9734375 0.33515625 0.025 0.02109375
7 0.0171875 0.053125 0.034375 0.02734375
7 0.16796875 0.240625 0.0234375 0.01484375
7 0.2375 0.184375 0.028125 0.01875
7 0.23046875 0.23046875 0.0546875 0.02265625
10 0.26171875 0.41796875 0.0796875 0.28984375
10 0.415625 0.43984375 0.040625 0.21640625
10 0.4609375 0.4375 0.040625 0.19609375
10 0.440625 0.43359375 0.046875 0.2
10 0.0234375 0.42890625 0.046875 0.275
10 0.2046875 0.33203125 0.040625 0.06015625