12 0.748046875 0.6861979171875 0.7431640625 0.6875 0.734375 0.6731770828125 0.7421875 0.6575520828125 0.7265625 0.6419270828125 0.7294921875 0.6354166671875 0.7373046875 0.6432291671875 0.7470703125 0.6354166671875 0.7568359375 0.6510416671875 0.7607421875 0.6354166671875 0.7646484375 0.6458333328125 0.7783203125 0.6354166671875 0.7880859375 0.6510416671875 0.7919921875 0.640625 0.8056640625 0.6458333328125 0.8115234375 0.6328125 0.8125 0.64453125 0.8251953125 0.6588541671875 0.8505859375 0.6640625 0.8896484375 0.6536458328125 0.9853515625 0.65625 0.9892578125 0.6328125 0.990234375 0.6549479171875 1 0.66796875 0.9990234375 0.2682291671875 0.7255859375 0.2682291671875 0.5556640625 0.40625 0.5478515625 0.421875 0.5361328125 0.4192708328125 0.517578125 0.4388020828125 0.517578125 0.49609375 0.51171875 0.50390625 0.51953125 0.5169270828125 0.5185546875 0.5416666671875 0.5810546875 0.5963541671875 0.7119140625 0.6770833328125 0.7275390625 0.6692708328125 0.73046875 0.68359375 0.7255859375 0.671875 0.7236328125 0.6875 0.748046875 0.69140625 0.755859375 0.6809895828125 0.75390625 0.66015625 0.744140625 0.66796875 0.748046875 0.6861979171875
15 1 0.7018229171875 0.9912109375 0.6848958328125 0.9462890625 0.6822916671875 0.9130859375 0.6901041671875 0.9091796875 0.6822916671875 0.8974609375 0.6927083328125 0.8505859375 0.6979166671875 0.7197265625 0.6953125 0.5087890625 0.5520833328125 0.5029296875 0.5286458328125 0.4755859375 0.5390625 0.4580078125 0.5234375 0.3642578125 0.5260416671875 0.1513671875 0.5572916671875 0.1337890625 0.5520833328125 0.1201171875 0.5677083328125 0.0986328125 0.5729166671875 0 0.5716145828125 0.0009765625 0.9973958328125001 0.994140625 0.99609375 1 0.9934895828125001 1 0.7018229171875
10 0.255859375 0.3997395828125 0.267578125 0.41015625 0.26953125 0.47265625 0.27734375 0.5221354171875 0.28515625 0.5299479171875 0.287109375 0.4231770828125 0.283203125 0.4049479171875 0.2607421875 0.3880208328125 0.255859375 0.3997395828125
5 0.310546875 0.4986979171875 0.310546875 0.51953125 0.35546875 0.5221354171875 0.35546875 0.3763020828125 0.3017578125 0.3723958328125 0.30078125 0.4830729171875 0.310546875 0.4986979171875
7 0.044921875 0.2747395828125 0.0537109375 0.2864583328125 0.0859375 0.2877604171875 0.091796875 0.2825520828125 0.0869140625 0.2708333328125 0.0517578125 0.2682291671875 0.044921875 0.2747395828125
5 0.361328125 0.51953125 0.396484375 0.51953125 0.41015625 0.5143229171875 0.41015625 0.37890625 0.3623046875 0.375 0.361328125 0.51953125
7 0.6552734375 0.0859375 0.6298828125 0.08333333281250001 0.6044921875 0.09114583281250001 0.591796875 0.10546875 0.5947265625 0.125 0.62890625 0.1315104171875 0.6650390625 0.1197916671875 0.669921875 0.1106770828125 0.666015625 0.09505208281250001 0.6552734375 0.0859375
7 0.7724609375 0.6953125 0.796875 0.6966145828125 0.80859375 0.6783854171875 0.8017578125 0.65625 0.767578125 0.6627604171875 0.7724609375 0.6953125
7 0.33203125 0.3528645828125 0.33203125 0.3424479171875 0.3173828125 0.3229166671875 0.30859375 0.32421875 0.33203125 0.3528645828125
7 0.3154296875 0.08072916718749999 0.30078125 0.08984375 0.298828125 0.1028645828125 0.3134765625 0.1197916671875 0.3671875 0.1236979171875 0.3828125 0.1080729171875 0.3779296875 0.09114583281250001 0.3388671875 0.08072916718749999 0.3154296875 0.08072916718749999
7 0.8857421875 0.1067708328125 0.876953125 0.12109375 0.8857421875 0.1354166671875 0.9140625 0.13671875 0.9501953125 0.1276041671875 0.95703125 0.1106770828125 0.9091796875 0.09895833281250001 0.8857421875 0.1067708328125
7 0.3876953125 0.3255208328125 0.408203125 0.32421875 0.412109375 0.3138020828125 0.4013671875 0.3072916671875 0.375 0.3138020828125 0.3876953125 0.3255208328125
7 0.0673828125 0.2552083328125 0.0859375 0.25390625 0.0849609375 0.23958333281250002 0.0751953125 0.23697916718749998 0.0625 0.24609375 0.0673828125 0.2552083328125
10 0.494140625 0.43359375 0.49609375 0.4622395828125 0.5078125 0.49609375 0.5078125 0.44140625 0.525390625 0.4231770828125 0.5146484375 0.3958333328125 0.494140625 0.43359375
10 0.1015625 0.33984375 0.0869140625 0.3307291671875 0.064453125 0.3815104171875 0.0859375 0.48828125 0.083984375 0.52734375 0.0859375 0.5377604171875 0.1083984375 0.5598958328125 0.119140625 0.55859375 0.12109375 0.5481770828125 0.107421875 0.53515625 0.115234375 0.3893229171875 0.1015625 0.33984375
14 0.0703125 0.4153645828125 0.0126953125 0.4114583328125 0.02734375 0.4596354171875 0.02734375 0.4986979171875 0.021484375 0.5325520828125 0.0078125 0.5638020828125 0.09375 0.5638020828125 0.095703125 0.5533854171875 0.078125 0.53515625 0.072265625 0.5143229171875 0.0703125 0.4153645828125
10 0 0.4986979171875 0.005859375 0.50390625 0.005859375 0.5325520828125 0.015625 0.5481770828125 0.025390625 0.50390625 0.025390625 0.4518229171875 0.01171875 0.41015625 0.05078125 0.4049479171875 0.0390625 0.3528645828125 0.0302734375 0.3385416671875 0 0.38671875 0 0.4986979171875
10 0.1640625 0.50390625 0.1669921875 0.5338541671875 0.1796875 0.51953125 0.181640625 0.4830729171875 0.1923828125 0.4765625 0.19921875 0.4596354171875 0.1953125 0.44140625 0.1806640625 0.421875 0.16796875 0.4309895828125 0.1767578125 0.4609375 0.1669921875 0.4609375 0.1572265625 0.4817708328125 0.12109375 0.4986979171875 0.115234375 0.5403645828125 0.123046875 0.54296875 0.1318359375 0.5104166671875 0.14453125 0.5247395828125 0.1474609375 0.5 0.1640625 0.50390625
14 0.205078125 0.44921875 0.197265625 0.4752604171875 0.185546875 0.4830729171875 0.18359375 0.5169270828125 0.16796875 0.5403645828125 0.2109375 0.54296875 0.23046875 0.5403645828125 0.21484375 0.49609375 0.2158203125 0.4375 0.205078125 0.44921875
10 0.2001953125 0.3828125 0.189453125 0.4049479171875 0.201171875 0.44921875 0.2099609375 0.4322916671875 0.220703125 0.4309895828125 0.2060546875 0.3828125 0.2001953125 0.3828125
10 0.22265625 0.4283854171875 0.244140625 0.4544270828125 0.25 0.43359375 0.240234375 0.4049479171875 0.2314453125 0.4010416671875 0.22265625 0.4283854171875