10 0 0 0 0.4125 0.00625 0.4125 0.009375 0.43333333281249997 0.0375 0.4916666671875 0.0234375 0.50625 0 0.5125 0 0.6166666671875001 0.0171875 0.6104166671875 0.028125 0.6291666671875 0.0328125 0.73125 0.0203125 0.7895833328124999 0.025 0.8 0.0453125 0.8 0.125 0.78125 0.1484375 0.7625 0.1453125 0.75 0.121875 0.7458333328125 0.1015625 0.7270833328124999 0.08125 0.7208333328125 0.0765625 0.7104166671875001 0.0875 0.5479166671875 0.115625 0.5208333328125 0.128125 0.47291666718750003 0.10625 0.2979166671875 0.0921875 0.25625 0.096875 0.1895833328125 0.078125 0.11041666718750001 0.0859375 0.10833333281249999 0.1890625 0.23333333281250002 0.2171875 0.2416666671875 0.2171875 0.2208333328125 0.1625 0.1458333328125 0.125 0.075 0.096875 0 0.0375 0 0.0328125 0.00625 0.0296875 0 0.0197916671875 0 0 0
10 0.3890625 0.42291666718750004 0.3765625 0.43125 0.3640625 0.39375 0.359375 0.40625 0.3765625 0.5479166671875 0.3953125 0.5645833328125 0.415625 0.5520833328125 0.409375 0.41041666718750003 0.4171875 0.39791666718749996 0.4171875 0.35 0.4140625 0.3291666671875 0.3953125 0.3145833328125 0.39375 0.2854166671875 0.384375 0.2854166671875 0.378125 0.3145833328125 0.3640625 0.32083333281250004 0.3578125 0.3375 0.3890625 0.42291666718750004
15 0 0.9979166671874999 0.9984375 0.9979166671874999 0.9953125 0.6395833328125 0.978125 0.6208333328125 0.96875 0.6208333328125 0.9640625 0.60625 0.9484375 0.63125 0.93125 0.54375 0.865625 0.5458333328125 0.821875 0.5583333328125 0.8078125 0.5333333328125 0.7 0.5354166671875 0.7 0.5333333328125 0.65 0.5479166671875 0.5734375 0.55 0.528125 0.5625 0.46875 0.5625 0.378125 0.5770833328125 0.3640625 0.6020833328124999 0.3453125 0.6125 0.33125 0.60625 0.3296875 0.5895833328125 0.31875 0.5875 0.290625 0.5916666671875 0.28125 0.60625 0.2546875 0.5916666671875 0.2515625 0.5979166671875 0.20625 0.59375 0.19375 0.6083333328125 0.18125 0.6 0.178125 0.6145833328125 0.165625 0.6270833328125 0.1578125 0.6270833328125 0.146875 0.6041666671875 0.0953125 0.6041666671875 0.0921875 0.6375 0.0859375 0.6458333328125 0.0859375 0.6791666671875001 0.0921875 0.6916666671875 0.0875 0.6895833328125 0.0859375 0.7 0.0921875 0.7020833328125 0.09375 0.7166666671875 0.1078125 0.71875 0.121875 0.7354166671875 0.1453125 0.7395833328125 0.153125 0.7666666671875 0.1234375 0.7895833328124999 0.0171875 0.8104166671874999 0.0125 0.7895833328124999 0.009375 0.8 0.0046875 0.7854166671875 0.0125 0.78125 0.0140625 0.7270833328124999 0.01875 0.7229166671875 0.0140625 0.7041666671875 0.009375 0.7083333328125 0.00625 0.6916666671875 0 0.6916666671875 0 0.7708333328125 0.0046875 0.78125 0 0.79375 0 0.9979166671874999
5 0.478125 0.1895833328125 0.48125 0.2770833328125 0.4953125 0.2791666671875 0.5 0.28958333281250004 0.51875 0.2854166671875 0.528125 0.3104166671875 0.565625 0.3479166671875 0.5671875 0.3791666671875 0.553125 0.44375 0.55625 0.47083333281249995 0.5734375 0.4875 0.575 0.5354166671875 0.5796875 0.5291666671875 0.6234375 0.5333333328125 0.653125 0.53125 0.6640625 0.5229166671875001 0.7390625 0.5229166671875001 0.75 0.5145833328125 0.8140625 0.51875 0.809375 0.45 0.7984375 0.43333333281249997 0.7984375 0.3729166671875 0.8015625 0.3541666671875 0.8359375 0.2958333328125 0.8296875 0.14791666718750002 0.821875 0.14791666718750002 0.65625 0.175 0.55 0.18125 0.5109375 0.19375 0.478125 0.1895833328125
7 0.6375 0.275 0.6359375 0.2645833328125 0.596875 0.2208333328125 0.5921875 0.2208333328125 0.5875 0.225 0.5921875 0.23958333281250002 0.6234375 0.27291666718749996 0.6375 0.275
7 0.14375 0.0666666671875 0.140625 0.0666666671875 0.13125 0.075 0.1375 0.0875 0.1484375 0.08125 0.14375 0.0666666671875
7 0.7453125 0.075 0.7390625 0.075 0.7234375 0.08333333281250001 0.7234375 0.0979166671875 0.7484375 0.09375 0.7453125 0.075
10 0.8 0.4 0.8015625 0.4145833328125 0.809375 0.4166666671875 0.825 0.5520833328125 0.853125 0.5375 0.8484375 0.5208333328125 0.8578125 0.38125 0.8375 0.30416666718749996 0.8328125 0.30416666718749996 0.8265625 0.3104166671875 0.825 0.3333333328125 0.8015625 0.3604166671875 0.8 0.4
10 0.525 0.54375 0.5265625 0.47291666718750003 0.5328125 0.4604166671875 0.540625 0.4895833328125 0.540625 0.5375 0.546875 0.5458333328125 0.553125 0.5041666671875 0.5515625 0.4125 0.5640625 0.3583333328125 0.55625 0.35625 0.5421875 0.3229166671875 0.525 0.3104166671875 0.5171875 0.2875 0.509375 0.2875 0.5015625 0.30416666718749996 0.5203125 0.33541666718749996 0.5109375 0.5479166671875 0.525 0.54375
10 0.178125 0.42083333281249996 0.1578125 0.43333333281249997 0.1640625 0.4375 0.140625 0.4583333328125 0.1328125 0.48125 0.1328125 0.5270833328125 0.1390625 0.5520833328125 0.1546875 0.5645833328125 0.15 0.5791666671875 0.1578125 0.5958333328125 0.171875 0.5916666671875 0.1734375 0.5583333328125 0.1546875 0.53125 0.15625 0.5041666671875 0.1765625 0.5041666671875 0.1875 0.4895833328125 0.2234375 0.4895833328125 0.23125 0.5041666671875 0.2328125 0.4479166671875 0.2421875 0.4125 0.240625 0.3875 0.246875 0.3791666671875 0.24375 0.33541666718749996 0.23125 0.3145833328125 0.228125 0.3145833328125 0.2125 0.325 0.2171875 0.375 0.1859375 0.40208333281249997 0.178125 0.42083333281249996
10 0.4546875 0.40208333281249997 0.4546875 0.3791666671875 0.4421875 0.35625 0.4375 0.325 0.4296875 0.325 0.41875 0.3604166671875 0.421875 0.41041666718750003 0.44375 0.41041666718750003 0.4546875 0.40208333281249997
5 0.5171875 0.3416666671875 0.5140625 0.3291666671875 0.5046875 0.325 0.5046875 0.375 0.515625 0.3708333328125 0.5171875 0.3416666671875
4 0.4859375 0.4458333328125 0.4734375 0.45208333281249996 0.4421875 0.43958333281249995 0.4171875 0.43958333281249995 0.415625 0.4375 0.4109375 0.48125 0.4171875 0.55 0.4859375 0.54375 0.4859375 0.4458333328125
10 0.275 0.5375 0.2546875 0.5604166671875 0.2625 0.55625 0.2671875 0.5833333328125 0.278125 0.5916666671875 0.28125 0.5645833328125 0.3078125 0.49375 0.309375 0.44166666718750003 0.315625 0.43333333281249997 0.3359375 0.5895833328125 0.3453125 0.5979166671875 0.3578125 0.5958333328125 0.3625 0.5916666671875 0.359375 0.5708333328124999 0.3484375 0.54375 0.3453125 0.3875 0.3375 0.3708333328125 0.334375 0.33541666718749996 0.378125 0.4270833328125 0.3875 0.42291666718750004 0.3875 0.4125 0.3578125 0.3458333328125 0.346875 0.2979166671875 0.3296875 0.2604166671875 0.3234375 0.2208333328125 0.3078125 0.20208333281250002 0.30625 0.2 0.275 0.2625 0.2703125 0.2958333328125 0.2890625 0.4895833328125 0.275 0.5375
12 0.9421875 0.4166666671875 0.9375 0.4479166671875 0.9390625 0.55625 0.9546875 0.5916666671875 0.9734375 0.5958333328125 0.9921875 0.6145833328125 0.9984375 0.6125 0.9984375 0.275 0.99375 0.275 0.9828125 0.3020833328125 0.9484375 0.34375 0.9375 0.3770833328125 0.9421875 0.4166666671875
10 0.9546875 0.3145833328125 0.9671875 0.325 0.9984375 0.2979166671875 0.9984375 0.2375 0.9859375 0.2375 0.9765625 0.2604166671875 0.9796875 0.28958333281250004 0.9546875 0.30625 0.9546875 0.3145833328125
14 0.4859375 0.5520833328125 0.5078125 0.54375 0.5140625 0.525 0.5171875 0.40833333281249995 0.5046875 0.4 0.5015625 0.4 0.4671875 0.40833333281249995 0.471875 0.42291666718750004 0.490625 0.44166666718750003 0.4859375 0.5520833328125
14 0.2734375 0.48125 0.2609375 0.5479166671875 0.2640625 0.5583333328125 0.2640625 0.5479166671875 0.278125 0.5291666671875 0.2875 0.48333333281249996 0.2765625 0.3770833328125 0.2640625 0.36875 0.2609375 0.36875 0.2515625 0.375 0.2515625 0.38333333281250004 0.265625 0.4145833328125 0.2734375 0.48125
14 0.3328125 0.5729166671875 0.315625 0.43958333281249995 0.3140625 0.43958333281249995 0.309375 0.49583333281249997 0.284375 0.5625 0.284375 0.5833333328125 0.3328125 0.5729166671875
11 0.862890625 0 0.834375 0.0041666671875 0.8390625 0.29375 0.84375 0.3333333328125 0.8578125 0.36875 0.859375 0.4 0.85625 0.41875 0.853125 0.43125 0.85625 0.5416666671875 0.8828125 0.5354166671875 0.875 0.3625 0.875 0.10833333281249999 0.8796875 0.1020833328125 0.871875 0.05208333281250001 0.871875 0 0.862890625 0