11 0.81015625 0.46328125 0.1390625 0.28125
5 0.503125 0.36953125 0.13125 0.43125
15 0.49921875 0.78359375 0.9984375 0.42890625
7 0.634375 0.32578125 0.034375 0.03984375
7 0.50390625 0.33984375 0.0796875 0.09140625
7 0.5234375 0.20546875 0.040625 0.03125
7 0.4125 0.36875 0.01875 0.05859375
7 0.6671875 0.20703125 0.040625 0.03125
7 0.4859375 0.365625 0.034375 0.03984375
7 0.2015625 0.15546875 0.05625 0.04375
7 0.828125 0.3125 0.025 0.03359375
10 0.2 0.38046875 0.146875 0.49375
10 0.35859375 0.37421875 0.1078125 0.49765625
10 0.928125 0.36796875 0.140625 0.51015625
10 0.6890625 0.39921875 0.08125 0.38984375