11 0.59140625 0.271875 0.0421875 0.54375
11 0.0609375 0.45234375 0.121875 0.49140625
18 0.44921875 0.30390625 0.2546875 0.3875
5 0.484375 0.4125 0.103125 0.1625
12 0.86484375 0.459375 0.2671875 0.47265625
15 0.4984375 0.75703125 0.996875 0.47734375
7 0.41484375 0.07265625 0.0859375 0.04609375
7 0.7078125 0.071875 0.084375 0.04765625
7 0.1390625 0.06875 0.0375 0.04140625
7 0.415625 0.04765625 0.0875 0.0953125
14 0.1953125 0.5125 0.134375 0.24609375
14 0.4640625 0.50859375 0.1125 0.10859375
10 0.63828125 0.43046875 0.0703125 0.25234375
10 0.22421875 0.40390625 0.0984375 0.37890625
10 0.3375 0.45546875 0.03125 0.18125