10 0.109375 0.45208333281249996 0.121875 0.4458333328125 0.1265625 0.4270833328125 0.140625 0.5041666671875 0.1390625 0.5354166671875 0.1515625 0.5354166671875 0.1546875 0.4 0.1234375 0.3645833328125 0.121875 0.3625 0.115625 0.3791666671875 0.128125 0.3916666671875 0.128125 0.41875 0.109375 0.45208333281249996
10 0.0640625 0.45416666718750004 0.0875 0.45208333281249996 0.084375 0.44375 0.1015625 0.43541666718750005 0.0921875 0.3791666671875 0.084375 0.3791666671875 0.08125 0.39375 0.06875 0.40625 0.071875 0.44375 0.0640625 0.45416666718750004
14 0 0.5520833328125 0.075 0.5479166671875 0.0578125 0.51875 0.053125 0.49583333281249997 0.053125 0.4583333328125 0.065625 0.41875 0.0453125 0.4166666671875 0.0375 0.4166666671875 0.0265625 0.4458333328125 0 0.48125 0 0.5520833328125
10 0 0.47291666718750003 0.021875 0.45 0.03125 0.42291666718750004 0.028125 0.4 0.025 0.40625 0.0203125 0.3916666671875 0.0171875 0.3916666671875 0.0046875 0.4145833328125 0.0109375 0.4291666671875 0 0.43541666718750005 0 0.47291666718750003
10 0.0640625 0.39791666718749996 0.0484375 0.3541666671875 0.04375 0.3541666671875 0.025 0.3895833328125 0.0359375 0.4145833328125 0.0609375 0.4166666671875 0.0640625 0.39791666718749996
12 0.753125 0 0.45 0.3895833328125 0.4140625 0.4270833328125 0.409375 0.44166666718750003 0.421875 0.4458333328125 0.4109375 0.45416666718750004 0.4171875 0.4625 0.415625 0.5270833328125 0.421875 0.5520833328125 0.434375 0.5458333328125 0.4375 0.5666666671875 0.4453125 0.5666666671875 0.45 0.5770833328125 0.4578125 0.56875 0.4625 0.575 0.4578125 0.5791666671875 0.4703125 0.5958333328125 0.4859375 0.5854166671875001 0.4875 0.6083333328125 0.4953125 0.6083333328125 0.5 0.5958333328125 0.509375 0.6020833328124999 0.5203125 0.6333333328124999 0.528125 0.61875 0.5515625 0.6333333328124999 0.5546875 0.6645833328124999 0.5640625 0.6791666671875001 0.571875 0.6541666671875 0.578125 0.6520833328125 0.6203125 0.68125 0.628125 0.6916666671875 0.6265625 0.7166666671875 0.634375 0.7416666671875001 0.6421875 0.73125 0.653125 0.73125 0.653125 0.7166666671875 0.6609375 0.7125 0.7796875 0.8041666671875 0.790625 0.8270833328125 0.790625 0.85625 0.7828125 0.8645833328125001 0.7984375 0.88125 0.8359375 0.8770833328125001 0.8375 0.8125 0.865625 0.825 0.871875 0.825 0.8796875 0.8083333328125001 0.925 0.8041666671875 0.9421875 0.8041666671875 0.9484375 0.81875 0.9984375 0.8166666671874999 0.9984375 0 0.99052419375 0 0.753125 0
10 0.4078125 0.5354166671875 0.4140625 0.5020833328125 0.4140625 0.44166666718750003 0.4328125 0.40208333281249997 0.4265625 0.38125 0.4234375 0.38125 0.4 0.4270833328125 0.409375 0.46666666718750005 0.403125 0.5083333328124999 0.4078125 0.5354166671875
5 0.134375 0.35 0.1328125 0.36875 0.1421875 0.3729166671875 0.15625 0.39791666718749996 0.1578125 0.48125 0.1796875 0.48333333281249996 0.1859375 0.4916666671875 0.1890625 0.5229166671875001 0.3640625 0.5166666671875 0.365625 0.44375 0.375 0.4270833328125 0.3734375 0.3708333328125 0.365625 0.33125 0.3578125 0.3270833328125 0.35 0.3270833328125 0.328125 0.3291666671875 0.3125 0.3479166671875 0.29375 0.35208333281250004 0.134375 0.35
15 0 0.9979166671874999 0.9984375 0.9979166671874999 0.9984375 0.825 0.9171875 0.8208333328125 0.871875 0.83125 0.840625 0.8208333328125 0.8375 0.8729166671874999 0.85 0.8770833328125001 0.834375 0.8854166671874999 0.7953125 0.8854166671874999 0.7796875 0.8666666671875 0.7875 0.8375 0.78125 0.8145833328125001 0.7703125 0.8020833328125001 0.6671875 0.7208333328125 0.6609375 0.7208333328125 0.653125 0.7416666671875001 0.6375 0.74375 0.646875 0.7541666671875 0.6421875 0.7583333328124999 0.646875 0.7729166671875001 0.634375 0.775 0.6203125 0.7229166671875 0.621875 0.6895833328125 0.6125 0.68125 0.603125 0.6854166671875 0.603125 0.6770833328125 0.5796875 0.6625 0.5734375 0.68125 0.578125 0.6916666671875 0.5640625 0.6958333328124999 0.546875 0.6645833328124999 0.54375 0.6333333328124999 0.528125 0.6333333328124999 0.53125 0.6458333328125 0.5171875 0.6479166671875001 0.50625 0.625 0.4890625 0.6208333328125 0.4828125 0.6104166671875 0.4703125 0.6145833328125 0.465625 0.6020833328124999 0.4234375 0.5666666671875 0.4 0.5333333328125 0.3796875 0.5395833328124999 0.3640625 0.525 0.35546875 0.525 0.15 0.5458333328125 0.125 0.5416666671875 0.04375 0.5604166671875 0 0.5583333328125 0 0.9979166671874999
4 0.1 0.5333333328125 0.121875 0.5375 0.134375 0.5291666671875 0.13125 0.46875 0.103125 0.4583333328125 0.095 0.4583333328125 0.0609375 0.4604166671875 0.05625 0.5041666671875 0.075 0.5416666671875 0.1 0.5333333328125
7 0.515625 0.07083333281250001 0.5390625 0.0770833328125 0.5703125 0.075 0.5921875 0.060416667187499995 0.5921875 0.0395833328125 0.5859375 0.029166667187500002 0.553125 0.01875 0.5515625 0.0166666671875 0.53125 0.01875 0.5140625 0.03125 0.50625 0.060416667187499995 0.515625 0.07083333281250001
7 0.221875 0.060416667187499995 0.24375 0.058333332812500006 0.259375 0.0458333328125 0.259375 0.0270833328125 0.2484375 0.0125 0.2 0.0041666671875 0.19140625 0.0041666671875 0.1640625 0.0125 0.1625 0.029166667187500002 0.171875 0.04375 0.221875 0.060416667187499995
7 0.196875 0.29375 0.1921875 0.29375 0.1890625 0.3020833328125 0.2171875 0.3291666671875 0.21875 0.31875 0.196875 0.29375