5 0.61875 0.40234375 0.225 0.23359375
5 0.67265625 0.40078125 0.1140625 0.22734375
12 0.89296875 0.47421875 0.2109375 0.26484375
15 0.49921875 0.75234375 0.9953125 0.4875
7 0.5765625 0.328125 0.01875 0.03125
7 0.61484375 0.090625 0.0828125 0.04765625
7 0.9234375 0.06484375 0.090625 0.05390625
7 0.17109375 0.11875 0.0734375 0.0375
7 0.07890625 0.15390625 0.0484375 0.025
7 0.27265625 0.26484375 0.0328125 0.02109375
7 0.1890625 0.20703125 0.034375 0.02734375
7 0.359375 0.28125 0.040625 0.02109375
7 0.0796875 0.121875 0.03125 0.02265625
7 0.3 0.24140625 0.034375 0.02109375
7 0.371875 0.25 0.021875 0.01640625
7 0.67421875 0.25234375 0.0171875 0.01640625
7 0.23671875 0.17578125 0.0171875 0.01875
7 0.95 0.23984375 0.021875 0.02109375
10 0.20859375 0.37890625 0.0953125 0.425
10 0.54140625 0.45 0.0296875 0.15390625
10 0.378125 0.43125 0.0625 0.2
10 0.0734375 0.40234375 0.078125 0.39140625
10 0.50859375 0.45078125 0.0328125 0.16875