15 0 0.9979166671874999 0.9984375 0.9979166671874999 0.9984375 0.6333333328124999 0.98125 0.6291666671875 0.9703125 0.6041666671875 0.965625 0.61875 0.9421875 0.6145833328125 0.93125 0.63125 0.890625 0.6208333328125 0.878125 0.6083333328125 0.7671875 0.6104166671875 0.746875 0.5916666671875 0.7078125 0.6020833328124999 0.671875 0.6 0.6625 0.5875 0.61875 0.5875 0.5796875 0.5958333328125 0.4703125 0.5979166671875 0.4515625 0.6125 0.4390625 0.60625 0.40625 0.6270833328125 0.3859375 0.6229166671875 0.384375 0.6104166671875 0.35625 0.63125 0.3296875 0.6229166671875 0.3203125 0.6104166671875 0.3015625 0.6083333328125 0.2984375 0.5979166671875 0.2921875 0.5979166671875 0.296875 0.5895833328125 0.2921875 0.5833333328125 0.2875 0.5833333328125 0.2828125 0.5895833328125 0.290625 0.5958333328125 0.2921875 0.6104166671875 0.278125 0.625 0.21875 0.625 0.1890625 0.6333333328124999 0.1765625 0.61875 0.1453125 0.6229166671875 0.115625 0.6104166671875 0.0671875 0.6104166671875 0.059375 0.6166666671875001 0.0046875 0.6104166671875 0 0.6541666671875 0 0.6842948703125 0 0.70673076875 0 0.71875 0 0.9979166671874999
10 0.1546875 0.2541666671875 0.146875 0.30625 0.15 0.325 0.1703125 0.34375 0.1609375 0.3958333328125 0.1703125 0.40208333281249997 0.1796875 0.39375 0.1859375 0.40416666718750005 0.1890625 0.45 0.203125 0.4875 0.2015625 0.5770833328125 0.1859375 0.6208333328125 0.209375 0.6208333328125 0.2203125 0.6104166671875 0.2109375 0.575 0.2203125 0.5583333328125 0.2203125 0.46666666718750005 0.2375 0.48125 0.2328125 0.5333333328125 0.2390625 0.575 0.2296875 0.6145833328125 0.2796875 0.6166666671875001 0.2828125 0.6020833328124999 0.25625 0.58125 0.2625 0.40416666718750005 0.240625 0.3229166671875 0.246875 0.22916666718749998 0.2359375 0.2125 0.2359375 0.2 0.2421875 0.175 0.225 0.14375 0.2140625 0.1395833328125 0.209375 0.1395833328125 0.1921875 0.16458333281249998 0.1984375 0.2 0.171875 0.225 0.1546875 0.2541666671875
1 0.246875 0.2645833328125 0.2421875 0.2875 0.246875 0.35625 0.246875 0.2770833328125 0.246875 0.2645833328125
1 0.196875 0.2 0.1921875 0.1583333328125 0.2109375 0.1375 0.2328125 0.1520833328125 0.2390625 0.16875 0.2359375 0.2104166671875 0.246875 0.225 0.2453125 0.1145833328125 0.228125 0.0979166671875 0.1875 0.0875 0.178515625 0.0875 0.15 0.0895833328125 0.153125 0.25625 0.1765625 0.2166666671875 0.196875 0.2
1 0.153125 0.60625 0.178125 0.6083333328125 0.1890625 0.6041666671875 0.190625 0.5770833328125 0.2 0.5604166671875 0.2015625 0.48541666718750004 0.1875 0.45 0.1859375 0.40833333281249995 0.159375 0.3958333328125 0.16875 0.3458333328125 0.1546875 0.33125 0.153125 0.33125 0.1546875 0.46666666718750005 0.14375 0.5645833328125 0.153125 0.5708333328124999 0.153125 0.60625
5 0.078125 0.35625 0.075 0.3729166671875 0.08125 0.3770833328125 0.0796875 0.4125 0.084375 0.4125 0.078125 0.45 0.0859375 0.4583333328125 0.0828125 0.48541666718750004 0.078125 0.47291666718750003 0.078125 0.49791666718750005 0.0828125 0.4875 0.0859375 0.5041666671875 0.0859375 0.5291666671875 0.078125 0.54375 0.0828125 0.5354166671875 0.0859375 0.5583333328125 0.078125 0.5666666671875 0.084375 0.5729166671875 0.078125 0.575 0.084375 0.5770833328125 0.0859375 0.6 0.0921875 0.6020833328124999 0.1484375 0.5916666671875 0.1421875 0.55625 0.153125 0.4458333328125 0.15 0.3395833328125 0.140625 0.31875 0.15 0.25625 0.146875 0.125 0.0921875 0.08125 0.0890625 0.060416667187499995 0.0875 0.058333332812500006 0.084375 0.08125 0.075 0.0666666671875 0.071875 0.3125 0.078125 0.35625
1 0.6671875 0.5770833328125 0.6640625 0.42083333281249996 0.6515625 0.3395833328125 0.6703125 0.28958333281250004 0.6921875 0.2625 0.6984375 0.21875 0.715625 0.20833333281250002 0.715625 0.175 0.703125 0.175 0.5953125 0.18125 0.5984375 0.47291666718750003 0.59375 0.5791666671875 0.6671875 0.5770833328125
10 0.6578125 0.3395833328125 0.6671875 0.4145833328125 0.6671875 0.5020833328125 0.6734375 0.5395833328124999 0.6703125 0.5854166671875001 0.6828125 0.5916666671875 0.725 0.5875 0.70625 0.5583333328125 0.715625 0.5125 0.7265625 0.5229166671875001 0.725 0.5479166671875 0.7359375 0.54375 0.728125 0.5270833328125 0.73125 0.45416666718750004 0.7203125 0.3770833328125 0.7234375 0.3583333328125 0.715625 0.3479166671875 0.7265625 0.3104166671875 0.7203125 0.26875 0.73125 0.25 0.721875 0.21458333281250003 0.7140625 0.21458333281250003 0.7 0.2208333328125 0.69375 0.2645833328125 0.671875 0.2916666671875 0.6578125 0.3395833328125
10 0.884375 0.20416666718749998 0.8734375 0.25 0.8765625 0.2875 0.8859375 0.3020833328125 0.8765625 0.3416666671875 0.8796875 0.425 0.9046875 0.575 0.890625 0.6104166671875 0.9296875 0.61875 0.9203125 0.4458333328125 0.921875 0.41875 0.9265625 0.4166666671875 0.95625 0.49583333281249997 0.98125 0.6145833328125 0.9984375 0.625 0.9953125 0.5270833328125 0.965625 0.375 0.965625 0.3166666671875 0.9875 0.2770833328125 0.9890625 0.225 0.98125 0.20208333281250002 0.9515625 0.18125 0.9484375 0.1354166671875 0.9390625 0.12291666718750001 0.93125 0.12291666718750001 0.91875 0.1270833328125 0.909375 0.1416666671875 0.909375 0.1833333328125 0.884375 0.20416666718749998
14 0.7765625 0.4 0.784375 0.49375 0.775 0.5479166671875 0.753125 0.5854166671875001 0.7546875 0.59375 0.7703125 0.6020833328124999 0.8140625 0.59375 0.8859375 0.6020833328124999 0.8859375 0.5895833328125 0.8609375 0.5458333328125 0.8515625 0.49375 0.8546875 0.41041666718750003 0.8734375 0.3583333328125 0.8734375 0.33541666718749996 0.86875 0.325 0.8625 0.3270833328125 0.8609375 0.325 0.8578125 0.33125 0.79375 0.3333333328125 0.75625 0.3479166671875 0.7765625 0.4
10 0.321875 0.2625 0.321875 0.3270833328125 0.33125 0.3791666671875 0.3296875 0.46875 0.340625 0.50625 0.34375 0.5541666671875001 0.34375 0.5833333328125 0.3359375 0.6104166671875 0.3515625 0.6125 0.3609375 0.6 0.3578125 0.5791666671875 0.371875 0.44375 0.3890625 0.5020833328125 0.3953125 0.6145833328125 0.40625 0.61875 0.4109375 0.6041666671875 0.425 0.5979166671875 0.4125 0.5958333328125 0.40625 0.5833333328125 0.415625 0.43333333281249997 0.421875 0.4270833328125 0.4140625 0.38333333281250004 0.4234375 0.3416666671875 0.425 0.27291666718749996 0.415625 0.22916666718749998 0.3859375 0.2 0.3875 0.15 0.375 0.13333333281249998 0.3625 0.13333333281249998 0.3484375 0.14791666718750002 0.3578125 0.2 0.3265625 0.22916666718749998 0.321875 0.2625
1 0.5703125 0.1729166671875 0.4640625 0.1604166671875 0.4546875 0.1604166671875 0.45625 0.5958333328125 0.571875 0.5895833328125 0.5765625 0.5708333328124999 0.5703125 0.1729166671875
1 0.9578125 0.50625 0.925 0.41875 0.9234375 0.41875 0.921875 0.4875 0.934375 0.5958333328125 0.9734375 0.59375 0.9578125 0.50625
1 0.94375 0.12291666718750001 0.953125 0.15 0.9515625 0.1770833328125 0.9890625 0.21458333281250003 0.9890625 0.27291666718749996 0.9671875 0.31875 0.965625 0.3708333328125 0.9765625 0.3958333328125 0.9984375 0.5416666671875 0.9984375 0.10833333281249999 0.975 0.1020833328125 0.9703125 0.1020833328125 0.909375 0.1145833328125 0.9078125 0.1395833328125 0.921875 0.12291666718750001 0.94375 0.12291666718750001
5 0 0.5979166671875 0.0453125 0.6020833328124999 0.0609375 0.5895833328125 0.059375 0.4458333328125 0.0546875 0.4375 0.059375 0.4 0.0578125 0.1166666671875 0.05 0.0979166671875 0.0453125 0.0416666671875 0.0015625 0.00625 0 0.00625 0 0.5979166671875