11 0.784375 0.40234375 0.234375 0.80390625
18 0.43515625 0.25234375 0.4859375 0.50390625
5 0.10078125 0.31875 0.2015625 0.63359375
7 0.03828125 0.37109375 0.0609375 0.075
7 0.15546875 0.34765625 0.0515625 0.06640625
7 0.39453125 0.03984375 0.0109375 0.02109375
7 0.01171875 0.509375 0.0234375 0.07734375
7 0.0578125 0.59921875 0.053125 0.03125
7 0.17109375 0.10078125 0.0421875 0.07265625
7 0.9375 0.10078125 0.0125 0.01875
7 0.5796875 0.06171875 0.009375 0.01875
14 0.27109375 0.5375 0.4609375 0.3125