12 0.7609375 0.2979166671875 0.7359375 0.30416666718749996 0.6015625 0.4125 0.5921875 0.4270833328125 0.596875 0.4625 0.5859375 0.45208333281249996 0.578125 0.4583333328125 0.584375 0.46666666718750005 0.5703125 0.47291666718750003 0.56875 0.4895833328125 0.5734375 0.49375 0.56875 0.5041666671875 0.5890625 0.5166666671875 0.5734375 0.5354166671875 0.5921875 0.5520833328125 0.61875 0.5479166671875 0.625 0.5604166671875 0.6375 0.5583333328125 0.6421875 0.56875 0.65 0.5604166671875 0.6640625 0.575 0.6734375 0.5708333328124999 0.7046875 0.5916666671875 0.75 0.6020833328124999 0.7578125 0.6104166671875 0.7671875 0.6104166671875 0.7671875 0.6 0.8359375 0.5979166671875 0.8484375 0.6166666671875001 0.86875 0.61875 0.8796875 0.6145833328125 0.875 0.6020833328124999 0.896875 0.5979166671875 0.9140625 0.6166666671875001 0.9078125 0.6041666671875 0.9140625 0.5958333328125 0.965625 0.59375 0.975 0.6208333328125 0.9828125 0.6145833328125 0.9765625 0.6104166671875 0.9796875 0.5979166671875 0.9890625 0.60625 0.9921875 0.5958333328125 0.9984375 0.5958333328125 0.9984375 0.34375 0.975 0.3416666671875 0.9984375 0.33541666718749996 0.9984375 0.29375 0.990625 0.29375 0.9046875 0.29375 0.90625 0.3 0.88125 0.3020833328125 0.7609375 0.2979166671875
15 0 0.9979166671874999 0.9984375 0.9979166671874999 0.9984375 0.625 0.990625 0.6520833328125 0.978125 0.6520833328125 0.9703125 0.625 0.965625 0.63125 0.921875 0.6291666671875 0.9 0.6375 0.88125 0.6291666671875 0.8734375 0.6375 0.85625 0.6375 0.8484375 0.6291666671875 0.8140625 0.6229166671875 0.8046875 0.6520833328125 0.7921875 0.6520833328125 0.8015625 0.6416666671875 0.790625 0.63125 0.7828125 0.6458333328125 0.7875 0.65625 0.771875 0.6520833328125 0.759375 0.6270833328125 0.7578125 0.65 0.7484375 0.6541666671875 0.725 0.6333333328124999 0.73125 0.625 0.725 0.63125 0.715625 0.6270833328125 0.703125 0.6104166671875 0.70625 0.60625 0.6953125 0.6145833328125 0.6828125 0.6125 0.5953125 0.5666666671875 0.571875 0.5458333328125 0.5484375 0.5416666671875 0.54375 0.5291666671875 0.525 0.53125 0.5109375 0.51875 0.4828125 0.5166666671875 0.4734375 0.5166666671875 0.2578125 0.5479166671875 0.2578125 0.5729166671875 0.246875 0.5916666671875 0.2328125 0.5875 0.225 0.59375 0.2203125 0.5875 0.215625 0.575 0.2203125 0.5541666671875001 0.2 0.5625 0.1890625 0.5583333328125 0.1765625 0.575 0.1546875 0.5625 0.1296875 0.5625 0.0984375 0.5770833328125 0.1296875 0.6979166671875 0.1421875 0.7229166671875 0.1546875 0.73125 0.1828125 0.7916666671875 0.165625 0.8208333328125 0.121875 0.8541666671874999 0.1 0.8833333328125 0.05 0.9104166671874999 0.0328125 0.9104166671874999 0.025 0.9020833328125001 0.0171875 0.9104166671874999 0.0140625 0.875 0.021875 0.8583333328125 0.0375 0.85 0.0375 0.8333333328125001 0.0625 0.8104166671874999 0.0578125 0.8 0.0703125 0.7541666671875 0.065625 0.7458333328125 0.06875 0.7416666671875001 0.0734375 0.75 0.0796875 0.74375 0.071875 0.73125 0.065625 0.7354166671875 0.0625 0.7041666671875 0.028125 0.6416666671875 0.015625 0.6354166671875 0.0109375 0.7020833328125 0 0.73125 0 0.9979166671874999
5 0.30859375 0.39453125 0.3173828125 0.3802083328125 0.3271484375 0.3802083328125 0.333984375 0.4309895828125 0.3544921875 0.4348958328125 0.359375 0.4205729171875 0.35546875 0.3919270828125 0.3662109375 0.3854166671875 0.392578125 0.4231770828125 0.384765625 0.4544270828125 0.390625 0.5143229171875 0.4453125 0.5143229171875 0.515625 0.5065104171875 0.515625 0.3111979171875 0.3076171875 0.3125 0.30859375 0.39453125
10 0.378125 0.5041666671875 0.3734375 0.5166666671875 0.384375 0.5166666671875 0.3796875 0.45416666718750004 0.390625 0.4270833328125 0.365625 0.3854166671875 0.359375 0.3854166671875 0.365625 0.50625 0.3703125 0.5125 0.371875 0.48333333281249996 0.378125 0.5041666671875
7 0.371875 0.325 0.3703125 0.325 0.3703125 0.3395833328125 0.3875 0.3541666671875 0.3890625 0.3458333328125 0.371875 0.325
7 0.9421875 0.13333333281249998 0.9828125 0.125 0.9953125 0.1145833328125 0.9953125 0.10625 0.9796875 0.0958333328125 0.971875 0.0958333328125 0.93125 0.1 0.91875 0.10833333281249999 0.915625 0.1208333328125 0.9421875 0.13333333281249998
7 0.41875 0.1416666671875 0.434375 0.1291666671875 0.43125 0.11041666718750001 0.40625 0.1020833328125 0.398046875 0.1020833328125 0.36875 0.1041666671875 0.359375 0.12291666718750001 0.384375 0.1416666671875 0.41875 0.1416666671875
7 0.690625 0 0.690625 0.0333333328125 0.6828125 0.05208333281250001 0.690625 0.060416667187499995 0.6921875 0.08125 0.6953125 0 0.690625 0
7 0.6765625 0.1375 0.70625 0.125 0.709375 0.1020833328125 0.6875 0.0895833328125 0.678125 0.0895833328125 0.65625 0.09375 0.6375 0.10833333281249999 0.6359375 0.1291666671875 0.6765625 0.1375
10 0 0 0 0.5979166671875 0.0125 0.6020833328124999 0.090625 0.7458333328125 0.0859375 0.7645833328125 0.071875 0.7770833328125 0.065625 0.79375 0.0671875 0.8166666671874999 0.0453125 0.8354166671875 0.05625 0.8479166671874999 0.021875 0.875 0.0203125 0.8875 0.0296875 0.8979166671875 0.0828125 0.8875 0.15625 0.8208333328125 0.1578125 0.8125 0.1671875 0.8104166671874999 0.1765625 0.79375 0.1625 0.7583333328124999 0.1328125 0.71875 0.0875 0.5729166671875 0.1390625 0.55 0.175 0.5229166671875001 0.215625 0.50625 0.2203125 0.5125 0.23125 0.49375 0.103125 0.09375 0.1078125 0.08125 0.121875 0.07291666718749999 0.13125 0.0479166671875 0.1140625 0 0.105915178125 0 0 0
7 0.1578125 0.25833333281250004 0.159375 0.2708333328125 0.165625 0.26875 0.165625 0.25833333281250004 0.1578125 0.25833333281250004
10 0.23125 0.48541666718750004 0.23125 0.49583333281249997 0.21875 0.5104166671875 0.2296875 0.55 0.2234375 0.5791666671875 0.246875 0.58125 0.253125 0.5729166671875 0.2453125 0.5354166671875 0.253125 0.5166666671875 0.2484375 0.48541666718750004 0.265625 0.45 0.2578125 0.35208333281250004 0.24375 0.325 0.240625 0.28958333281250004 0.23125 0.28125 0.2265625 0.28125 0.2109375 0.2958333328125 0.2140625 0.3395833328125 0.196875 0.3854166671875 0.23125 0.48541666718750004
5 0.4716796875 0.0703125 0.51953125 0.06901041718749999 0.8564453125 0.06510416718749999 0.908203125 0.0013020828125 0.466796875 0.0013020828125 0.4716796875 0.0703125
12 0.4716796875 0.0703125 0.51953125 0.06901041718749999 0.8564453125 0.06510416718749999 0.908203125 0.0013020828125 0.466796875 0.0013020828125 0.4716796875 0.0703125