5 0.3921875 0.38125 0.4046875 0.3854166671875 0.40625 0.43333333281249997 0.4265625 0.4479166671875 0.428125 0.4 0.4375 0.3875 0.4453125 0.3916666671875 0.4640625 0.43125 0.453125 0.45625 0.4609375 0.5145833328125 0.55625 0.5145833328125 0.559375 0.45416666718750004 0.5546875 0.43958333281249995 0.575 0.3895833328125 0.578125 0.3229166671875 0.4484375 0.32083333281250004 0.446875 0.31875 0.3859375 0.32083333281250004 0.3828125 0.40208333281249997 0.3875 0.40416666718750005 0.3921875 0.38125
14 0.3703125 0.5020833328125 0.3734375 0.44375 0.371875 0.44166666718750003 0.3625 0.45 0.3375 0.5291666671875 0.38125 0.5291666671875 0.3703125 0.5020833328125
5 0.421875 0.45 0.4234375 0.48125 0.43125 0.47291666718750003 0.4296875 0.38125 0.421875 0.38125 0.40625 0.38125 0.403125 0.3916666671875 0.4046875 0.43541666718750005 0.421875 0.45
12 0.6265625 0.43958333281249995 0.61875 0.46875 0.6203125 0.5208333328125 0.6609375 0.55 0.6671875 0.5458333328125 0.7375 0.5854166671875001 0.7625 0.5875 0.7890625 0.6020833328124999 0.86875 0.5916666671875 0.8828125 0.6020833328124999 0.91875 0.6020833328124999 0.921875 0.5916666671875 0.928125 0.5916666671875 0.9390625 0.60625 0.9671875 0.6083333328125 0.9734375 0.5895833328125 0.9734375 0.5958333328125 0.9859375 0.5916666671875 0.9921875 0.6 0.975 0.60625 0.9984375 0.60625 0.9984375 0.34375 0.890625 0.3479166671875 0.86875 0.3416666671875 0.8609375 0.3416666671875 0.7515625 0.35208333281250004 0.6609375 0.4166666671875 0.653125 0.4291666671875 0.6265625 0.43958333281249995
15 0 0.9854166671875 0.0078125 0.9833333328125 0.0109375 0.9979166671874999 0.9984375 0.9979166671874999 0.9984375 0.6125 0.965625 0.6125 0.9515625 0.6229166671875 0.946875 0.6145833328125 0.9234375 0.6125 0.9078125 0.6270833328125 0.8484375 0.6354166671875 0.8390625 0.6354166671875 0.8296875 0.6229166671875 0.8171875 0.63125 0.7625 0.63125 0.7515625 0.6145833328125 0.6578125 0.5708333328124999 0.60625 0.5270833328125 0.5859375 0.53125 0.571875 0.5208333328125 0.5671875 0.5375 0.5578125 0.5375 0.5546875 0.5208333328125 0.5453125 0.5208333328125 0.4 0.53125 0.3734375 0.5458333328125 0.3421875 0.5395833328124999 0.31875 0.5583333328125 0.2984375 0.55 0.2984375 0.54375 0.2625 0.5541666671875001 0.2046875 0.5479166671875 0.2 0.55625 0.1859375 0.5541666671875001 0.18125 0.5645833328125 0.1625 0.5645833328125 0.153125 0.5833333328125 0.1109375 0.5833333328125 0.1109375 0.6625 0.125 0.6854166671875 0.1546875 0.7 0.153125 0.7416666671875001 0.1140625 0.7520833328125 0.1234375 0.7770833328125 0.1234375 0.8125 0.140625 0.8354166671875 0.1671875 0.8458333328125001 0.175 0.8604166671875 0.1765625 0.8958333328125001 0.1546875 0.9291666671875 0.1265625 0.9395833328125001 0.090625 0.96875 0.0453125 0.9854166671875 0 0.9708333328125001 0 0.9854166671875
7 0.753125 0 0.746875 0.0229166671875 0.76875 0.0395833328125 0.8078125 0.0395833328125 0.846875 0.0229166671875 0.853125 0 0.8447916671875 0 0.753125 0
7 0.39375 0 0.3828125 0.0354166671875 0.3875 0.0479166671875 0.4 0.05 0.465625 0.0479166671875 0.4875 0.0375 0.484375 0 0.47613636406250004 0 0.39375 0
7 0.44375 0.33541666718749996 0.4421875 0.3333333328125 0.4421875 0.3479166671875 0.45625 0.3604166671875 0.4578125 0.35208333281250004 0.44375 0.33541666718749996
7 0.5015625 0.16458333281249998 0.50625 0.14375 0.484375 0.13125 0.47447916718750005 0.13125 0.440625 0.1354166671875 0.4375 0.1541666671875 0.4734375 0.1708333328125 0.5015625 0.16458333281249998
7 0.2015625 0.2666666671875 0.1953125 0.2625 0.1875 0.2625 0.1703125 0.2666666671875 0.178125 0.2770833328125 0.196875 0.2770833328125 0.2015625 0.2666666671875
10 0.2265625 0.46875 0.2203125 0.46875 0.2125 0.48125 0.2203125 0.5354166671875 0.2296875 0.5166666671875 0.2265625 0.46875
14 0.2234375 0.5458333328125 0.2828125 0.5416666671875 0.26875 0.49791666718750005 0.2703125 0.4583333328125 0.28125 0.425 0.2546875 0.41875 0.2515625 0.41875 0.225 0.42291666718750004 0.23125 0.45 0.23125 0.5208333328125 0.2234375 0.5458333328125
10 0.2296875 0.43958333281249995 0.2234375 0.42291666718750004 0.23125 0.4125 0.240625 0.41875 0.240625 0.4125 0.2265625 0.3875 0.221875 0.3625 0.2171875 0.3625 0.2125 0.3729166671875 0.2109375 0.45208333281249996 0.228125 0.4604166671875 0.2296875 0.43958333281249995
10 0 0 0 0.7104166671875001 0.0140625 0.7770833328125 0.0125 0.8416666671874999 0.0234375 0.875 0.0046875 0.9645833328125001 0.03125 0.9729166671874999 0.059375 0.9729166671874999 0.146875 0.925 0.16875 0.9041666671874999 0.1734375 0.8895833328125 0.1734375 0.8708333328125001 0.1609375 0.8479166671874999 0.1375 0.8416666671874999 0.121875 0.8270833328125 0.11875 0.7875 0.1078125 0.7604166671875 0.109375 0.7354166671875 0.115625 0.73125 0.109375 0.7291666671875 0.1046875 0.6729166671875 0.1 0.41875 0.109375 0.2270833328125 0.1265625 0.14791666718750002 0.1375 0.1604166671875 0.1421875 0.1458333328125 0.1546875 0.1625 0.1546875 0.1708333328125 0.140625 0.1729166671875 0.1421875 0.1833333328125 0.1640625 0.1770833328125 0.159375 0.1375 0.153125 0.13333333281249998 0.16875 0.13125 0.171875 0.1020833328125 0.16875 0.0166666671875 0.1578125 0.0020833328125000002 0.15 0.0166666671875 0.15625 0.025 0.1515625 0.05 0.1578125 0.125 0.1359375 0.1270833328125 0.146875 0.1291666671875 0.1484375 0.1395833328125 0.1234375 0.1354166671875 0.1296875 0.13125 0.1234375 0.12291666718750001 0.1265625 0.1 0.1390625 0.0916666671875 0.14375 0.1145833328125 0.1421875 0.0916666671875 0.134375 0.0875 0.1390625 0.08333333281250001 0.140625 0 0.1328125 0 0 0
10 0.15546875 0 0.1421875 0.0041666671875 0.1125 0.23125 0.103125 0.3875 0.103125 0.5104166671875 0.1140625 0.5458333328125 0.109375 0.5708333328124999 0.1234375 0.5708333328124999 0.1359375 0.5375 0.140625 0.5395833328124999 0.1390625 0.5666666671875 0.153125 0.56875 0.153125 0.5416666671875 0.178125 0.5333333328125 0.1640625 0.39375 0.178125 0.3645833328125 0.165625 0.1916666671875 0.1765625 0.1041666671875 0.165625 0 0.15546875 0
10 0.5703125 0.50625 0.58125 0.5125 0.584375 0.42291666718750004 0.575 0.39791666718749996 0.5734375 0.39791666718749996 0.5578125 0.44166666718750003 0.5625 0.45 0.5640625 0.5229166671875001 0.5703125 0.50625
10 0.2828125 0.5354166671875 0.2859375 0.5416666671875 0.2921875 0.5270833328125 0.3109375 0.5229166671875001 0.3171875 0.5104166671875 0.3203125 0.40625 0.325 0.3958333328125 0.3125 0.3604166671875 0.3046875 0.3541666671875 0.303125 0.3541666671875 0.2875 0.3875 0.2921875 0.40416666718750005 0.2921875 0.51875 0.2828125 0.5354166671875
10 0.278125 0.4166666671875 0.275 0.375 0.26875 0.375 0.2671875 0.3916666671875 0.2515625 0.40416666718750005 0.2515625 0.4166666671875 0.278125 0.4166666671875
10 0.328125 0.53125 0.3421875 0.5125 0.346875 0.48333333281249996 0.365625 0.4375 0.371875 0.43541666718750005 0.3703125 0.4145833328125 0.3546875 0.39375 0.353125 0.39375 0.33125 0.4375 0.31875 0.48541666718750004 0.328125 0.49791666718750005 0.328125 0.53125