5 0.709375 0.43203125 0.1 0.19375
5 0.66171875 0.43125 0.1953125 0.2
15 0.4984375 0.75859375 0.996875 0.475
7 0.97109375 0.03828125 0.0546875 0.06484375
7 0.26953125 0.12421875 0.0484375 0.03125
7 0.32734375 0.21640625 0.0484375 0.025
7 0.071875 0.12734375 0.021875 0.03359375
7 0.62578125 0.3625 0.0140625 0.025
7 0.64453125 0.059375 0.0890625 0.05625
7 0.33125 0.26953125 0.034375 0.01875
7 0.35859375 0.25078125 0.0203125 0.01484375
7 0.9203125 0.16328125 0.075 0.03984375
7 0.44296875 0.32109375 0.0328125 0.01640625
7 0.00859375 0.05 0.0171875 0.025
7 0.371875 0.30859375 0.021875 0.0125
7 0.40546875 0.29296875 0.0171875 0.01484375
7 0.66015625 0.17578125 0.0671875 0.03515625
7 0.4578125 0.3 0.015625 0.0125
10 0.04375 0.34765625 0.0875 0.5
10 0.384375 0.42265625 0.059375 0.275
10 0.590625 0.46875 0.025 0.12890625
10 0.5671875 0.46953125 0.03125 0.13984375
10 0.44921875 0.46171875 0.0359375 0.15625