10 0.134375 0.125 0.1234375 0.1666666671875 0.115625 0.2604166671875 0.134375 0.2979166671875 0.134375 0.3479166671875 0.146875 0.36666666718749996 0.14375 0.43541666718750005 0.128125 0.50625 0.1234375 0.6333333328124999 0.128125 0.6458333328125 0.1375 0.6416666671875 0.128125 0.6354166671875 0.1578125 0.6291666671875 0.15 0.6208333328125 0.15625 0.5291666671875 0.1625 0.5 0.16875 0.49791666718750005 0.1703125 0.47083333281249995 0.19375 0.41041666718750003 0.2 0.43958333281249995 0.2015625 0.6520833328125 0.240625 0.6541666671875 0.271875 0.64375 0.2703125 0.6354166671875 0.2375 0.6166666671875001 0.2328125 0.5708333328124999 0.2390625 0.44375 0.2359375 0.42291666718750004 0.2296875 0.42291666718750004 0.23125 0.40833333281249995 0.24375 0.3583333328125 0.2484375 0.3729166671875 0.2578125 0.3770833328125 0.2546875 0.3854166671875 0.259375 0.3916666671875 0.2640625 0.2979166671875 0.25 0.13125 0.24375 0.11875 0.228125 0.11041666718750001 0.2296875 0.08125 0.221875 0.05208333281250001 0.20625 0.0395833328125 0.1984375 0.0395833328125 0.1875 0.05208333281250001 0.1859375 0.0875 0.1453125 0.125 0.134375 0.125
7 0.7078125 0.18125 0.6921875 0.15625 0.6890625 0.15625 0.684375 0.1708333328125 0.7015625 0.1979166671875 0.709375 0.1979166671875 0.7078125 0.18125
14 0.7421875 0.5583333328125 0.75 0.5770833328125 0.7609375 0.5833333328125 0.9046875 0.5875 0.9109375 0.5833333328125 0.9140625 0.5625 0.9984375 0.5666666671875 0.9984375 0.1125 0.9953125 0.1125 0.9203125 0.1291666671875 0.8625 0.1291666671875 0.75 0.1458333328125 0.7421875 0.5583333328125
7 0.7984375 0.1979166671875 0.8234375 0.20625 0.8609375 0.1979166671875 0.865625 0.1854166671875 0.8546875 0.175 0.8640625 0.16458333281249998 0.8421875 0.1583333328125 0.8390625 0.1583333328125 0.8265625 0.16458333281249998 0.8328125 0.1770833328125 0.8015625 0.1854166671875 0.7984375 0.1979166671875
10 0.4609375 0.1895833328125 0.4625 0.2 0.45625 0.26875 0.43125 0.2979166671875 0.4296875 0.3083333328125 0.4390625 0.3125 0.45 0.30416666718749996 0.453125 0.325 0.421875 0.36666666718749996 0.421875 0.3770833328125 0.434375 0.3854166671875 0.4390625 0.36666666718749996 0.453125 0.35625 0.4546875 0.47291666718750003 0.4765625 0.5479166671875 0.4734375 0.58125 0.4453125 0.6104166671875 0.490625 0.6229166671875 0.509375 0.6104166671875 0.5078125 0.5791666671875 0.5015625 0.56875 0.49375 0.43541666718750005 0.509375 0.35 0.5078125 0.22291666718749997 0.49375 0.16458333281249998 0.4703125 0.1541666671875 0.4625 0.1291666671875 0.4484375 0.11875 0.4421875 0.11875 0.428125 0.1291666671875 0.4234375 0.1604166671875 0.4359375 0.1854166671875 0.4609375 0.1895833328125
10 0.3265625 0.28958333281250004 0.3234375 0.33125 0.34375 0.34375 0.3328125 0.3770833328125 0.3375 0.3791666671875 0.390625 0.3791666671875 0.3953125 0.3125 0.4015625 0.3 0.41875 0.325 0.409375 0.33125 0.421875 0.3416666671875 0.4390625 0.3125 0.3984375 0.25833333281250004 0.4015625 0.2104166671875 0.3875 0.1895833328125 0.3796875 0.1895833328125 0.3671875 0.2208333328125 0.36875 0.23958333281250002 0.3421875 0.2520833328125 0.3265625 0.28958333281250004
4 0.2421875 0.6104166671875 0.3921875 0.5979166671875 0.434375 0.6 0.4390625 0.60625 0.459375 0.5895833328125 0.465625 0.5395833328124999 0.453125 0.4770833328125 0.4546875 0.41041666718750003 0.45 0.39791666718749996 0.4421875 0.39375 0.434375 0.4166666671875 0.384375 0.40208333281249997 0.3765625 0.3854166671875 0.271875 0.3791666671875 0.2703125 0.3791666671875 0.25625 0.45208333281249996 0.2421875 0.4625 0.2359375 0.5375 0.2421875 0.6104166671875
14 0.496875 0.4 0.503125 0.5666666671875 0.509375 0.5791666671875 0.5078125 0.59375 0.5515625 0.6083333328125 0.5578125 0.6 0.53125 0.55625 0.521875 0.5 0.5234375 0.4125 0.53125 0.375 0.546875 0.3479166671875 0.54375 0.3333333328125 0.5296875 0.3291666671875 0.52109375 0.3291666671875 0.5125 0.3291666671875 0.5078125 0.3395833328125 0.5078125 0.3770833328125 0.496875 0.4
10 0.15625 0.5083333328124999 0.1578125 0.59375 0.1734375 0.5875 0.184375 0.5229166671875001 0.1859375 0.47083333281249995 0.1734375 0.46666666718750005 0.1734375 0.4583333328125 0.171875 0.5041666671875 0.16875 0.5083333328124999 0.1640625 0.5 0.15625 0.5083333328124999
10 0.0796875 0.20416666718749998 0.090625 0.28958333281250004 0.0890625 0.3729166671875 0.1015625 0.4 0.0984375 0.58125 0.1015625 0.6 0.11875 0.6 0.11875 0.60625 0.1265625 0.5770833328125 0.128125 0.49583333281249997 0.1421875 0.43541666718750005 0.1453125 0.36666666718749996 0.1328125 0.3604166671875 0.1328125 0.3020833328125 0.109375 0.25833333281250004 0.1203125 0.21875 0.128125 0.1291666671875 0.1625 0.10625 0.15 0.0895833328125 0.1421875 0.0895833328125 0.1171875 0.1041666671875 0.1125 0.1520833328125 0.0859375 0.1854166671875 0.0796875 0.20416666718749998
1 0 0 0 0.7208333328125 0.0171875 0.7291666671875 0.0359375 0.7270833328124999 0.040625 0.71875 0.0390625 0.7 0.025 0.68125 0.0609375 0.6645833328124999 0.059375 0.65625 0.0421875 0.6520833328125 0.0453125 0.2645833328125 0.0390625 0.2208333328125 0.0453125 0.21458333281250003 0.0453125 0.19583333281249998 0.0359375 0.1729166671875 0.046875 0.16875 0.0484375 0 0.0403645828125 0 0 0
15 0 0.9979166671874999 0.9984375 0.9979166671874999 0.9984375 0.5708333328124999 0.9421875 0.5625 0.940625 0.5625 0.91875 0.5666666671875 0.9109375 0.5979166671875 0.8953125 0.5916666671875 0.7046875 0.59375 0.7 0.6 0.6453125 0.59375 0.603125 0.5979166671875 0.5953125 0.60625 0.5828125 0.5979166671875 0.578125 0.6104166671875 0.5703125 0.60625 0.559375 0.6166666671875001 0.51875 0.6125 0.509375 0.6270833328125 0.4921875 0.6333333328124999 0.44375 0.6333333328124999 0.43125 0.6229166671875 0.3953125 0.6354166671875 0.359375 0.6291666671875 0.3203125 0.6354166671875 0.3171875 0.64375 0.29375 0.6416666671875 0.275 0.6583333328125 0.21875 0.6645833328124999 0.215625 0.6708333328125 0.1734375 0.65 0.1828125 0.64375 0.1578125 0.6479166671875001 0.1546875 0.6583333328125 0.13125 0.6604166671875 0.1296875 0.6666666671875 0.103125 0.6416666671875 0.1 0.6604166671875 0.0875 0.66875 0.0921875 0.6333333328124999 0.090625 0.6083333328125 0.084375 0.6020833328124999 0.090625 0.6041666671875 0.090625 0.5875 0.075 0.5729166671875 0.0546875 0.575 0.0484375 0.5895833328125 0.059375 0.59375 0.0625 0.60625 0.0515625 0.6104166671875 0.0609375 0.6125 0.0640625 0.6375 0.0578125 0.6416666671875 0.0703125 0.6541666671875 0.059375 0.6770833328125 0.0359375 0.6895833328125 0.0453125 0.7 0.0421875 0.75 0.034375 0.7625 0.0375 0.7666666671875 0.01875 0.7895833328124999 0.021875 0.7979166671875 0.00625 0.80625 0 0.825 0 0.9979166671874999
7 0.6828125 0.1354166671875 0.6609375 0.0916666671875 0.653125 0.0916666671875 0.65 0.1041666671875 0.665625 0.1354166671875 0.68125 0.14791666718750002 0.6828125 0.1354166671875