11 0.21640625 0.34296875 0.0890625 0.58515625
11 0.34609375 0.47890625 0.1578125 0.32890625
5 0.7875 0.425 0.0875 0.23359375
15 0.49921875 0.76328125 0.9953125 0.46484375
7 0.13828125 0.0625 0.0765625 0.05
7 0.7640625 0.27890625 0.025 0.05
7 0.32890625 0.128125 0.0515625 0.03125
7 0.44375 0.21015625 0.05625 0.02890625
7 0.3125 0.18515625 0.04375 0.025
7 0.440625 0.140625 0.03125 0.02265625
7 0.38203125 0.22890625 0.0234375 0.01640625
7 0.91953125 0.1375 0.0265625 0.02109375
7 0.8328125 0.265625 0.028125 0.02265625
10 0.39921875 0.409375 0.0859375 0.37265625
10 0.15078125 0.42734375 0.0546875 0.32109375
10 0.65703125 0.43125 0.0515625 0.31640625
10 0.70859375 0.43671875 0.0453125 0.26015625