11 0.828125 0.43671875 0.209375 0.41875
5 0.3796875 0.31015625 0.1875 0.6203125
15 0.4984375 0.78359375 0.996875 0.42890625
7 0.38125 0.26171875 0.115625 0.13515625
7 0.21875 0.28359375 0.046875 0.11640625
7 0.21171875 0.36875 0.0609375 0.28359375
7 0.41171875 0.071875 0.0578125 0.04765625
7 0.61015625 0.08671875 0.0546875 0.03984375
7 0.56640625 0.23203125 0.0484375 0.05625
10 0.63515625 0.34921875 0.1203125 0.55234375
10 0.1078125 0.35703125 0.203125 0.7140625
10 0.965625 0.29140625 0.065625 0.57890625