11 0 0 0.003125 0.6333333328124999 0.009375 0.6333333328124999 0.0375 0.5958333328125 0.053125 0.5583333328125 0.0609375 0.51875 0.059375 0.38333333281250004 0.046875 0.3291666671875 0.01875 0.27291666718749996 0.03125 0.2541666671875 0.0234375 0.1875 0.0515625 0.19375 0.0609375 0.18125 0.0671875 0 0.0587890625 0 0 0
7 0.0796875 0.0791666671875 0.0734375 0.07291666718749999 0.0703125 0.07291666718749999 0.0625 0.0791666671875 0.065625 0.09375 0.078125 0.0916666671875 0.0796875 0.0791666671875
5 0.9109375 0 0.4890625 0.08333333281250001 0.4890625 0.1895833328125 0.5109375 0.20416666718749998 0.5140625 0.23541666718749998 0.5234375 0.25625 0.521875 0.3416666671875 0.525 0.35 0.5515625 0.3583333328125 0.55625 0.36875 0.5453125 0.39375 0.5390625 0.4583333328125 0.6 0.46875 0.6078125 0.4791666671875 0.6125 0.5229166671875001 0.609375 0.54375 0.5984375 0.55625 0.603125 0.5625 0.8265625 0.5625 0.8578125 0.5604166671875 0.8765625 0.5458333328125 0.9921875 0.5583333328125 0.9984375 0.5479166671875 0.99375 0.5458333328125 0.9984375 0.5333333328125 0.9984375 0 0.9904829546875 0 0.9109375 0
7 0.6796875 0.19583333281249998 0.678125 0.17916666718750002 0.65 0.1375 0.6484375 0.1375 0.640625 0.1458333328125 0.646875 0.1604166671875 0.66875 0.19375 0.6796875 0.19583333281249998
7 0.684375 0.20208333281250002 0.684375 0.2166666671875 0.6984375 0.22291666718749997 0.6921875 0.20208333281250002 0.684375 0.20208333281250002
10 0.4796875 0.2625 0.4765625 0.35 0.465625 0.375 0.4515625 0.3770833328125 0.4515625 0.3875 0.478125 0.39791666718749996 0.4859375 0.4770833328125 0.4984375 0.5145833328125 0.4953125 0.5666666671875 0.4734375 0.5854166671875001 0.509375 0.5895833328125 0.5296875 0.58125 0.5140625 0.4625 0.521875 0.3958333328125 0.5140625 0.31875 0.521875 0.2645833328125 0.5015625 0.2270833328125 0.4859375 0.22916666718749998 0.478125 0.20833333281250002 0.4640625 0.20208333281250002 0.4625 0.2 0.4515625 0.20833333281250002 0.446875 0.23541666718749998 0.459375 0.2541666671875 0.4796875 0.2625
10 0.2109375 0.2875 0.2 0.30416666718749996 0.203125 0.39791666718749996 0.2140625 0.44375 0.2109375 0.5895833328125 0.2359375 0.5958333328125 0.2484375 0.5916666671875 0.2453125 0.5625 0.2359375 0.5583333328125 0.2375 0.5083333328124999 0.246875 0.49583333281249997 0.2515625 0.525 0.2640625 0.4583333328125 0.2640625 0.41875 0.25625 0.39791666718749996 0.2484375 0.3229166671875 0.2546875 0.2625 0.246875 0.2479166671875 0.265625 0.20833333281250002 0.253125 0.1854166671875 0.2390625 0.1854166671875 0.228125 0.2 0.221875 0.23125 0.2015625 0.2604166671875 0.2109375 0.2875
15 0 0.9979166671874999 0.9984375 0.9979166671874999 0.9984375 0.5729166671875 0.990625 0.5645833328125 0.9875 0.5395833328124999 0.984375 0.5395833328124999 0.98125 0.55 0.953125 0.5479166671875 0.9421875 0.5583333328125 0.909375 0.54375 0.903125 0.5541666671875001 0.8765625 0.55 0.85625 0.5666666671875 0.721875 0.56875 0.6078125 0.5541666671875001 0.5984375 0.5645833328125 0.603125 0.5770833328125 0.5859375 0.58125 0.584375 0.575 0.5796875 0.5854166671875001 0.575 0.5791666671875 0.5359375 0.5854166671875001 0.5171875 0.6 0.446875 0.5979166671875 0.440625 0.5916666671875 0.43125 0.5979166671875 0.4140625 0.5958333328125 0.409375 0.5875 0.4 0.6041666671875 0.3875 0.6 0.3265625 0.61875 0.2984375 0.6166666671875001 0.2875 0.60625 0.2390625 0.6083333328125 0.221875 0.6166666671875001 0.225 0.6395833328125 0.2125 0.66875 0.190625 0.65 0.1828125 0.6666666671875 0.165625 0.6645833328124999 0.1609375 0.65625 0.153125 0.6708333328125 0.1453125 0.6645833328124999 0.1328125 0.66875 0.1296875 0.6604166671875 0.11875 0.675 0.1140625 0.65625 0.1140625 0.6645833328124999 0.103125 0.6729166671875 0.0984375 0.6666666671875 0.0515625 0.6666666671875 0.0484375 0.675 0.04375 0.6625 0.0046875 0.6479166671875001 0 0.6541666671875 0 0.9979166671874999
14 0.0671875 0.4604166671875 0.05625 0.55625 0.0421875 0.59375 0.0140625 0.6291666671875 0.0140625 0.6416666671875 0.046875 0.6395833328125 0.059375 0.6604166671875 0.1484375 0.6395833328125 0.2171875 0.64375 0.2203125 0.6270833328125 0.1921875 0.5895833328125 0.171875 0.5333333328125 0.1640625 0.45 0.1671875 0.3916666671875 0.175 0.3770833328125 0.178125 0.3458333328125 0.20625 0.2833333328125 0.2 0.2708333328125 0.1703125 0.25833333281250004 0.0984375 0.25 0.0901041671875 0.25 0.0375 0.2541666671875 0.021875 0.2708333328125 0.05625 0.35208333281250004 0.0671875 0.4604166671875
14 0.5609375 0.5791666671875 0.5625 0.56875 0.5421875 0.5354166671875 0.5328125 0.4895833328125 0.534375 0.42083333281249996 0.5546875 0.36666666718749996 0.5296875 0.3541666671875 0.5265625 0.3541666671875 0.5140625 0.43541666718750005 0.5234375 0.5458333328125 0.5328125 0.5729166671875 0.5609375 0.5791666671875
10 0.25 0.32083333281250004 0.2625 0.3604166671875 0.2609375 0.3916666671875 0.271875 0.40208333281249997 0.2546875 0.5208333328125 0.2515625 0.60625 0.2890625 0.5979166671875 0.275 0.5791666671875 0.275 0.5583333328125 0.3078125 0.42083333281249996 0.3140625 0.425 0.3203125 0.45416666718750004 0.3171875 0.59375 0.3125 0.6083333328125 0.359375 0.60625 0.359375 0.5979166671875 0.3390625 0.575 0.3453125 0.45 0.3546875 0.41875 0.365625 0.40625 0.359375 0.24375 0.3546875 0.22291666718749997 0.3296875 0.20833333281250002 0.3359375 0.1916666671875 0.334375 0.1708333328125 0.325 0.15625 0.3140625 0.15625 0.296875 0.20416666718749998 0.2671875 0.21458333281250003 0.2515625 0.28958333281250004 0.25 0.32083333281250004
4 0.2953125 0.575 0.309375 0.575 0.3125 0.4604166671875 0.30625 0.4604166671875 0.29375 0.4791666671875 0.2828125 0.5395833328124999 0.28125 0.5583333328125 0.2953125 0.575
4 0.209375 0.54375 0.209375 0.43125 0.19921875 0.43125 0.1875 0.43541666718750005 0.1875 0.5458333328125 0.1953125 0.55 0.209375 0.54375
4 0.4671875 0.5729166671875 0.48125 0.5625 0.4859375 0.49583333281249997 0.475 0.4770833328125 0.4703125 0.43125 0.465625 0.4375 0.446875 0.4270833328125 0.43125 0.43125 0.415625 0.41041666718750003 0.39375 0.40833333281249995 0.38515625 0.40833333281249995 0.36875 0.4125 0.3515625 0.43958333281249995 0.34375 0.575 0.4671875 0.5729166671875
10 0.3765625 0.3375 0.3765625 0.3645833328125 0.390625 0.3708333328125 0.3859375 0.39791666718749996 0.41875 0.40208333281249997 0.43125 0.3958333328125 0.43125 0.35 0.4375 0.33541666718749996 0.453125 0.3645833328125 0.4625 0.35625 0.4578125 0.3333333328125 0.4359375 0.3020833328125 0.4390625 0.2666666671875 0.4296875 0.25 0.421875 0.25 0.4125 0.2708333328125 0.4125 0.2875 0.3875 0.30416666718749996 0.3765625 0.3375