10 0.509375 0.5270833328125 0.5140625 0.5229166671875001 0.5171875 0.45416666718750004 0.53125 0.43958333281249995 0.51875 0.41041666718750003 0.515625 0.41041666718750003 0.5 0.44166666718750003 0.50625 0.4916666671875 0.503125 0.5208333328125 0.509375 0.5270833328125
5 0.296875 0.39791666718749996 0.30625 0.3958333328125 0.3125 0.44166666718750003 0.334375 0.45625 0.3421875 0.40416666718750005 0.3484375 0.39791666718749996 0.36875 0.43958333281249995 0.359375 0.4583333328125 0.359375 0.49583333281249997 0.3671875 0.5208333328125 0.4328125 0.5166666671875 0.434375 0.5104166671875 0.475 0.5125 0.478125 0.33541666718749996 0.303125 0.33125 0.2984375 0.33125 0.2875 0.33541666718749996 0.2890625 0.41875 0.2953125 0.41875 0.296875 0.39791666718749996
10 0.35625 0.5229166671875001 0.3609375 0.5166666671875 0.3578125 0.4604166671875 0.3671875 0.44166666718750003 0.35 0.4 0.3453125 0.4 0.3390625 0.4291666671875 0.3421875 0.525 0.3515625 0.5125 0.35625 0.5229166671875001
10 0 0 0 0.13333333281249998 0.00625 0.15625 0 0.1833333328125 0 0.2479166671875 0.00625 0.2541666671875 0.01875 0.3083333328125 0.0234375 0.40416666718750005 0.0015625 0.5666666671875 0.00625 0.70625 0 0.7625 0.0359375 0.7625 0.0625 0.7479166671875 0.0578125 0.7708333328125 0.0671875 0.7791666671875 0.165625 0.775 0.19375 0.7666666671875 0.2078125 0.7520833328125 0.2 0.7375 0.15625 0.71875 0.1328125 0.6875 0.125 0.6583333328125 0.128125 0.5479166671875 0.1484375 0.46666666718750005 0.1484375 0.38333333281250004 0.1609375 0.2916666671875 0.15625 0.2270833328125 0.140625 0.175 0.1453125 0.1666666671875 0.1453125 0.10625 0.1359375 0 0.12794117656249998 0 0 0
10 0.15 0.20416666718749998 0.1578125 0.22916666718749998 0.1625 0.2979166671875 0.15 0.38125 0.15 0.46875 0.134375 0.5166666671875 0.1265625 0.6520833328125 0.1359375 0.6854166671875 0.159375 0.69375 0.16875 0.69375 0.1703125 0.6625 0.15625 0.65625 0.1390625 0.6333333328124999 0.140625 0.55625 0.1515625 0.53125 0.171875 0.5354166671875 0.1796875 0.5208333328125 0.1890625 0.41875 0.1859375 0.3083333328125 0.178125 0.2708333328125 0.2015625 0.25625 0.2234375 0.27291666718749996 0.240625 0.19375 0.2390625 0.1833333328125 0.21875 0.175 0.2203125 0.2208333328125 0.215625 0.22916666718749998 0.209375 0.2166666671875 0.209375 0.16458333281249998 0.2140625 0.1604166671875 0.2015625 0.054166667187499996 0.1921875 0.0270833328125 0.1765625 0.014583332812499999 0.171875 0.014583332812499999 0.1578125 0.0166666671875 0.140625 0.0375 0.1484375 0.1041666671875 0.15 0.20416666718749998
10 0.2125 0.5416666671875 0.2203125 0.5270833328125 0.2265625 0.54375 0.240625 0.525 0.2484375 0.41875 0.2296875 0.3770833328125 0.225 0.3770833328125 0.2109375 0.41041666718750003 0.2171875 0.4895833328125 0.2078125 0.5395833328124999 0.2125 0.5416666671875
7 0.6390625 0.0875 0.6765625 0.0916666671875 0.7171875 0.075 0.7171875 0.04375 0.690625 0.03125 0.68125 0.03125 0.6375 0.0458333328125 0.628125 0.0625 0.6296875 0.0791666671875 0.6390625 0.0875
16 0.7796875 0 0.7515625 0.0375 0.7046875 0.1270833328125 0.7046875 0.8291666671875 0.6765625 0.84375 0.6765625 0.875 0.678125 0.9333333328125001 0.709375 0.9979166671874999 0.9984375 0.99375 0.9984375 0.0166666671875 0.9890625 0 0.9810096156249999 0 0.7796875 0
16 0.778125 0 0.75 0.0333333328125 0.7375 0.060416667187499995 0.728125 0.0645833328125 0.734375 0.07291666718749999 0.703125 0.13333333281249998 0.7046875 0.8333333328125001 0.715625 0.86875 0.7375 0.8895833328125 0.7734375 0.9458333328125 0.7640625 0.9520833328125 0.775 0.95 0.7984375 0.9895833328125001 0.815625 0.9979166671874999 0.99375 0.9979166671874999 0.9984375 0.98125 0.9984375 0.0083333328125 0.9875 0 0.979447115625 0 0.778125 0
7 0.61875 0.1916666671875 0.6453125 0.1833333328125 0.6453125 0.16458333281249998 0.6328125 0.15625 0.6229166671875 0.15625 0.5921875 0.1625 0.584375 0.1729166671875 0.5859375 0.1854166671875 0.61875 0.1916666671875
7 0.4046875 0.1875 0.4078125 0.16875 0.3859375 0.1541666671875 0.3765625 0.1541666671875 0.3484375 0.1583333328125 0.3421875 0.175 0.3703125 0.1895833328125 0.4046875 0.1875
7 0.3859375 0.0791666671875 0.3890625 0.0479166671875 0.35 0.0270833328125 0.3484375 0.025 0.30625 0.0375 0.3015625 0.07083333281250001 0.3421875 0.08541666718749999 0.3859375 0.0791666671875