11 0.22109375 0.39296875 0.0484375 0.33984375
5 0.56015625 0.434375 0.0609375 0.17265625
15 0.4984375 0.753125 0.996875 0.48515625
7 0.04609375 0.03515625 0.0921875 0.05
7 0.546875 0.315625 0.01875 0.03515625
7 0.93203125 0.025 0.1015625 0.05
7 0.58828125 0.04140625 0.0921875 0.05859375
7 0.30234375 0.25625 0.0453125 0.02109375
7 0.228125 0.20390625 0.040625 0.02109375
7 0.109375 0.16171875 0.05625 0.03125
7 0.19296875 0.234375 0.0234375 0.01875
7 0.13359375 0.11875 0.0328125 0.02109375
7 0.2484375 0.2625 0.015625 0.01640625
7 0.31171875 0.21640625 0.0234375 0.01640625
7 0.65390625 0.22890625 0.0171875 0.01640625
7 0.96796875 0.20859375 0.0234375 0.02109375
10 0.04609375 0.3375 0.0921875 0.59140625
10 0.35078125 0.42421875 0.0734375 0.23984375
10 0.46796875 0.446875 0.0390625 0.19765625
10 0.50546875 0.44375 0.0359375 0.18359375
10 0.14609375 0.42890625 0.0390625 0.2125