10 0 0 0 0.8020833328125001 0.0828125 0.78125 0.0921875 0.7645833328125 0.0921875 0.7458333328125 0.084375 0.75625 0.0671875 0.7583333328124999 0.0203125 0.7229166671875 0.00625 0.6541666671875 0.0109375 0.5416666671875 0.025 0.4875 0.03125 0.4145833328125 0.0515625 0.33125 0.0921875 0.40208333281249997 0.0890625 0.40833333281249995 0.1 0.42291666718750004 0.10625 0.45 0.1015625 0.6520833328125 0.09375 0.6833333328125 0.0953125 0.7 0.1171875 0.7354166671875 0.11136853437500001 0.7451149421875 0.121875 0.7479166671875 0.1265625 0.7645833328125 0.16875 0.7854166671875 0.19375 0.7854166671875 0.2046875 0.7770833328125 0.2015625 0.75625 0.18125 0.7375 0.1671875 0.7083333328125 0.1796875 0.44166666718750003 0.165625 0.3020833328125 0.165625 0.23541666718749998 0.159375 0.2270833328125 0.1765625 0.225 0.18125 0.20833333281250002 0.2140625 0.2270833328125 0.2296875 0.2208333328125 0.2546875 0.1895833328125 0.2734375 0.14375 0.2859375 0.1291666671875 0.2703125 0.1145833328125 0.2578125 0.1166666671875 0.2625 0.13333333281249998 0.2546875 0.1583333328125 0.2203125 0.19583333281249998 0.2078125 0.19583333281249998 0.1859375 0.1770833328125 0.165625 0.0333333328125 0.1484375 0 0.140625 0 0 0
7 0.2078125 0.30416666718749996 0.190625 0.3 0.18125 0.3 0.1703125 0.3104166671875 0.1890625 0.31875 0.2078125 0.3145833328125 0.2078125 0.30416666718749996
15 0 0.9979166671874999 0.8515625 0.9979166671874999 0.8484375 0.6208333328125 0.8375 0.6145833328125 0.8328125 0.6208333328125 0.821875 0.6145833328125 0.68125 0.6166666671875001 0.65 0.5916666671875 0.5953125 0.5666666671875 0.559375 0.5375 0.5546875 0.54375 0.546875 0.53125 0.5328125 0.53125 0.5171875 0.51875 0.509375 0.51875 0.365625 0.53125 0.3296875 0.5375 0.325 0.5458333328125 0.29375 0.5395833328124999 0.278125 0.5541666671875001 0.271875 0.5479166671875 0.253125 0.5541666671875001 0.2453125 0.5458333328125 0.23125 0.5541666671875001 0.1828125 0.5541666671875001 0.178125 0.5791666671875 0.178125 0.7083333328125 0.1859375 0.7166666671875 0.1890625 0.7354166671875 0.2109375 0.7583333328124999 0.2109375 0.7895833328124999 0.196875 0.8 0.1953125 0.79375 0.1578125 0.7979166671875 0.1375 0.7854166671875 0.0875 0.7875 0 0.8145833328125001 0 0.9979166671874999
10 0.384375 0.46875 0.3875 0.49583333281249997 0.403125 0.425 0.3921875 0.4125 0.3890625 0.3958333328125 0.3875 0.3958333328125 0.38125 0.42083333281249996 0.3828125 0.4583333328125 0.3921875 0.4625 0.384375 0.46875
7 0.39375 0.3416666671875 0.3875 0.3416666671875 0.3875 0.3541666671875 0.4015625 0.36666666718749996 0.4046875 0.35625 0.39375 0.3416666671875
7 0.6796875 0.1770833328125 0.6953125 0.1666666671875 0.6921875 0.15 0.6671875 0.1416666671875 0.6640625 0.1416666671875 0.6375 0.15 0.6296875 0.16875 0.65 0.18125 0.6796875 0.1770833328125
7 0.425 0.060416667187499995 0.43125 0.05 0.428125 0.0270833328125 0.3921875 0.0041666671875 0.384375 0.0041666671875 0.3421875 0.00625 0.3359375 0.060416667187499995 0.378125 0.06875 0.425 0.060416667187499995
10 0.253125 0.54375 0.2703125 0.48333333281249996 0.278125 0.525 0.2859375 0.5208333328125 0.2890625 0.40208333281249997 0.2734375 0.36875 0.265625 0.36875 0.2515625 0.40416666718750005 0.2578125 0.42083333281249996 0.2484375 0.5333333328125 0.253125 0.54375
10 0.559375 0.4625 0.571875 0.43541666718750005 0.55625 0.42291666718750004 0.553125 0.41041666718750003 0.5515625 0.40833333281249995 0.5390625 0.43333333281249997 0.5515625 0.5229166671875001 0.559375 0.5145833328125 0.559375 0.4625
14 0.1921875 0.5458333328125 0.2390625 0.5395833328124999 0.225 0.5041666671875 0.225 0.46666666718750005 0.234375 0.43333333281249997 0.2171875 0.425 0.2088541671875 0.425 0.1875 0.4291666671875 0.1953125 0.5166666671875 0.1796875 0.5395833328124999 0.1921875 0.5458333328125
10 0.228125 0.42291666718750004 0.21875 0.3791666671875 0.215625 0.3791666671875 0.209375 0.3958333328125 0.1953125 0.40833333281249995 0.1953125 0.42291666718750004 0.228125 0.42291666718750004
5 0.521875 0.33125 0.503125 0.3291666671875 0.5015625 0.3270833328125 0.4234375 0.3333333328125 0.4328125 0.5145833328125 0.5203125 0.5104166671875 0.521875 0.33125