5 0.55 0.43203125 0.0625 0.16875
12 0.88515625 0.46640625 0.2265625 0.27890625
15 0.4984375 0.75078125 0.996875 0.48984375
7 0.909375 0.028125 0.1 0.05625
7 0.046875 0.04921875 0.090625 0.04765625
7 0.534375 0.31484375 0.01875 0.03359375
7 0.109375 0.16953125 0.046875 0.03125
7 0.57421875 0.04921875 0.0890625 0.05234375
7 0.22109375 0.21015625 0.0390625 0.02109375
7 0.29375 0.25859375 0.046875 0.02109375
7 0.13046875 0.128125 0.0328125 0.02265625
7 0.1890625 0.23828125 0.028125 0.01875
7 0.30390625 0.221875 0.0234375 0.01484375
7 0.73046875 0.35859375 0.0296875 0.0375
10 0.053125 0.346875 0.10625 0.55625
10 0.14765625 0.44140625 0.0453125 0.22109375
10 0.50078125 0.44140625 0.0328125 0.17109375
10 0.4625 0.44375 0.034375 0.19140625
10 0.4328125 0.3875 0.028125 0.05859375