12 0.525 0.4458333328125 0.5171875 0.46458333281249997 0.525 0.475 0.540625 0.4583333328125 0.553125 0.4604166671875 0.5484375 0.475 0.55625 0.47291666718750003 0.5625 0.44375 0.578125 0.45 0.565625 0.4583333328125 0.5703125 0.4625 0.5703125 0.5125 0.5640625 0.5166666671875 0.56875 0.5208333328125 0.5328125 0.525 0.5234375 0.5375 0.58125 0.5791666671875 0.615625 0.5875 0.6296875 0.60625 0.653125 0.6020833328124999 0.6625 0.6104166671875 0.6875 0.6 0.715625 0.6104166671875 0.7140625 0.3791666671875 0.65625 0.3770833328125 0.646875 0.3770833328125 0.603125 0.3958333328125 0.5671875 0.42291666718750004 0.5640625 0.43333333281249997 0.525 0.4458333328125
7 0.596875 0.19583333281249998 0.640625 0.1875 0.646875 0.17916666718750002 0.6453125 0.16875 0.6296875 0.1541666671875 0.628125 0.1541666671875 0.596875 0.1583333328125 0.5828125 0.1708333328125 0.58125 0.18125 0.596875 0.19583333281249998
7 0.596875 0.19375 0.6421875 0.1854166671875 0.646875 0.1770833328125 0.64375 0.1666666671875 0.6296875 0.1583333328125 0.6203125 0.1583333328125 0.5890625 0.16458333281249998 0.5828125 0.1708333328125 0.5828125 0.1854166671875 0.596875 0.19375
15 0 0.9979166671874999 0.69375 0.9979166671874999 0.6875 0.9729166671874999 0.6875 0.86875 0.715625 0.85625 0.7171875 0.8479166671874999 0.7140625 0.6145833328125 0.6296875 0.6145833328125 0.6046875 0.59375 0.5484375 0.56875 0.528125 0.55 0.515625 0.5479166671875 0.5125 0.5541666671875001 0.509375 0.54375 0.5046875 0.55 0.496875 0.53125 0.4859375 0.5375 0.46875 0.525 0.45989583281249996 0.525 0.3609375 0.5291666671875 0.290625 0.5395833328124999 0.2796875 0.5479166671875 0.25 0.54375 0.2359375 0.5604166671875 0.19375 0.5541666671875001 0.1859375 0.5625 0.140625 0.5625 0.1328125 0.6208333328125 0.140625 0.6375 0.153125 0.6416666671875 0.1546875 0.6520833328125 0.16875 0.6645833328124999 0.1609375 0.70625 0.15 0.7270833328124999 0.184375 0.7395833328125 0.196875 0.7520833328125 0.1984375 0.7666666671875 0.184375 0.7875 0.1 0.8041666671875 0.046875 0.8020833328125001 0.0328125 0.79375 0.028125 0.7791666671875 0 0.7854166671875 0 0.9979166671874999
7 0.64375 0.0875 0.675 0.0895833328125 0.7171875 0.07083333281250001 0.7171875 0.04375 0.6859375 0.0270833328125 0.67734375 0.0270833328125 0.6359375 0.0416666671875 0.625 0.0625 0.628125 0.0770833328125 0.64375 0.0875
7 0.403125 0.1854166671875 0.40625 0.16875 0.3859375 0.15625 0.376953125 0.15625 0.34375 0.1583333328125 0.3390625 0.175 0.365625 0.1895833328125 0.403125 0.1854166671875
16 0.78125 0 0.740625 0.0479166671875 0.715625 0.0958333328125 0.721875 0.85625 0.7171875 0.8666666671875 0.703125 0.8645833328125001 0.690625 0.8729166671874999 0.6921875 0.9770833328125 0.703125 0.9979166671874999 0.9984375 0.9979166671874999 0.9984375 0.4 0.99375 0.3791666671875 0.9984375 0.3708333328125 0.9984375 0 0.99039351875 0 0.78125 0
7 0.715625 0.3916666671875 0.70625 0.3916666671875 0.696875 0.4 0.6984375 0.40625 0.715625 0.40833333281249995 0.715625 0.3916666671875
7 0.628125 0.10833333281249999 0.6203125 0.1208333328125 0.6296875 0.15 0.63125 0.10833333281249999 0.628125 0.10833333281249999
7 0.678125 0.5895833328125 0.66796875 0.5895833328125 0.653125 0.59375 0.6578125 0.6104166671875 0.6796875 0.6104166671875 0.678125 0.5895833328125
7 0.9078125 0.5041666671875 0.9125 0.3770833328125 0.90625 0.3708333328125 0.9015625 0.3708333328125 0.878125 0.3854166671875 0.8828125 0.4875 0.8890625 0.5104166671875 0.9078125 0.5041666671875
10 0.1421875 0.20833333281250002 0.1484375 0.2520833328125 0.1484375 0.29375 0.1359375 0.38125 0.1375 0.4583333328125 0.11875 0.5166666671875 0.11875 0.5229166671875001 0.1375 0.5291666671875 0.11875 0.53125 0.1140625 0.6104166671875 0.1140625 0.6395833328125 0.11875 0.6416666671875 0.1109375 0.6604166671875 0.125 0.7 0.140625 0.7041666671875 0.146875 0.7041666671875 0.1484375 0.69375 0.153125 0.6979166671875 0.153125 0.6895833328125 0.125 0.6833333328125 0.125 0.6708333328125 0.1375 0.6708333328125 0.140625 0.6541666671875 0.1234375 0.6416666671875 0.13125 0.5458333328125 0.140625 0.5270833328125 0.1828125 0.5354166671875 0.2015625 0.5270833328125 0.16875 0.2708333328125 0.184375 0.25833333281250004 0.2 0.27291666718749996 0.2125 0.2708333328125 0.228125 0.1979166671875 0.221875 0.17916666718750002 0.196875 0.1666666671875 0.190625 0.1520833328125 0.184375 0.0479166671875 0.1765625 0.025 0.146875 0.0083333328125 0.14375 0.0083333328125 0.1234375 0.0208333328125 0.1359375 0.1458333328125 0.1328125 0.1916666671875 0.1421875 0.20833333281250002
7 0.2234375 0.2125 0.228125 0.1875 0.2015625 0.1625 0.196875 0.1625 0.19375 0.1729166671875 0.2046875 0.2 0.2109375 0.2104166671875 0.2234375 0.2125
10 0 0 0 0.7729166671875001 0.0390625 0.7625 0.0359375 0.7854166671875 0.05 0.79375 0.153125 0.7875 0.1796875 0.7791666671875 0.19375 0.7625 0.1890625 0.75 0.1515625 0.7395833328125 0.11875 0.7083333328125 0.121875 0.69375 0.1078125 0.6666666671875 0.1140625 0.53125 0.134375 0.4604166671875 0.134375 0.3708333328125 0.146875 0.275 0.140625 0.2125 0.1140625 0.1270833328125 0.121875 0.11875 0.1265625 0.1375 0.1296875 0.13333333281249998 0.115625 0 0.107366071875 0 0 0
10 0.5125 0.5145833328125 0.515625 0.45416666718750004 0.5234375 0.44166666718750003 0.5125 0.4125 0.5078125 0.4125 0.5078125 0.42291666718750004 0.496875 0.4375 0.50625 0.5291666671875 0.5125 0.5145833328125
10 0.221875 0.51875 0.2203125 0.5354166671875 0.228125 0.54375 0.2359375 0.5354166671875 0.2375 0.44166666718750003 0.2453125 0.43333333281249997 0.2234375 0.3770833328125 0.2171875 0.3770833328125 0.203125 0.4145833328125 0.209375 0.42291666718750004 0.2125 0.5208333328125 0.221875 0.51875
10 0.3484375 0.5020833328125 0.35625 0.5229166671875001 0.3546875 0.4625 0.3625 0.4375 0.353125 0.41875 0.3421875 0.4145833328125 0.34375 0.4 0.340625 0.4 0.3359375 0.43125 0.340625 0.5229166671875001 0.3453125 0.5229166671875001 0.3484375 0.5020833328125
7 0.340625 0.08125 0.38125 0.075 0.3875 0.0666666671875 0.3859375 0.0458333328125 0.35 0.0229166671875 0.34140625 0.0229166671875 0.30625 0.03125 0.2984375 0.04375 0.296875 0.06875 0.340625 0.08125
5 0.390625 0.5208333328125 0.475 0.5145833328125 0.4765625 0.3375 0.4734375 0.3333333328125 0.375 0.3395833328125 0.3828125 0.3479166671875 0.3828125 0.4916666671875 0.390625 0.5208333328125