11 0.33671875 0.47890625 0.1578125 0.32109375
11 0.2078125 0.34375 0.090625 0.575
5 0.77421875 0.421875 0.0859375 0.23125
15 0.49921875 0.7625 0.9953125 0.46640625
7 0.128125 0.06484375 0.078125 0.05
7 0.7515625 0.27734375 0.025 0.05
7 0.4328125 0.21015625 0.05625 0.02890625
7 0.3171875 0.13046875 0.053125 0.03125
7 0.30078125 0.18671875 0.0453125 0.02734375
7 0.3703125 0.22890625 0.025 0.01640625
7 0.42890625 0.14140625 0.0296875 0.02109375
7 0.81953125 0.2625 0.0265625 0.025
7 0.90390625 0.134375 0.0265625 0.02265625
10 0.38828125 0.41015625 0.0890625 0.36640625
10 0.69453125 0.43359375 0.0484375 0.25
10 0.6484375 0.43046875 0.071875 0.31875
10 0.6671875 0.44453125 0.040625 0.25234375
10 0.14296875 0.4125 0.0546875 0.2875