1 0.49375 0.5604166671875 0.4921875 0.0666666671875 0.3453125 0.0354166671875 0.3328125 0.0354166671875 0.3375 0.20833333281250002 0.334375 0.60625 0.4984375 0.5979166671875 0.49375 0.5604166671875
14 0.740625 0.2979166671875 0.771875 0.38333333281250004 0.7765625 0.475 0.76875 0.5354166671875 0.75625 0.56875 0.7328125 0.6020833328124999 0.734375 0.6125 0.759375 0.6104166671875 0.771875 0.63125 0.8234375 0.6166666671875001 0.9203125 0.6270833328125 0.91875 0.6145833328125 0.8796875 0.5479166671875 0.86875 0.4875 0.8671875 0.4270833328125 0.8734375 0.36875 0.884375 0.325 0.9078125 0.275 0.8921875 0.25625 0.88125 0.25625 0.8796875 0.2541666671875 0.875 0.2604166671875 0.7875 0.2645833328125 0.740625 0.2833333328125 0.740625 0.2979166671875
15 0 0.9979166671874999 0.9984375 0.9979166671874999 0.9984375 0.6708333328125 0.9859375 0.6625 0.9234375 0.6541666671875 0.9140625 0.6395833328125 0.896875 0.6333333328124999 0.8375 0.625 0.7671875 0.64375 0.734375 0.6208333328125 0.728125 0.5916666671875 0.725 0.5916666671875 0.70625 0.6041666671875 0.7 0.61875 0.6859375 0.6229166671875 0.625 0.61875 0.6109375 0.6020833328124999 0.334375 0.6166666671875001 0.3203125 0.6 0.30625 0.5979166671875 0.3140625 0.625 0.309375 0.6395833328125 0.2890625 0.6395833328125 0.240625 0.6791666671875001 0.2125 0.6791666671875001 0.2046875 0.6520833328125 0.18125 0.6541666671875 0.1671875 0.68125 0.153125 0.6875 0.1359375 0.6875 0.1109375 0.6729166671875 0.109375 0.6583333328125 0.115625 0.6520833328125 0.1 0.6416666671875 0.10625 0.5958333328125 0.0671875 0.5958333328125 0.0734375 0.6333333328124999 0.059375 0.6583333328125 0.034375 0.6729166671875 0.0296875 0.6854166671875 0 0.6875 0 0.9979166671874999
7 0.296875 0.2875 0.296875 0.2791666671875 0.278125 0.2666666671875 0.271875 0.2520833328125 0.2703125 0.2520833328125 0.2546875 0.31875 0.2546875 0.3458333328125 0.265625 0.3645833328125 0.296875 0.2875
1 0.525 0.5979166671875 0.615625 0.5979166671875 0.61875 0.5916666671875 0.6203125 0.5708333328124999 0.60625 0.5104166671875 0.59375 0.5 0.6109375 0.33541666718749996 0.60625 0.30625 0.5921875 0.28125 0.5984375 0.2875 0.603125 0.28125 0.6 0.2541666671875 0.6140625 0.21458333281250003 0.6390625 0.1854166671875 0.64375 0.1270833328125 0.65625 0.10833333281249999 0.66875 0.10833333281249999 0.678125 0.11875 0.678125 0.07291666718749999 0.6703125 0.07291666718749999 0.5234375 0.0770833328125 0.5265625 0.32083333281250004 0.5203125 0.5916666671875 0.525 0.5979166671875
10 0.60625 0.25833333281250004 0.6046875 0.29375 0.615625 0.3375 0.6 0.4895833328125 0.6109375 0.5104166671875 0.625 0.56875 0.6234375 0.60625 0.6484375 0.6145833328125 0.6953125 0.6083333328125 0.671875 0.5791666671875 0.6703125 0.5458333328125 0.675 0.5125 0.684375 0.5083333328124999 0.696875 0.5208333328125 0.7015625 0.5041666671875 0.6984375 0.39791666718749996 0.6859375 0.31875 0.6890625 0.3020833328125 0.678125 0.28958333281250004 0.6890625 0.26875 0.690625 0.22916666718749998 0.68125 0.20833333281250002 0.6796875 0.1291666671875 0.6703125 0.1145833328125 0.6578125 0.1145833328125 0.6453125 0.13125 0.6421875 0.1875 0.6171875 0.21458333281250003 0.60625 0.25833333281250004
10 0.1453125 0 0.15625 0.0395833328125 0.1140625 0.075 0.1015625 0.13333333281249998 0.103125 0.2375 0.1171875 0.30416666718749996 0.1109375 0.43958333281249995 0.1359375 0.4604166671875 0.13125 0.5375 0.1375 0.6166666671875001 0.13125 0.6291666671875 0.1328125 0.6520833328125 0.1203125 0.66875 0.1359375 0.6770833328125 0.1640625 0.6708333328125 0.1640625 0.65625 0.153125 0.6520833328125 0.1703125 0.5291666671875 0.1703125 0.46875 0.178125 0.40833333281249995 0.184375 0.39791666718749996 0.190625 0.45416666718750004 0.2046875 0.46875 0.2109375 0.49583333281249997 0.2109375 0.5395833328124999 0.221875 0.6041666671875 0.2171875 0.66875 0.2359375 0.6708333328125 0.259375 0.65625 0.2390625 0.5958333328125 0.2453125 0.5125 0.25625 0.49375 0.2515625 0.47083333281249995 0.253125 0.39375 0.259375 0.3645833328125 0.253125 0.31875 0.2671875 0.2479166671875 0.265625 0.15 0.2546875 0.09375 0.203125 0.0375 0.2 0 0.1921875 0 0.1453125 0
10 0.953125 0.2875 0.953125 0.3333333328125 0.965625 0.4125 0.9671875 0.5166666671875 0.9921875 0.6333333328124999 0.9984375 0.6333333328124999 0.9984375 0.04375 0.99375 0.04375 0.9375 0.1 0.9234375 0.1854166671875 0.928125 0.23333333281250002 0.953125 0.2875
1 0 0 0 0.31875 0.009375 0.34375 0.00625 0.3770833328125 0.0125 0.4583333328125 0.00625 0.5020833328125 0.0125 0.50625 0.025 0.5 0.0484375 0.5041666671875 0.05 0.49791666718750005 0.05 0 0.0416666671875 0 0 0
14 0.30625 0.6333333328124999 0.309375 0.61875 0.2796875 0.575 0.259375 0.5104166671875 0.25625 0.5104166671875 0.25 0.5145833328125 0.24375 0.6125 0.25 0.6229166671875 0.30625 0.6333333328124999
14 0.21875 0.6291666671875 0.21875 0.59375 0.209375 0.5458333328125 0.20625 0.48125 0.2015625 0.46666666718750005 0.1828125 0.45208333281249996 0.1765625 0.45208333281249996 0.159375 0.625 0.175 0.6479166671875001 0.1859375 0.6479166671875001 0.21875 0.6291666671875