12 0.5640625 0.43958333281249995 0.5640625 0.45208333281249996 0.5765625 0.44166666718750003 0.575 0.45416666718750004 0.584375 0.4625 0.565625 0.47291666718750003 0.5671875 0.5041666671875 0.575 0.5104166671875 0.5671875 0.5145833328125 0.5671875 0.5270833328125 0.5921875 0.5395833328124999 0.5953125 0.5479166671875 0.61875 0.5458333328125 0.625 0.5604166671875 0.6359375 0.5541666671875001 0.6421875 0.56875 0.6546875 0.5604166671875 0.7078125 0.5916666671875 0.7484375 0.6 0.7625 0.6104166671875 0.809375 0.6083333328125 0.809375 0.6 0.8375 0.5958333328125 0.8515625 0.6145833328125 0.8875 0.6166666671875001 0.890625 0.60625 0.8859375 0.6020833328124999 0.8953125 0.5979166671875 0.909375 0.6145833328125 0.9984375 0.6166666671875001 0.9984375 0.2916666671875 0.8703125 0.29375 0.86875 0.2916666671875 0.8421875 0.3 0.759375 0.29375 0.715625 0.3125 0.5640625 0.43958333281249995
15 0 0.9979166671874999 0.9984375 0.9979166671874999 0.9984375 0.6229166671875 0.9890625 0.6270833328125 0.9859375 0.6479166671875001 0.9828125 0.6416666671875 0.9734375 0.6479166671875001 0.9703125 0.6375 0.959375 0.6333333328124999 0.9640625 0.6291666671875 0.9546875 0.6354166671875 0.9515625 0.6291666671875 0.921875 0.63125 0.9180743250000001 0.6271959453125 0.90625 0.6291666671875 0.90625 0.6354166671875 0.88125 0.6270833328125 0.8984375 0.6416666671875 0.8859375 0.64375 0.878125 0.6354166671875 0.875 0.6479166671875001 0.8640625 0.6520833328125 0.8234375 0.6520833328125 0.8140625 0.64375 0.8015625 0.6541666671875 0.778125 0.6541666671875 0.7671875 0.64375 0.75 0.6520833328125 0.7203125 0.6270833328125 0.6296875 0.5833333328125 0.559375 0.53125 0.5515625 0.5395833328124999 0.5484375 0.5229166671875001 0.5171875 0.5229166671875001 0.5109375 0.5145833328125 0.50234375 0.5145833328125 0.3140625 0.5354166671875 0.3109375 0.5666666671875 0.3015625 0.5833333328125 0.28125 0.5708333328124999 0.2828125 0.54375 0.275 0.54375 0.271875 0.56875 0.25 0.58125 0.24375 0.58125 0.228125 0.5520833328125 0.2125 0.55 0.1890625 0.5645833328125 0.1640625 0.5583333328125 0.1171875 0.5645833328125 0.1109375 0.5583333328125 0.0921875 0.5854166671875001 0.0328125 0.5916666671875 0.028125 0.6 0.0296875 0.725 0.021875 0.8083333328125001 0.0359375 0.86875 0.0421875 0.9375 0.0234375 0.9604166671875 0 0.9729166671874999 0 0.9979166671874999
5 0.306640625 0.3528645828125 0.3134765625 0.3723958328125 0.333984375 0.3736979171875 0.333984375 0.4205729171875 0.33984375 0.43359375 0.361328125 0.42578125 0.359375 0.3815104171875 0.3681640625 0.3802083328125 0.39453125 0.4205729171875 0.384765625 0.4466145828125 0.390625 0.5091145828125 0.427734375 0.51171875 0.515625 0.50390625 0.515625 0.3059895828125 0.3095703125 0.3046875 0.306640625 0.3528645828125
10 0.3623046875 0.3802083328125 0.357421875 0.3893229171875 0.36328125 0.40234375 0.3671875 0.5143229171875 0.375 0.5169270828125 0.3759765625 0.4791666671875 0.3828125 0.5169270828125 0.388671875 0.5169270828125 0.3828125 0.4466145828125 0.39453125 0.4231770828125 0.37109375 0.3841145828125 0.3623046875 0.3802083328125
7 0.375 0.32083333281250004 0.3703125 0.32083333281250004 0.3671875 0.3291666671875 0.3890625 0.3479166671875 0.3890625 0.3375 0.375 0.32083333281250004
7 0.646875 0.13333333281249998 0.675 0.13333333281249998 0.703125 0.1208333328125 0.7046875 0.1020833328125 0.684375 0.0895833328125 0.67421875 0.0895833328125 0.64375 0.0958333328125 0.6328125 0.10833333281249999 0.6328125 0.12291666718750001 0.646875 0.13333333281249998
7 0.925 0.1270833328125 0.9765625 0.12291666718750001 0.990625 0.10625 0.978125 0.09375 0.969375 0.09375 0.934375 0.09375 0.915625 0.1020833328125 0.9109375 0.1125 0.925 0.1270833328125
10 0.29296875 0.3033854171875 0.2705078125 0.296875 0.263671875 0.3138020828125 0.26953125 0.33984375 0.259765625 0.3502604171875 0.251953125 0.38671875 0.224609375 0.4283854171875 0.2353515625 0.4296875 0.26171875 0.3997395828125 0.255859375 0.4440104171875 0.2578125 0.54296875 0.244140625 0.5611979171875 0.2529296875 0.5703125 0.267578125 0.56640625 0.2734375 0.4830729171875 0.2822265625 0.4661458328125 0.294921875 0.5325520828125 0.294921875 0.55078125 0.287109375 0.56640625 0.302734375 0.5690104171875 0.30859375 0.52734375 0.30859375 0.36328125 0.296875 0.33984375 0.29296875 0.3033854171875
7 0.23828125 0.27734375 0.248046875 0.2747395828125 0.2470703125 0.25 0.23828125 0.2513020828125 0.23828125 0.27734375
7 0.246875 0.23541666718749998 0.246875 0.23333333281250002 0.23125 0.24375 0.2359375 0.28125 0.2484375 0.2708333328125 0.246875 0.23541666718749998
10 0.02734375 0.7252604171875 0.01953125 0.5872395828125 0.0888671875 0.578125 0.09375 0.5690104171875 0.076171875 0.4075520828125 0.0703125 0.2903645828125 0.0625 0.2513020828125 0.064453125 0.1705729171875 0.05859375 0.1158854171875 0.044921875 0.0221354171875 0.0322265625 0 0 0.0013020828125 0.001953125 0.96484375 0.0390625 0.93359375 0.02734375 0.8502604171874999 0.01953125 0.8424479171874999 0.02734375 0.7252604171875
7 0.0859375 0.2591145828125 0.09765625 0.24609375 0.0712890625 0.2421875 0.064453125 0.2513020828125 0.0859375 0.2591145828125
7 0.359375 0.1080729171875 0.3623046875 0.1276041671875 0.404296875 0.1393229171875 0.4326171875 0.1276041671875 0.431640625 0.1080729171875 0.3955078125 0.09895833281250001 0.359375 0.1080729171875
10 0.53515625 0.4309895828125 0.541015625 0.4361979171875 0.548828125 0.4752604171875 0.55078125 0.5143229171875 0.55859375 0.5169270828125 0.560546875 0.44140625 0.5703125 0.4205729171875 0.5537109375 0.390625 0.53515625 0.4309895828125
14 0.1328125 0.4622395828125 0.12890625 0.5455729171875 0.16796875 0.55078125 0.173828125 0.5403645828125 0.169921875 0.4153645828125 0.1181640625 0.4140625 0.1328125 0.4622395828125
10 0.2099609375 0.4322916671875 0.2109375 0.4231770828125 0.19921875 0.4049479171875 0.19921875 0.3424479171875 0.1845703125 0.3359375 0.16796875 0.37890625 0.169921875 0.44140625 0.17578125 0.4596354171875 0.171875 0.5481770828125 0.19921875 0.55078125 0.20703125 0.5455729171875 0.19921875 0.5091145828125 0.19921875 0.4283854171875 0.2099609375 0.4322916671875
10 0.1455078125 0.4088541671875 0.146484375 0.3971354171875 0.126953125 0.37109375 0.125 0.3502604171875 0.1123046875 0.3489583328125 0.099609375 0.3763020828125 0.1015625 0.4778645828125 0.115234375 0.5481770828125 0.12109375 0.55078125 0.126953125 0.5455729171875 0.130859375 0.4596354171875 0.1171875 0.4153645828125 0.1455078125 0.4088541671875
7 0.16015625 0.2669270828125 0.1669921875 0.2552083328125 0.146484375 0.2565104171875 0.1494140625 0.265625 0.16015625 0.2669270828125
7 0.126953125 0.28515625 0.1396484375 0.296875 0.162109375 0.2955729171875 0.169921875 0.2903645828125 0.1630859375 0.2786458328125 0.1318359375 0.2786458328125 0.126953125 0.28515625
7 0.552734375 0.13671875 0.5576171875 0.1510416671875 0.625 0.1497395828125 0.6328125 0.1419270828125 0.6298828125 0.07291666718749999 0.5546875 0.07421875 0.552734375 0.13671875
12 0.4677734375 0.06770833281250001 0.5234375 0.06640625 0.8466796875 0.0625 0.8984375 0.0013020828125 0.462890625 0.0013020828125 0.4677734375 0.06770833281250001