11 0.1984375 0.38828125 0.053125 0.36015625
5 0.553125 0.43203125 0.0625 0.17734375
12 0.8921875 0.47421875 0.209375 0.28125
15 0.4984375 0.753125 0.996875 0.48515625
7 0.03125 0.021875 0.0625 0.04375
7 0.5796875 0.03046875 0.09375 0.06015625
7 0.53828125 0.3125 0.0203125 0.0375
7 0.08125 0.15234375 0.06875 0.03359375
7 0.109375 0.10703125 0.034375 0.02265625
7 0.21015625 0.19765625 0.0421875 0.02109375
7 0.2875 0.25234375 0.046875 0.02109375
7 0.6984375 0.35625 0.015625 0.02890625
7 0.93046875 0.01875 0.1046875 0.0375
7 0.17109375 0.228125 0.0171875 0.01875
7 0.296875 0.21015625 0.025 0.01640625
7 0.23046875 0.26015625 0.0203125 0.0125
7 0.96953125 0.19921875 0.0234375 0.02265625
10 0.33515625 0.43359375 0.0609375 0.2375
10 0.49765625 0.44375 0.0390625 0.18359375
10 0.0234375 0.32734375 0.046875 0.62890625
10 0.12109375 0.43671875 0.0421875 0.23125
10 0.4609375 0.44609375 0.034375 0.2