11 0.60234375 0.26796875 0.0390625 0.53515625
11 0.1578125 0.45 0.178125 0.35390625
18 0.4703125 0.31015625 0.240625 0.36640625
5 0.175 0.32265625 0.140625 0.55390625
12 0.85546875 0.45859375 0.2828125 0.42890625
15 0.49921875 0.753125 0.9953125 0.48515625
7 0.44140625 0.10078125 0.0796875 0.03984375
7 0.1953125 0.09453125 0.04375 0.03515625
7 0.71328125 0.1 0.0796875 0.04140625
7 0.99453125 0.103125 0.0078125 0.03515625
7 0.71328125 0.06015625 0.0796875 0.1203125
10 0.63984375 0.43203125 0.0609375 0.22265625
10 0.06484375 0.32421875 0.1296875 0.64765625
10 0.71328125 0.43671875 0.0296875 0.18125
10 0.29296875 0.41015625 0.0828125 0.31640625