15 0.4984375 0.75234375 0.996875 0.4875
7 0.375 0.128125 0.04375 0.03515625
7 0.50546875 0.15859375 0.0296875 0.025
7 0.32421875 0.16875 0.0578125 0.02890625
7 0.12265625 0.01328125 0.0640625 0.0265625
7 0.540625 0.23203125 0.04375 0.02265625
7 0.82578125 0.353125 0.0171875 0.02265625
7 0.64140625 0.31953125 0.0328125 0.01484375
7 0.309375 0.00390625 0.0625 0.0078125
7 0.28046875 0.11171875 0.0296875 0.02265625
7 0.5375 0.278125 0.0375 0.01875
7 0.603125 0.29453125 0.025 0.01484375
7 0.5765625 0.31015625 0.021875 0.0125
7 0.5671875 0.26015625 0.01875 0.0125
7 0.85234375 0.0625 0.0921875 0.05390625
7 0.01328125 0.27265625 0.0265625 0.02890625
7 0.65703125 0.30078125 0.0171875 0.01015625
7 0.8671875 0.16796875 0.071875 0.03125
7 0.59609375 0.29453125 0.0109375 0.01015625
7 0.60859375 0.29609375 0.0140625 0.0125
14 0.4734375 0.48984375 0.325 0.40390625
10 0.35 0.37734375 0.09375 0.3875
10 0.76484375 0.46171875 0.0296875 0.13515625
10 0.79140625 0.46015625 0.0234375 0.12890625