15 0 0.9979166671874999 0.9984375 0.9979166671874999 0.9984375 0.56875 0.9453125 0.5625 0.9375 0.5625 0.90625 0.5645833328125 0.9046875 0.5833333328125 0.8953125 0.5958333328125 0.878125 0.5875 0.7578125 0.5875 0.684375 0.6 0.5796875 0.5958333328125 0.56875 0.6083333328125 0.5640625 0.6041666671875 0.5515625 0.6125 0.5125 0.6104166671875 0.48125 0.63125 0.4546875 0.6333333328124999 0.41875 0.61875 0.390625 0.6270833328125 0.3625 0.6166666671875001 0.3453125 0.6270833328125 0.2984375 0.63125 0.25625 0.65625 0.215625 0.6604166671875 0.1953125 0.65625 0.1890625 0.6375 0.184375 0.6458333328125 0.1421875 0.65 0.1421875 0.6604166671875 0.1265625 0.6604166671875 0.11366776249999999 0.6481359640625 0.0953125 0.6583333328125 0.090625 0.6541666671875 0.090625 0.5875 0.0640625 0.575 0.0640625 0.6333333328124999 0.0796875 0.6520833328125 0.053125 0.6791666671875001 0.05625 0.7145833328125 0.0484375 0.7270833328124999 0 0.7229166671875 0 0.9979166671874999
7 0.696875 0.1979166671875 0.69375 0.17916666718750002 0.6796875 0.1583333328125 0.671875 0.1583333328125 0.6703125 0.16875 0.678125 0.1833333328125 0.6890625 0.1979166671875 0.696875 0.1979166671875
7 0.696875 0.1854166671875 0.678125 0.1583333328125 0.6765625 0.1583333328125 0.6703125 0.16875 0.6859375 0.19583333281249998 0.6953125 0.1979166671875 0.696875 0.1854166671875
7 0.6703125 0.1375 0.6453125 0.09375 0.640625 0.09375 0.6375 0.11041666718750001 0.653125 0.1416666671875 0.6703125 0.1541666671875 0.6703125 0.1375
7 0.671875 0.15 0.671875 0.1395833328125 0.6453125 0.09375 0.640625 0.09375 0.6359375 0.10625 0.653125 0.1395833328125 0.6640625 0.1520833328125 0.671875 0.15
7 0.8828125 0.2770833328125 0.8859375 0.2645833328125 0.8921875 0.2645833328125 0.8921875 0.2520833328125 0.8859375 0.2416666671875 0.8859375 0.20416666718749998 0.8734375 0.2 0.871875 0.1979166671875 0.8625 0.20833333281250002 0.8625 0.26875 0.865625 0.2770833328125 0.8828125 0.2770833328125
7 0.203125 0.0979166671875 0.2171875 0.1125 0.225 0.08333333281250001 0.2171875 0.05208333281250001 0.2046875 0.04375 0.203125 0.04375 0.184375 0.054166667187499996 0.18125 0.09375 0.184375 0.1 0.203125 0.0979166671875
7 0.7859375 0.1979166671875 0.828125 0.20416666718749998 0.846875 0.19583333281249998 0.85 0.1833333328125 0.840625 0.1729166671875 0.846875 0.16875 0.8453125 0.1604166671875 0.8375 0.1604166671875 0.8359375 0.1604166671875 0.8140625 0.16458333281249998 0.8140625 0.1770833328125 0.7875 0.1854166671875 0.7859375 0.1979166671875
7 0.9859375 0.06875 0.975 0.06875 0.965625 0.0875 0.965625 0.1125 0.978125 0.11041666718750001 0.9859375 0.06875
10 0.325 0.2770833328125 0.3171875 0.3166666671875 0.3234375 0.3395833328125 0.3421875 0.3479166671875 0.3875 0.3479166671875 0.3890625 0.3083333328125 0.396875 0.3020833328125 0.4125 0.325 0.415625 0.34375 0.4390625 0.30416666718749996 0.4359375 0.28958333281250004 0.41875 0.3 0.39375 0.2645833328125 0.39375 0.20833333281250002 0.3796875 0.19375 0.375 0.19375 0.3640625 0.2125 0.3609375 0.24583333281250003 0.3359375 0.25625 0.325 0.2770833328125
10 0.175 0.5583333328125 0.1859375 0.5270833328125 0.1875 0.5 0.19375 0.49583333281249997 0.1875 0.48541666718750004 0.1953125 0.48125 0.1921875 0.47083333281249995 0.1828125 0.46875 0.1765625 0.46875 0.165625 0.5104166671875 0.1578125 0.5958333328125 0.1796875 0.5791666671875 0.175 0.5583333328125
10 0.0765625 0.2166666671875 0.0890625 0.3020833328125 0.0875 0.3729166671875 0.1 0.40208333281249997 0.103125 0.44375 0.0984375 0.5166666671875 0.103125 0.6208333328125 0.121875 0.6208333328125 0.1265625 0.525 0.146875 0.38125 0.146875 0.3708333328125 0.1328125 0.35 0.134375 0.3125 0.1140625 0.25833333281250004 0.1296875 0.13125 0.159375 0.1145833328125 0.1453125 0.0979166671875 0.1375 0.0979166671875 0.115625 0.11041666718750001 0.1109375 0.1520833328125 0.084375 0.1895833328125 0.0765625 0.2166666671875