7 0.6109375 0.11875 0.6203125 0.1166666671875 0.625 0.15 0.5828125 0.1625 0.578125 0.16875 0.5828125 0.1875 0.625 0.1895833328125 0.6421875 0.1770833328125 0.640625 0.16458333281249998 0.6265625 0.1520833328125 0.6265625 0.08125 0.625 0.08125 0.6171875 0.0895833328125 0.6203125 0.11041666718750001 0.609375 0.11041666718750001 0.6109375 0.11875
7 0.5953125 0.1916666671875 0.6328125 0.1854166671875 0.6421875 0.175 0.6296875 0.15625 0.621875 0.15625 0.590625 0.1583333328125 0.578125 0.16875 0.578125 0.18125 0.5953125 0.1916666671875
10 0.0046875 0 0 0.0333333328125 0 0.0979166671875 0.0078125 0.1520833328125 0 0.1916666671875 0 0.24375 0.01875 0.30416666718749996 0.0234375 0.375 0.0234375 0.41875 0.0046875 0.5229166671875001 0.0109375 0.6979166671875 0.003125 0.7479166671875 0.009375 0.75625 0.03125 0.75625 0.059375 0.7458333328125 0.0625 0.7270833328124999 0.071875 0.7166666671875 0.075 0.7229166671875 0.065625 0.73125 0.0734375 0.7395833328125 0.065625 0.7625 0.075 0.7708333328125 0.1796875 0.7645833328125 0.2 0.75625 0.2109375 0.7416666671875001 0.203125 0.7291666671875 0.1859375 0.7270833328124999 0.15625 0.7083333328125 0.1390625 0.6833333328125 0.1390625 0.66875 0.1265625 0.64375 0.128125 0.5479166671875 0.1484375 0.46666666718750005 0.1484375 0.38125 0.159375 0.2958333328125 0.15625 0.22916666718749998 0.1421875 0.19375 0.14375 0.1770833328125 0.1375 0.1729166671875 0.1453125 0.16875 0.1453125 0.1145833328125 0.1359375 0 0.127734375 0 0.0046875 0
7 0.64375 0.0875 0.675 0.0875 0.709375 0.07291666718749999 0.7140625 0.0625 0.7109375 0.0416666671875 0.6828125 0.029166667187500002 0.6734375 0.029166667187500002 0.63125 0.04375 0.621875 0.060416667187499995 0.6234375 0.075 0.64375 0.0875
16 0.9905133921875 0 0.765625 0.0041666671875 0.759375 0.0125 0.765625 0.0166666671875 0.7640625 0.0270833328125 0.75 0.03125 0.7421875 0.058333332812500006 0.6890625 0.14375 0.69375 0.81875 0.6734375 0.8166666671874999 0.665625 0.8333333328125001 0.66875 0.9145833328125 0.7125 0.9979166671874999 0.8078125 0.9979166671874999 0.8078125 0.9916666671875 0.8125 0.9979166671874999 0.9984375 0.9979166671874999 0.9984375 0 0.9905133921875 0
7 0.8296875 0.49583333281249997 0.8296875 0.3875 0.8265625 0.3875 0.809375 0.39791666718749996 0.8125 0.49583333281249997 0.81875 0.5020833328125 0.8296875 0.49583333281249997
7 0.3890625 0.1895833328125 0.403125 0.1770833328125 0.3953125 0.1583333328125 0.3625 0.1541666671875 0.3515625 0.1541666671875 0.3359375 0.1625 0.3375 0.175 0.3515625 0.1854166671875 0.3890625 0.1895833328125
10 0.5125 0.45 0.5265625 0.4375 0.5140625 0.40833333281249995 0.509375 0.40833333281249995 0.4953125 0.4458333328125 0.5 0.5208333328125 0.509375 0.51875 0.5125 0.45
10 0.1625 0.2875 0.15 0.3791666671875 0.1515625 0.45625 0.134375 0.53125 0.1296875 0.65 0.1421875 0.6729166671875 0.1421875 0.6854166671875 0.1578125 0.6916666671875 0.16875 0.6916666671875 0.171875 0.6583333328125 0.1578125 0.6520833328125 0.140625 0.6291666671875 0.140625 0.5708333328124999 0.1484375 0.5333333328125 0.1703125 0.5291666671875 0.178125 0.4375 0.184375 0.425 0.178125 0.2666666671875 0.2 0.25833333281250004 0.2234375 0.275 0.2328125 0.2479166671875 0.234375 0.1833333328125 0.2140625 0.1604166671875 0.2015625 0.0479166671875 0.1921875 0.0229166671875 0.178125 0.0083333328125 0.175 0.0083333328125 0.1546875 0.0166666671875 0.1421875 0.0333333328125 0.1484375 0.20416666718749998 0.1625 0.2875
10 0.2046875 0.5395833328124999 0.2140625 0.51875 0.225 0.5395833328124999 0.2375 0.5104166671875 0.24375 0.40833333281249995 0.228125 0.375 0.2203125 0.375 0.2078125 0.41041666718750003 0.2140625 0.4270833328125 0.2125 0.5125 0.2046875 0.5395833328124999
7 0.38125 0.075 0.3828125 0.04375 0.3484375 0.025 0.340625 0.025 0.3046875 0.0333333328125 0.296875 0.0666666671875 0.334375 0.08125 0.38125 0.075
15 0 0.9979166671874999 0.6984375 0.9979166671874999 0.7015625 0.99375 0.6859375 0.9708333328125001 0.684375 0.9541666671875 0.6734375 0.95 0.678125 0.9395833328125001 0.665625 0.9145833328125 0.6640625 0.8833333328125 0.6640625 0.8166666671874999 0.6859375 0.8166666671874999 0.6890625 0.8104166671874999 0.684375 0.5854166671875001 0.66875 0.60625 0.653125 0.60625 0.6453125 0.5958333328125 0.621875 0.60625 0.5296875 0.55 0.509375 0.55 0.496875 0.525 0.48125 0.53125 0.4671875 0.5208333328125 0.4328125 0.5229166671875001 0.43125 0.5208333328125 0.3296875 0.5270833328125 0.2796875 0.5395833328124999 0.24375 0.5375 0.2390625 0.5458333328125 0.228125 0.54375 0.228125 0.5520833328125 0.196875 0.54375 0.184375 0.5541666671875001 0.15 0.55 0.146875 0.61875 0.15625 0.6395833328125 0.1765625 0.6604166671875 0.1734375 0.6979166671875 0.1609375 0.7041666671875 0.2046875 0.725 0.2140625 0.7354166671875 0.2140625 0.7458333328125 0.2078125 0.7583333328124999 0.178125 0.7729166671875001 0.0734375 0.7791666671875 0.059375 0.7583333328124999 0 0.76875 0 0.9979166671874999
5 0.2921875 0.39375 0.3046875 0.3958333328125 0.3078125 0.44166666718750003 0.328125 0.45416666718750004 0.328125 0.4895833328125 0.334375 0.4875 0.3296875 0.4583333328125 0.3328125 0.42291666718750004 0.346875 0.3958333328125 0.3640625 0.4375 0.353125 0.46666666718750005 0.359375 0.51875 0.46875 0.50625 0.46875 0.33125 0.328125 0.3291666671875 0.31906249999999997 0.3291666671875 0.28125 0.33125 0.2828125 0.41875 0.2875 0.41875 0.2921875 0.39375
4 0.290625 0.53125 0.3109375 0.5229166671875001 0.3109375 0.475 0.2953125 0.46875 0.2828125 0.46875 0.2734375 0.47291666718750003 0.2734375 0.5 0.2796875 0.5208333328125 0.290625 0.53125
10 0.353125 0.5208333328125 0.353125 0.45208333281249996 0.3625 0.4375 0.346875 0.39791666718749996 0.3421875 0.39791666718749996 0.3328125 0.45416666718750004 0.3375 0.5208333328125 0.34375 0.49375 0.353125 0.5208333328125
14 0.2734375 0.50625 0.275 0.4583333328125 0.2734375 0.4583333328125 0.2546875 0.48125 0.2421875 0.5333333328125 0.284375 0.53125 0.2734375 0.50625
10 0.2390625 0.5333333328125 0.25 0.4875 0.265625 0.4770833328125 0.271875 0.45416666718750004 0.271875 0.4270833328125 0.259375 0.4 0.2546875 0.4 0.24375 0.43958333281249995 0.2453125 0.46666666718750005 0.234375 0.525 0.2390625 0.5333333328125
12 0.5109375 0.45625 0.5109375 0.5333333328125 0.55 0.5625 0.625 0.6 0.6875 0.5979166671875 0.6859375 0.375 0.6779017859375001 0.375 0.6296875 0.375 0.609375 0.38333333281250004 0.51875 0.4458333328125 0.5109375 0.45625
7 0.6171875 0.30416666718749996 0.6171875 0.3145833328125 0.6296875 0.3145833328125 0.6296875 0.30416666718749996 0.6171875 0.30416666718749996