15 0.48125 0.5708333328124999 0.4203125 0.58125 0.3765625 0.5791666671875 0.35625 0.59375 0.34375 0.59375 0.334375 0.6229166671875 0.325 0.6166666671875001 0.30625 0.6229166671875 0.290625 0.6083333328125 0.2796875 0.625 0.2515625 0.6291666671875 0.2359375 0.6041666671875 0.2 0.6 0.19375 0.6125 0.1390625 0.60625 0.1328125 0.625 0.0828125 0.61875 0.05625 0.6354166671875 0.0375 0.6229166671875 0.0046875 0.6270833328125 0 0.63125 0.003125 0.9979166671874999 0.9984375 0.9979166671874999 0.9984375 0.6541666671875 0.9765625 0.625 0.9734375 0.5645833328125 0.9046875 0.5583333328125 0.865625 0.5666666671875 0.85 0.5604166671875 0.840625 0.5458333328125 0.821875 0.54375 0.8046875 0.5520833328125 0.8109375 0.5979166671875 0.8015625 0.6083333328125 0.775 0.6104166671875 0.7671875 0.61875 0.7484375 0.6104166671875 0.740625 0.5583333328125 0.7328125 0.5479166671875 0.7375 0.54375 0.6671875 0.54375 0.66875 0.5416666671875 0.65 0.5583333328125 0.546875 0.5625 0.528125 0.575 0.48125 0.5708333328124999
5 0.490625 0.29375 0.509375 0.2875 0.5171875 0.3166666671875 0.53125 0.325 0.5421875 0.3541666671875 0.5328125 0.4625 0.540625 0.4770833328125 0.5625 0.4875 0.5671875 0.5416666671875 0.65625 0.5395833328124999 0.6609375 0.5333333328125 0.7375 0.5375 0.7421875 0.4770833328125 0.7265625 0.3770833328125 0.728125 0.2875 0.746875 0.21875 0.759375 0.20208333281250002 0.7875 0.2104166671875 0.79375 0.2208333328125 0.7953125 0.2541666671875 0.809375 0.2833333328125 0.8234375 0.3916666671875 0.84375 0.42083333281249996 0.8515625 0.24375 0.852638121875 0.12369159375000001 0.4703125 0.1833333328125 0.471875 0.27291666718749996 0.4875 0.2791666671875 0.490625 0.29375
7 0.6328125 0.27291666718749996 0.634375 0.2625 0.5984375 0.2166666671875 0.5953125 0.2166666671875 0.5890625 0.22291666718749997 0.590625 0.23541666718749998 0.6171875 0.2666666671875 0.6328125 0.27291666718749996
7 0.2125 0.1375 0.2125 0.1604166671875 0.2234375 0.1520833328125 0.21875 0.1375 0.2125 0.1375
7 0 0.0416666671875 0.0015625 0.0208333328125 0 0.0208333328125 0 0.0416666671875
10 0 0.3583333328125 0.015625 0.36666666718749996 0.0296875 0.3875 0.01875 0.46875 0.0203125 0.5770833328125 0.0234375 0.5854166671875001 0.04375 0.5833333328125 0.0421875 0.54375 0.0484375 0.5270833328125 0.0640625 0.6041666671875 0.071875 0.60625 0.08125 0.59375 0.075 0.5333333328125 0.0703125 0.5270833328125 0.06875 0.5583333328125 0.0625 0.5625 0.059375 0.5125 0.0953125 0.4166666671875 0.096875 0.3875 0.078125 0.35208333281250004 0.0015625 0.2854166671875 0 0.2854166671875 0 0.3583333328125
10 0.5015625 0.49583333281249997 0.509375 0.5583333328125 0.528125 0.5604166671875 0.528125 0.4625 0.5421875 0.3583333328125 0.534375 0.3333333328125 0.5171875 0.3166666671875 0.50625 0.2875 0.5015625 0.2875 0.490625 0.3 0.49375 0.31875 0.5109375 0.3375 0.5015625 0.49583333281249997
10 0.2859375 0.27291666718749996 0.2875 0.325 0.28125 0.33125 0.2859375 0.375 0.2703125 0.4625 0.26875 0.58125 0.2640625 0.59375 0.2484375 0.5958333328125 0.253125 0.6104166671875 0.28125 0.6 0.2890625 0.56875 0.2875 0.525 0.3015625 0.47083333281249995 0.315625 0.5354166671875 0.3171875 0.58125 0.3109375 0.60625 0.3328125 0.6041666671875 0.3359375 0.5166666671875 0.33125 0.4791666671875 0.35 0.40833333281249995 0.34375 0.3458333328125 0.3609375 0.3416666671875 0.3625 0.3229166671875 0.3484375 0.2604166671875 0.3375 0.25 0.321875 0.1979166671875 0.303125 0.18125 0.3015625 0.18125 0.2828125 0.20208333281250002 0.284375 0.225 0.296875 0.2541666671875 0.2859375 0.27291666718749996
14 0.290625 0.5770833328125 0.29375 0.5854166671875001 0.30625 0.5875 0.3125 0.5666666671875 0.3 0.5395833328124999 0.296875 0.5354166671875 0.2921875 0.5395833328124999 0.290625 0.5604166671875 0.2953125 0.5666666671875 0.290625 0.5770833328125
10 0.303125 0.4770833328125 0.3015625 0.475 0.2953125 0.51875 0.3109375 0.55625 0.3125 0.5291666671875 0.303125 0.4770833328125
10 0.358662078125 0.57034303125 0.36182674375 0.5893310234375 0.3828125 0.5791666671875 0.3971655078125 0.573859325 0.3966380640625 0.5661234765625001 0.3734375 0.55625 0.359375 0.45416666718750004 0.3640625 0.4125 0.35625 0.3458333328125 0.35 0.3458333328125 0.3453125 0.35625 0.3515625 0.40625 0.3328125 0.48125 0.358662078125 0.57034303125
10 0.740625 0.44166666718750003 0.7421875 0.5395833328124999 0.7546875 0.6083333328125 0.76875 0.6041666671875 0.7640625 0.53125 0.771875 0.4479166671875 0.778125 0.45 0.784375 0.49375 0.7796875 0.5916666671875 0.79375 0.5979166671875 0.803125 0.59375 0.7953125 0.5625 0.803125 0.5229166671875001 0.8078125 0.425 0.8125 0.42083333281249996 0.8328125 0.43958333281249995 0.8359375 0.43125 0.81875 0.38125 0.80625 0.275 0.7953125 0.25833333281250004 0.7921875 0.2166666671875 0.7640625 0.20625 0.7625 0.20416666718749998 0.7484375 0.2166666671875 0.7296875 0.29375 0.73125 0.4125 0.740625 0.44166666718750003
10 0.3953125 0.43541666718750005 0.425 0.43958333281249995 0.4328125 0.43541666718750005 0.4390625 0.36875 0.428125 0.35 0.4234375 0.31875 0.415625 0.31875 0.4109375 0.3479166671875 0.396875 0.3625 0.39375 0.3770833328125 0.3953125 0.43541666718750005
14 0.4734375 0.5666666671875 0.496875 0.5541666671875001 0.5078125 0.55625 0.5 0.49583333281249997 0.5046875 0.40833333281249995 0.5015625 0.40208333281249997 0.478125 0.40208333281249997 0.4765625 0.40208333281249997 0.4625 0.40416666718750005 0.4578125 0.4125 0.478125 0.44375 0.4734375 0.5666666671875
14 0.23125 0.5041666671875 0.215625 0.5583333328125 0.196875 0.5833333328125 0.2 0.59375 0.2453125 0.5958333328125 0.265625 0.5833333328125 0.271875 0.43125 0.284375 0.3729166671875 0.2828125 0.3604166671875 0.2703125 0.35625 0.259375 0.35625 0.215625 0.3583333328125 0.2078125 0.36666666718749996 0.228125 0.41875 0.23125 0.5041666671875
3 0.056909939062500005 0.6446179734374999 0.060703934375000004 0.6352233171874999 0.06829192656250001 0.5109247828125 0.119239871875 0.5123701140625 0.115445875 0.62004733125 0.1170718734375 0.6222153296874999 0.12194986875 0.5268234328125 0.124117865625 0.5593433984375 0.13278985625 0.626551325 0.136041853125 0.6193246671875 0.1279118625 0.5434447484375 0.1279118625 0.5087567859375 0.1609375 0.5166666671875 0.1703125 0.5145833328125 0.17614981093749998 0.51309278125 0.194035790625 0.6135433390625 0.1983717859375 0.61209800625 0.18265380312499999 0.50514345625 0.1875 0.4145833328125 0.146875 0.40833333281249995 0.1328125 0.40833333281249995 0.1203125 0.5 0.061245934375 0.5015301265625001 0.0601619359375 0.5116474484375 0.056909939062500005 0.6446179734374999
12 0.984375 0.5979166671875 0.9828125 0.6208333328125 0.9953125 0.6395833328125 0.9984375 0.3270833328125 0.996875 0.3270833328125 0.9765625 0.3458333328125 0.975 0.4145833328125 0.978125 0.5833333328125 0.984375 0.5979166671875
4 0.4671875 0.5583333328125 0.4765625 0.54375 0.4765625 0.4458333328125 0.46875 0.44375 0.465625 0.45625 0.4625 0.4479166671875 0.4578125 0.45416666718750004 0.440625 0.45208333281249996 0.4296875 0.44166666718750003 0.3984375 0.4375 0.39375 0.4375 0.359375 0.4458333328125 0.3765625 0.55625 0.3875 0.5625 0.4671875 0.5583333328125
5 0.7755046 0.4405644421875 0.7671875 0.5083333328124999 0.7703125 0.5375 0.7796875 0.5291666671875 0.784885703125 0.47808885625 0.7755046 0.4405644421875
5 0.509375 0.33541666718749996 0.49375 0.31875 0.4921875 0.31875 0.4890625 0.3770833328125 0.49375 0.3895833328125 0.5015625 0.3916666671875 0.509375 0.33541666718749996
5 0.83125 0.44375 0.8125 0.4291666671875 0.8109375 0.4291666671875 0.8046875 0.5291666671875 0.84375 0.5291666671875 0.8453125 0.43125 0.83125 0.44375
7 0 0.125 0.029185656250000004 0.1334201453125 0.034375 0.1208333328125 0.034375 0.10625 0.009375 0.0958333328125 0 0.0958333328125 0 0.125
11 0.1078125 0 0.1046875 0.4 0.125 0.4270833328125 0.134375 0.40416666718750005 0.1875 0.4145833328125 0.1828125 0.5145833328125 0.19375 0.5770833328125 0.2125 0.5541666671875001 0.2140625 0.3916666671875 0.20625 0.36666666718749996 0.2125 0.3541666671875 0.2078125 0.31875 0.2140625 0.08333333281250001 0.2125 0.0416666671875 0.1859375 0.0208333328125 0.178125 0 0.1703125 0 0.1078125 0
7 0.1046875 0.0354166671875 0.1 0.05 0.10625 0.054166667187499996 0.1078125 0.0354166671875 0.1046875 0.0354166671875
11 0.1125 0.4583333328125 0.1078125 0.4583333328125 0.10625 0.49791666718750005 0.11875 0.49791666718750005 0.1203125 0.46666666718750005 0.1125 0.4583333328125
11 0.1125 0.5104166671875 0.1078125 0.5104166671875 0.1046875 0.5583333328125 0.1140625 0.5770833328125 0.115625 0.5166666671875 0.1125 0.5104166671875
11 0.1796875 0.575 0.1875 0.575 0.1761562859375 0.5170030671875 0.1302931109375 0.5128336874999999 0.1355048359375 0.5739845875 0.15625 0.5770833328125 0.171875 0.5770833328125 0.1796875 0.575