11 0.61640625 0.26875 0.0390625 0.5375
11 0.2234375 0.459375 0.146875 0.31015625
11 0.696875 0.428125 0.0375 0.22265625
18 0.4890625 0.31875 0.23125 0.35390625
12 0.85859375 0.45703125 0.2796875 0.41015625
15 0.4984375 0.75390625 0.996875 0.48359375
7 0.46015625 0.11796875 0.0765625 0.03984375
7 0.72421875 0.11171875 0.0765625 0.03984375
7 0.2265625 0.11640625 0.04375 0.03359375
10 0.1375 0.35390625 0.14375 0.55859375
10 0.6640625 0.434375 0.05625 0.21484375
10 0.3296875 0.421875 0.071875 0.28984375