7 0.7109375 0.1541666671875 0.7578125 0.1458333328125 0.765625 0.13333333281249998 0.7515625 0.1145833328125 0.742578125 0.1145833328125 0.7109375 0.1166666671875 0.69375 0.13125 0.69375 0.14375 0.7109375 0.1541666671875
5 0.403125 0.3791666671875 0.4078125 0.43125 0.41875 0.43125 0.4265625 0.44375 0.434375 0.3875 0.440625 0.38333333281250004 0.4453125 0.3895833328125 0.4625 0.42291666718750004 0.4546875 0.4479166671875 0.4609375 0.5083333328124999 0.5328125 0.5083333328124999 0.5375 0.47083333281249995 0.5296875 0.44166666718750003 0.5515625 0.39791666718749996 0.565625 0.43125 0.5640625 0.5 0.5765625 0.5020833328125 0.5765625 0.3166666671875 0.3890625 0.3166666671875 0.3875 0.3145833328125 0.38125 0.32083333281250004 0.384375 0.39791666718749996 0.3921875 0.3770833328125 0.403125 0.3791666671875
10 0.4546875 0.5145833328125 0.4515625 0.4479166671875 0.4609375 0.42291666718750004 0.440625 0.3854166671875 0.4375 0.3854166671875 0.43125 0.4145833328125 0.4359375 0.5166666671875 0.4484375 0.5166666671875 0.4546875 0.5145833328125
7 0.4421875 0.3291666671875 0.4390625 0.3291666671875 0.4390625 0.3395833328125 0.45625 0.35625 0.45625 0.3458333328125 0.4421875 0.3291666671875
10 0 0 0 0.9979166671874999 0.0484375 0.9979166671874999 0.06875 0.9895833328125001 0.121875 0.9541666671875 0.1390625 0.925 0.1390625 0.90625 0.1296875 0.8875 0.0984375 0.875 0.078125 0.85625 0.078125 0.8104166671874999 0.0703125 0.7979166671875 0.0703125 0.75 0.0765625 0.73125 0.1125 0.7333333328125 0.109375 0.7395833328125 0.125 0.73125 0.06875 0.68125 0.0671875 0.65625 0.075 0.61875 0.0703125 0.6145833328125 0.075 0.6041666671875 0.06875 0.5791666671875 0.0703125 0.54375 0.0953125 0.5333333328125 0.1125 0.5395833328124999 0.134375 0.5333333328125 0.1453125 0.54375 0.159375 0.5125 0.1328125 0.2666666671875 0.1125 0.16875 0.1375 0.16458333281249998 0.159375 0.1875 0.2296875 0.19375 0.259375 0.225 0.2671875 0.2208333328125 0.2828125 0.23125 0.29375 0.225 0.2859375 0.20416666718749998 0.2578125 0.17916666718750002 0.2671875 0.15625 0.2484375 0.1666666671875 0.215625 0.1666666671875 0.165625 0.14375 0.1484375 0.0979166671875 0.1421875 0 0.13428819375 0 0 0
10 0 0 0 0.91875 0.1046875 0.91875 0.1 0.9166666671874999 0.103125 0.9104166671874999 0.0671875 0.9145833328125 0.0640625 0.9083333328125001 0.075 0.9 0.0765625 0.90625 0.125 0.9020833328125001 0.1203125 0.8875 0.078125 0.8604166671875 0.0765625 0.7833333328125 0.0703125 0.7791666671875 0.06875 0.7645833328125 0.0765625 0.73125 0.06875 0.7104166671875001 0.078125 0.7041666671875 0.06875 0.7 0.06875 0.6895833328125 0.0625 0.7 0.0625 0.68125 0.0671875 0.6791666671875001 0.0625 0.6583333328125 0.06875 0.6541666671875 0.06875 0.63125 0.0625 0.6270833328125 0.0703125 0.6208333328125 0.0640625 0.6104166671875 0.06875 0.6020833328124999 0.0625 0.5958333328125 0.06875 0.5895833328125 0.0625 0.5791666671875 0.06875 0.5604166671875 0.06875 0.5208333328125 0.0625 0.49791666718750005 0.065625 0.4458333328125 0.0765625 0.4125 0.09375 0.20208333281250002 0.103125 0.1666666671875 0.1109375 0.15625 0.121875 0.1541666671875 0.13125 0.1625 0.134375 0.1541666671875 0.159375 0.1854166671875 0.2171875 0.1875 0.2359375 0.19375 0.2625 0.22291666718749997 0.29375 0.225 0.2859375 0.20416666718749998 0.2578125 0.18125 0.2671875 0.1583333328125 0.215625 0.1708333328125 0.1734375 0.1541666671875 0.15625 0.13333333281249998 0.1453125 0.0895833328125 0.1453125 0.0208333328125 0.140625 0 0.128125 0 0.1201171875 0 0 0
7 0.2578125 0.3020833328125 0.25625 0.29375 0.24375 0.28958333281250004 0.23359375 0.28958333281250004 0.2234375 0.28958333281250004 0.21875 0.2979166671875 0.23125 0.30625 0.2578125 0.3020833328125
10 0.5390625 0.5333333328125 0.5515625 0.48541666718750004 0.55625 0.5270833328125 0.5625 0.5083333328124999 0.5625 0.425 0.553125 0.39791666718749996 0.5515625 0.3958333328125 0.5328125 0.4375 0.5328125 0.4479166671875 0.5390625 0.4458333328125 0.5390625 0.5333333328125
15 0.346875 0.5375 0.3359375 0.5520833328125 0.3421875 0.5520833328125 0.340625 0.5625 0.328125 0.5625 0.325 0.5479166671875 0.309375 0.5625 0.2984375 0.5625 0.2953125 0.5479166671875 0.2203125 0.5541666671875001 0.2109375 0.5458333328125 0.1828125 0.5625 0.1578125 0.5625 0.153125 0.5791666671875 0.1265625 0.5791666671875 0.1078125 0.59375 0.0953125 0.59375 0.0875 0.5833333328125 0.0796875 0.65625 0.0921875 0.66875 0.096875 0.6854166671875 0.121875 0.6979166671875 0.1265625 0.7145833328125 0.140625 0.725 0.1375 0.75 0.103125 0.7666666671875 0.1 0.8083333328125001 0.0875 0.84375 0.0984375 0.8645833328125001 0.1328125 0.88125 0.1453125 0.91875 0.1390625 0.9416666671874999 0.11875 0.9666666671874999 0.0765625 0.99375 0.9984375 0.9979166671874999 0.9984375 0.6145833328125 0.9859375 0.61875 0.975 0.6354166671875 0.965625 0.6354166671875 0.9578125 0.6125 0.9125 0.6291666671875 0.771875 0.6291666671875 0.7109375 0.5895833328125 0.6578125 0.5666666671875 0.6375 0.5458333328125 0.6171875 0.54375 0.6078125 0.5229166671875001 0.5796875 0.53125 0.575 0.5166666671875 0.565625 0.5166666671875 0.5609375 0.5520833328125 0.55625 0.5541666671875001 0.5515625 0.5333333328125 0.540625 0.5479166671875 0.525 0.51875 0.5125 0.5166666671875 0.509375 0.5166666671875 0.39375 0.5375 0.3765625 0.5333333328125 0.371875 0.5479166671875 0.346875 0.5375
12 0.625 0.475 0.63125 0.48333333281249996 0.6265625 0.4791666671875 0.625 0.4916666671875 0.6296875 0.48541666718750004 0.63125 0.49791666718750005 0.6265625 0.49583333281249997 0.625 0.50625 0.634375 0.5083333328124999 0.625 0.5145833328125 0.625 0.5291666671875 0.659375 0.5604166671875 0.7609375 0.6125 0.7671875 0.625 0.915625 0.6270833328125 0.9296875 0.6145833328125 0.95 0.6229166671875 0.9546875 0.6104166671875 0.9640625 0.63125 0.9984375 0.625 0.9984375 0.3333333328125 0.83125 0.3333333328125 0.8296875 0.33125 0.7765625 0.33541666718749996 0.753125 0.3458333328125 0.6265625 0.4375 0.625 0.475
10 0.6203125 0.43958333281249995 0.634375 0.4270833328125 0.621875 0.39375 0.61875 0.39375 0.603125 0.43333333281249997 0.6109375 0.5166666671875 0.61875 0.5145833328125 0.6203125 0.43958333281249995