15 0 0.9979166671874999 0.9984375 0.9979166671874999 0.9984375 0.5770833328125 0.9484375 0.5666666671875 0.9078125 0.5666666671875 0.875 0.5770833328125 0.871875 0.5708333328124999 0.8453125 0.5708333328124999 0.8375 0.5583333328125 0.725 0.5541666671875001 0.7203125 0.5541666671875001 0.7171875 0.5604166671875 0.5375 0.56875 0.4828125 0.5854166671875001 0.4328125 0.5791666671875 0.428125 0.5854166671875001 0.33125 0.5916666671875 0.2953125 0.6020833328124999 0.2671875 0.59375 0.2546875 0.6041666671875 0.246875 0.625 0.228125 0.6270833328125 0.2328125 0.6375 0.215625 0.6729166671875 0.2 0.6770833328125 0.1734375 0.6666666671875 0.109375 0.6708333328125 0.1046875 0.65625 0.11875 0.6395833328125 0.1296875 0.6375 0.13125 0.625 0.103125 0.625 0.0875 0.6166666671875001 0.0765625 0.6375 0.059375 0.625 0.0125 0.625 0 0.64375 0 0.9979166671874999
10 0.153125 0.0979166671875 0.1375 0.125 0.1375 0.1458333328125 0.1140625 0.21875 0.115625 0.24583333281250003 0.1421875 0.2416666671875 0.1375 0.3625 0.1609375 0.5041666671875 0.15625 0.6104166671875 0.146875 0.63125 0.1109375 0.6604166671875 0.1765625 0.6520833328125 0.178125 0.6104166671875 0.1890625 0.6020833328124999 0.1953125 0.475 0.2046875 0.51875 0.20625 0.6104166671875 0.2015625 0.63125 0.184375 0.65625 0.184375 0.66875 0.1921875 0.66875 0.21875 0.6583333328125 0.21875 0.6125 0.234375 0.58125 0.2375 0.50625 0.2328125 0.4375 0.240625 0.33541666718749996 0.2265625 0.2708333328125 0.25625 0.2645833328125 0.259375 0.24375 0.240625 0.1458333328125 0.2171875 0.1125 0.19375 0.04375 0.178125 0.029166667187500002 0.16875 0.029166667187500002 0.159375 0.029166667187500002 0.1484375 0.0416666671875 0.1453125 0.0645833328125 0.153125 0.0979166671875
7 0.1484375 0.0875 0.1265625 0.0770833328125 0.121875 0.0770833328125 0.11875 0.11041666718750001 0.14375 0.11041666718750001 0.1515625 0.0979166671875 0.1484375 0.0875
5 0.4734375 0.2541666671875 0.4890625 0.29375 0.5015625 0.2979166671875 0.5109375 0.33125 0.5125 0.35625 0.4984375 0.4625 0.5046875 0.4791666671875 0.528125 0.48333333281249996 0.5359375 0.49375 0.534375 0.5458333328125 0.5203125 0.5479166671875 0.521875 0.55625 0.5515625 0.5625 0.7421875 0.55 0.840625 0.5520833328125 0.8515625 0.0916666671875 0.84375 0.0916666671875 0.4328125 0.1395833328125 0.4359375 0.2416666671875 0.4578125 0.25625 0.4734375 0.2541666671875
7 0.6046875 0.23541666718749998 0.571875 0.1916666671875 0.565625 0.1916666671875 0.565625 0.20625 0.596875 0.2479166671875 0.6046875 0.2479166671875 0.6046875 0.23541666718749998
10 0.24375 0.3375 0.2375 0.47083333281249995 0.2515625 0.5770833328125 0.2625 0.5791666671875 0.26875 0.5666666671875 0.2703125 0.5208333328125 0.275 0.5729166671875 0.2828125 0.5875 0.29375 0.5895833328125 0.315625 0.5625 0.3078125 0.47291666718750003 0.278125 0.45 0.2859375 0.4145833328125 0.2921875 0.425 0.2890625 0.43541666718750005 0.303125 0.43541666718750005 0.3046875 0.4166666671875 0.2859375 0.2791666671875 0.2875 0.2520833328125 0.275 0.23333333281250002 0.2734375 0.23333333281250002 0.265625 0.2375 0.2625 0.2625 0.2375 0.2854166671875 0.24375 0.3375
14 0.4390625 0.4375 0.4375 0.5666666671875 0.46875 0.5604166671875 0.4625 0.49375 0.46875 0.43958333281249995 0.4640625 0.3875 0.4559375 0.3875 0.4171875 0.3916666671875 0.41875 0.40625 0.44375 0.4270833328125 0.4390625 0.4375
10 0.4765625 0.3083333328125 0.4703125 0.44166666718750003 0.4625 0.4770833328125 0.471875 0.55625 0.4640625 0.56875 0.475 0.5729166671875 0.496875 0.5666666671875 0.49375 0.4583333328125 0.5109375 0.3416666671875 0.5 0.3 0.484375 0.2875 0.4703125 0.25625 0.4625 0.25625 0.4546875 0.2645833328125 0.453125 0.28125 0.4625 0.3 0.4765625 0.3083333328125
10 0.3453125 0.38125 0.353125 0.3958333328125 0.3484375 0.4145833328125 0.353125 0.42291666718750004 0.3890625 0.41875 0.3859375 0.40416666718750005 0.390625 0.39375 0.409375 0.3895833328125 0.4078125 0.36666666718749996 0.3890625 0.3375 0.3921875 0.2979166671875 0.384375 0.2916666671875 0.38125 0.2916666671875 0.3734375 0.2979166671875 0.36875 0.325 0.35 0.34375 0.3453125 0.38125
5 0.4578125 0.29375 0.4578125 0.28958333281250004 0.45625 0.35625 0.465625 0.3583333328125 0.4671875 0.2979166671875 0.4578125 0.29375
14 0.2359375 0.5791666671875 0.2359375 0.5770833328125 0.228125 0.60625 0.2484375 0.6083333328125 0.25 0.5958333328125 0.2359375 0.5791666671875
14 0.196875 0.4875 0.1890625 0.6041666671875 0.2015625 0.6020833328124999 0.196875 0.4895833328125 0.196875 0.4875
14 0.121875 0.5583333328125 0.0921875 0.6083333328125 0.1265625 0.6083333328125 0.1453125 0.61875 0.15625 0.5895833328125 0.1578125 0.4916666671875 0.1375 0.39375 0.134375 0.31875 0.1234375 0.31875 0.1046875 0.3333333328125 0.128125 0.3916666671875 0.1328125 0.5125 0.121875 0.5583333328125
4 0.3171875 0.5583333328125 0.325 0.5666666671875 0.3453125 0.56875 0.3921875 0.5625 0.403125 0.575 0.40625 0.5625 0.43125 0.5625 0.4375 0.5354166671875 0.4375 0.4375 0.409375 0.4458333328125 0.3921875 0.44166666718750003 0.3828125 0.4291666671875 0.346875 0.425 0.34375 0.425 0.315625 0.4291666671875 0.3171875 0.45625 0.309375 0.49375 0.3171875 0.5583333328125
11 0 0 0 0.22291666718749997 0.0203125 0.2166666671875 0.0390625 0.23125 0.053125 0.275 0.053125 0.30416666718749996 0.0703125 0.3270833328125 0.0796875 0.3604166671875 0.08125 0.42291666718750004 0.065625 0.43541666718750005 0.0625 0.48541666718750004 0.0703125 0.575 0.0796875 0.6041666671875 0.1046875 0.5833333328125 0.11875 0.5520833328125 0.1203125 0.3770833328125 0.103125 0.33541666718749996 0.1125 0.31875 0.10625 0.275 0.1125 0.2520833328125 0.1078125 0.21875 0.1203125 0.1708333328125 0.11875 0 0.1108333328125 0 0 0
10 0 0.3854166671875 0.059375 0.3875 0.0671875 0.39791666718749996 0.065625 0.4270833328125 0.075 0.4270833328125 0.0796875 0.3854166671875 0.071875 0.33541666718749996 0.05 0.30416666718749996 0.0515625 0.2791666671875 0.0375 0.23541666718749998 0.0203125 0.21875 0.0109375 0.21875 0 0.225 0 0.3854166671875
3 0 0.5067006015625 0.0547213109375 0.51497259375 0.071875 0.6229166671875 0.0756672828125 0.62457635625 0.0609275015625 0.5191085703125 0.059375954687499996 0.5056666078125 0.0671875 0.3916666671875 0.009375 0.38333333281250004 0.0046875 0.38333333281250004 0 0.3875 0 0.5067006015625
11 0.88125 0 0.8609375 0.0041666671875 0.85625 0.375 0.8591617140625001 0.563077225 0.90026481875 0.5787298671875 0.8953125 0.5479166671875 0.9073109515625 0 0.88125 0
11 0 0.5875 0.04375 0.5875 0.0484375 0.5833333328125 0.0421875 0.5479166671875 0.046875 0.5270833328125 0.0390625 0.5125 0.015625 0.5125 0.0125 0.5083333328124999 0 0.5104166671875 0 0.5875