10 0.0703125 0 0.0328125 0.0270833328125 0.0234375 0.0416666671875 0.01875 0.0875 0.015625 0.1979166671875 0.04375 0.2541666671875 0.0484375 0.3229166671875 0.0546875 0.3333333328125 0.06875 0.3375 0.08125 0.40833333281249995 0.071875 0.61875 0.078125 0.6875 0.0984375 0.6854166671875 0.1078125 0.675 0.109375 0.6375 0.11875 0.6395833328125 0.1265625 0.6541666671875 0.1703125 0.675 0.190625 0.6729166671875 0.171875 0.6416666671875 0.165625 0.6125 0.2140625 0.4375 0.1984375 0.3020833328125 0.1734375 0.1666666671875 0.178125 0.1625 0.24375 0.2520833328125 0.2625 0.2416666671875 0.2609375 0.22291666718749997 0.203125 0.125 0.1734375 0.0208333328125 0.1671875 0.010416667187500001 0.1421875 0 0.1342013890625 0 0.0703125 0
7 0.6953125 0.1604166671875 0.671875 0.1125 0.6640625 0.1125 0.6609375 0.1208333328125 0.6765625 0.15625 0.69375 0.1708333328125 0.6953125 0.1604166671875
7 0.6921875 0.1708333328125 0.69375 0.15625 0.6703125 0.1125 0.665625 0.1125 0.6609375 0.1208333328125 0.6671875 0.1375 0.6828125 0.1666666671875 0.6921875 0.1708333328125
5 0.7625 0.3708333328125 0.753125 0.3770833328125 0.7546875 0.3916666671875 0.759375 0.3895833328125 0.7640625 0.40208333281249997 0.7609375 0.5166666671875 0.7671875 0.5583333328125 0.903125 0.5625 0.9125 0.55625 0.91875 0.56875 0.9234375 0.5458333328125 0.9984375 0.5416666671875 0.9984375 0.2479166671875 0.99375 0.24583333281250003 0.9984375 0.1875 0.9921875 0.1833333328125 0.9984375 0.14791666718750002 0.9375 0.1583333328125 0.934375 0.0958333328125 0.928125 0.09375 0.921875 0.09375 0.9109375 0.11041666718750001 0.8796875 0.1041666671875 0.7671875 0.1291666671875 0.7625 0.3708333328125
7 0.81875 0.1875 0.8484375 0.1770833328125 0.8515625 0.1604166671875 0.8453125 0.14375 0.8328125 0.14791666718750002 0.8234375 0.1354166671875 0.815625 0.1354166671875 0.7796875 0.1416666671875 0.7734375 0.1604166671875 0.7796875 0.18125 0.81875 0.1875
7 0.6609375 0.1020833328125 0.6625 0.0895833328125 0.6421875 0.0458333328125 0.6390625 0.0458333328125 0.63125 0.05208333281250001 0.634375 0.06875 0.65 0.1 0.6609375 0.1020833328125
10 0.4078125 0.1270833328125 0.4078125 0.1854166671875 0.4046875 0.21458333281250003 0.375 0.2520833328125 0.3734375 0.2645833328125 0.38125 0.275 0.4015625 0.2541666671875 0.4046875 0.2770833328125 0.3734375 0.3229166671875 0.3640625 0.3479166671875 0.38125 0.35 0.3890625 0.33125 0.403125 0.3125 0.40625 0.3166666671875 0.409375 0.4583333328125 0.4359375 0.5541666671875001 0.4296875 0.5958333328125 0.3921875 0.625 0.390625 0.6354166671875 0.4171875 0.6333333328124999 0.4234375 0.65 0.446875 0.65 0.475 0.6333333328124999 0.4640625 0.5625 0.4640625 0.48541666718750004 0.45625 0.43541666718750005 0.4578125 0.39791666718749996 0.471875 0.3479166671875 0.475 0.3104166671875 0.4671875 0.16875 0.45625 0.0979166671875 0.45 0.09375 0.4546875 0.08333333281250001 0.44375 0.07291666718749999 0.415625 0.08125 0.4078125 0.058333332812500006 0.3921875 0.04375 0.3828125 0.04375 0.3671875 0.05 0.3578125 0.08541666718749999 0.3796875 0.12291666718750001 0.4078125 0.1270833328125
10 0.265625 0.2166666671875 0.2671875 0.2416666671875 0.253125 0.2666666671875 0.2546875 0.3020833328125 0.2796875 0.3083333328125 0.2625 0.2541666671875 0.2703125 0.25 0.2875 0.2708333328125 0.290625 0.2520833328125 0.2796875 0.23125 0.284375 0.21875 0.315625 0.2666666671875 0.3109375 0.28958333281250004 0.3140625 0.3145833328125 0.3390625 0.3125 0.3359375 0.2833333328125 0.3421875 0.2625 0.371875 0.3125 0.3796875 0.2770833328125 0.3390625 0.21458333281250003 0.3328125 0.19583333281249998 0.334375 0.1416666671875 0.3203125 0.1291666671875 0.31875 0.1291666671875 0.303125 0.1395833328125 0.3015625 0.1916666671875 0.271875 0.20625 0.265625 0.2166666671875
10 0 0 0 0.6520833328125 0.00625 0.6541666671875 0.0421875 0.6520833328125 0.0625 0.6208333328125 0.06875 0.5958333328125 0.075 0.4770833328125 0.075 0.43125 0.0609375 0.3791666671875 0.040625 0.3375 0.034375 0.25625 0.0140625 0.2 0.0171875 0.1291666671875 0.0015625 0.11041666718750001 0.0171875 0.0895833328125 0.0203125 0.0395833328125 0.0421875 0.014583332812499999 0.034375 0 0.02578125 0 0 0
15 0 0.9979166671874999 0.9984375 0.9979166671874999 0.9984375 0.9625 0.971875 0.8875 0.9765625 0.8729166671874999 0.9921875 0.8729166671874999 0.9984375 0.8645833328125001 0.990625 0.8520833328125 0.9984375 0.84375 0.9921875 0.8375 0.9984375 0.8291666671875 0.9984375 0.5625 0.9515625 0.5625 0.95 0.5625 0.9390625 0.5645833328125 0.9375 0.5916666671875 0.93125 0.6020833328124999 0.9109375 0.59375 0.803125 0.5916666671875 0.7328125 0.60625 0.65625 0.6104166671875 0.5734375 0.6083333328125 0.5609375 0.5979166671875 0.5546875 0.6145833328125 0.5484375 0.6 0.540625 0.6 0.5359375 0.625 0.4875 0.63125 0.4671875 0.65625 0.43125 0.6729166671875 0.4140625 0.66875 0.4078125 0.65625 0.3859375 0.6541666671875 0.371875 0.6375 0.3078125 0.6416666671875 0.2859375 0.6520833328125 0.2703125 0.6375 0.2453125 0.65625 0.228125 0.6520833328125 0.2234375 0.6666666671875 0.2171875 0.6541666671875 0.2125 0.65625 0.2 0.6875 0.1609375 0.69375 0.1359375 0.6875 0.0953125 0.7020833328125 0.0875 0.7166666671875 0.078125 0.7166666671875 0.0765625 0.7041666671875 0.0625 0.7 0.0609375 0.6583333328125 0.053125 0.6666666671875 0.03125 0.6645833328124999 0.0296875 0.6708333328125 0 0.6666666671875 0 0.9979166671874999
4 0.1703125 0.6125 0.184375 0.6520833328125 0.221875 0.6583333328125 0.23125 0.65 0.2390625 0.6541666671875 0.2578125 0.64375 0.2828125 0.6458333328125 0.328125 0.6333333328124999 0.3796875 0.6375 0.3921875 0.6166666671875001 0.41875 0.5958333328125 0.421875 0.5270833328125 0.40625 0.45416666718750004 0.4078125 0.3875 0.403125 0.36875 0.3875 0.36666666718749996 0.3890625 0.3895833328125 0.378125 0.3916666671875 0.31875 0.375 0.303125 0.35625 0.21875 0.3416666671875 0.215625 0.3416666671875 0.2078125 0.34375 0.2078125 0.3625 0.2171875 0.44375 0.1703125 0.6125
10 0.3359375 0.3416666671875 0.3375 0.32083333281250004 0.2984375 0.31875 0.290625 0.325 0.284375 0.31875 0.2828125 0.3166666671875 0.26875 0.33541666718749996 0.2390625 0.34375 0.30625 0.35208333281250004 0.3359375 0.3416666671875
14 0.4671875 0.575 0.475 0.5854166671875001 0.475 0.6041666671875 0.5296875 0.61875 0.5296875 0.60625 0.5 0.5520833328125 0.4875 0.46458333281249997 0.4953125 0.36875 0.5203125 0.3125 0.5125 0.2958333328125 0.4875 0.2916666671875 0.478125 0.2916666671875 0.475 0.3416666671875 0.4578125 0.40625 0.4671875 0.49375 0.4671875 0.575