15 0 0.9979166671874999 0.9984375 0.9979166671874999 0.9984375 0.5729166671875 0.9796875 0.5729166671875 0.978125 0.5708333328124999 0.9703125 0.575 0.9765625 0.5791666671875 0.971875 0.5958333328125 0.9578125 0.6083333328125 0.9359375 0.6083333328125 0.9171875 0.5979166671875 0.8609375 0.6020833328124999 0.8453125 0.5916666671875 0.7546875 0.5895833328125 0.7328125 0.58125 0.703125 0.5875 0.665625 0.575 0.603125 0.575 0.5984375 0.5854166671875001 0.5828125 0.5833333328125 0.5796875 0.5729166671875 0.575 0.5833333328125 0.490625 0.5854166671875001 0.453125 0.59375 0.4484375 0.6020833328124999 0.3828125 0.6020833328124999 0.3453125 0.5854166671875001 0.340625 0.6 0.3140625 0.6020833328124999 0.3109375 0.6083333328125 0.2984375 0.6020833328124999 0.259375 0.6083333328125 0.25 0.5958333328125 0.1921875 0.5916666671875 0.1453125 0.5958333328125 0.1453125 0.6208333328125 0.165625 0.625 0.178125 0.6375 0.159375 0.6541666671875 0.00625 0.6520833328125 0 0.6604166671875 0 0.9979166671874999
10 0.6640625 0.3645833328125 0.6734375 0.4 0.66875 0.5 0.6734375 0.5083333328124999 0.6921875 0.5125 0.6890625 0.5708333328124999 0.7 0.5791666671875 0.728125 0.5666666671875 0.725 0.5145833328125 0.7328125 0.4916666671875 0.7265625 0.41041666718750003 0.7140625 0.3645833328125 0.7203125 0.35625 0.7203125 0.32083333281250004 0.71875 0.2708333328125 0.7109375 0.25625 0.7078125 0.25625 0.6953125 0.275 0.6921875 0.3 0.6734375 0.32083333281250004 0.6640625 0.3645833328125
10 0.225 0.34375 0.24375 0.36666666718749996 0.2390625 0.41041666718750003 0.25625 0.4291666671875 0.259375 0.45416666718750004 0.2703125 0.47291666718750003 0.2671875 0.48125 0.2703125 0.4770833328125 0.278125 0.4875 0.2765625 0.54375 0.2640625 0.55 0.259375 0.59375 0.2828125 0.59375 0.290625 0.5770833328125 0.3015625 0.5958333328125 0.33125 0.59375 0.3359375 0.5833333328125 0.325 0.575 0.3171875 0.5541666671875001 0.321875 0.4145833328125 0.303125 0.35208333281250004 0.309375 0.28125 0.3 0.25625 0.2984375 0.20833333281250002 0.2828125 0.19583333281249998 0.278125 0.19583333281249998 0.265625 0.2104166671875 0.2671875 0.2479166671875 0.234375 0.2833333328125 0.225 0.34375
10 0.859375 0.2604166671875 0.859375 0.2979166671875 0.871875 0.3270833328125 0.871875 0.36875 0.8640625 0.5520833328125 0.8515625 0.5854166671875001 0.8796875 0.5916666671875 0.890625 0.48333333281249996 0.9015625 0.43125 0.909375 0.42083333281249996 0.91875 0.46666666718750005 0.9265625 0.59375 0.9640625 0.5958333328125 0.9671875 0.5875 0.95 0.5645833328125 0.946875 0.54375 0.9484375 0.4125 0.9421875 0.3729166671875 0.95 0.3625 0.95 0.34375 0.940625 0.3270833328125 0.9546875 0.2979166671875 0.9546875 0.2645833328125 0.946875 0.2375 0.9234375 0.22291666718749997 0.928125 0.2 0.925 0.1708333328125 0.909375 0.1625 0.9078125 0.1625 0.8890625 0.18125 0.8890625 0.225 0.871875 0.23541666718749998 0.859375 0.2604166671875
10 0.36875 0.3020833328125 0.36875 0.35625 0.3765625 0.3916666671875 0.36875 0.48125 0.3765625 0.5145833328125 0.38125 0.48541666718750004 0.3875 0.48541666718750004 0.3890625 0.5604166671875 0.3796875 0.5875 0.3953125 0.5958333328125 0.403125 0.59375 0.4 0.5604166671875 0.4109375 0.45416666718750004 0.425 0.49583333281249997 0.43125 0.5895833328125 0.4421875 0.59375 0.45 0.5833333328125 0.4390625 0.5666666671875 0.4390625 0.5520833328125 0.446875 0.5020833328125 0.4453125 0.3916666671875 0.4515625 0.375 0.4546875 0.3020833328125 0.4484375 0.2708333328125 0.421875 0.23958333281250002 0.4234375 0.1979166671875 0.4140625 0.1875 0.4015625 0.1875 0.3921875 0.1979166671875 0.4 0.24375 0.3734375 0.2708333328125 0.36875 0.3020833328125
14 0.7625 0.4458333328125 0.7609375 0.51875 0.7390625 0.5708333328124999 0.759375 0.5833333328125 0.790625 0.575 0.8421875 0.5833333328125 0.8484375 0.575 0.828125 0.5375 0.81875 0.4604166671875 0.8234375 0.4125 0.84375 0.3604166671875 0.8359375 0.35208333281250004 0.803125 0.35208333281250004 0.796875 0.35208333281250004 0.7484375 0.3583333328125 0.7375 0.36666666718749996 0.75625 0.40625 0.7625 0.4458333328125
10 0.8296875 0.3958333328125 0.8296875 0.39375 0.8203125 0.45 0.828125 0.5291666671875 0.8359375 0.43541666718750005 0.8296875 0.3958333328125
10 0.775 0.35 0.8375 0.3479166671875 0.8359375 0.3291666671875 0.8203125 0.3083333328125 0.8171875 0.275 0.809375 0.2645833328125 0.796875 0.2645833328125 0.790625 0.2708333328125 0.790625 0.30625 0.7765625 0.325 0.775 0.35
1 0.58125 0.56875 0.5796875 0.2104166671875 0.5 0.2 0.4921875 0.2 0.475 0.20416666718749998 0.478125 0.5729166671875 0.4984375 0.5791666671875 0.58125 0.56875
1 0.6 0.4875 0.6015625 0.5666666671875 0.6859375 0.5645833328125 0.6890625 0.5166666671875 0.675 0.5145833328125 0.6671875 0.5041666671875 0.671875 0.40416666718750005 0.6625 0.3541666671875 0.6703125 0.3229166671875 0.6921875 0.29375 0.696875 0.2666666671875 0.7078125 0.2541666671875 0.7078125 0.2125 0.6989583328125 0.2125 0.6 0.2166666671875 0.6015625 0.41875 0.5953125 0.48125 0.6 0.4875
1 0.23125 0.5458333328125 0.228125 0.5458333328125 0.225 0.5854166671875001 0.2578125 0.5854166671875001 0.2609375 0.5583333328125 0.23125 0.5458333328125
1 0.2546875 0.43541666718750005 0.2375 0.41041666718750003 0.2421875 0.36666666718749996 0.225 0.35 0.2234375 0.35 0.228125 0.5 0.2390625 0.45625 0.2546875 0.45 0.2546875 0.43541666718750005
1 0.2640625 0.2479166671875 0.265625 0.20625 0.2765625 0.19375 0.29375 0.2 0.2984375 0.2104166671875 0.3015625 0.20416666718749998 0.296875 0.1604166671875 0.253125 0.14375 0.24322916718749998 0.14375 0.221875 0.1458333328125 0.2234375 0.33541666718749996 0.234375 0.28125 0.2640625 0.2479166671875
1 0.95 0.4145833328125 0.946875 0.5375 0.9515625 0.5625 0.9578125 0.5666666671875 0.9546875 0.2958333328125 0.953125 0.2958333328125 0.9421875 0.3270833328125 0.9515625 0.3479166671875 0.9453125 0.3708333328125 0.95 0.4145833328125
1 0.91875 0.4791666671875 0.909375 0.42291666718750004 0.9078125 0.42291666718750004 0.890625 0.4895833328125 0.8859375 0.5729166671875 0.921875 0.5770833328125 0.91875 0.4791666671875
1 0.890625 0.175 0.90625 0.1625 0.9203125 0.16458333281249998 0.928125 0.18125 0.921875 0.2208333328125 0.946875 0.23541666718749998 0.9546875 0.27291666718749996 0.95625 0.1625 0.925 0.15625 0.9234375 0.1541666671875 0.871875 0.1666666671875 0.871875 0.23541666718749998 0.890625 0.22291666718749997 0.890625 0.175
10 0.3875 0.24375 0.378125 0.24375 0.371875 0.2541666671875 0.375 0.2645833328125 0.3921875 0.25 0.3875 0.24375