11 0.221875 0.39375 0.046875 0.33359375
5 0.55625 0.43203125 0.0625 0.16875
12 0.89140625 0.47421875 0.2140625 0.27734375
15 0.4984375 0.75078125 0.996875 0.48984375
7 0.5421875 0.31484375 0.01875 0.03359375
7 0.92109375 0.02734375 0.1015625 0.05390625
7 0.0453125 0.04140625 0.090625 0.05
7 0.58125 0.04453125 0.090625 0.05625
7 0.1078125 0.165625 0.053125 0.03125
7 0.2984375 0.25859375 0.046875 0.02109375
7 0.2234375 0.20859375 0.040625 0.02109375
7 0.18984375 0.23671875 0.0265625 0.01875
7 0.13046875 0.12265625 0.0328125 0.02109375
7 0.740625 0.35625 0.03125 0.0375
7 0.30859375 0.22109375 0.0234375 0.01640625
7 0.9578125 0.20859375 0.021875 0.02109375
7 0.24453125 0.26640625 0.0140625 0.0125
10 0.04921875 0.340625 0.0984375 0.57734375
10 0.503125 0.44140625 0.034375 0.175
10 0.1484375 0.43828125 0.04375 0.22265625
10 0.46640625 0.44375 0.0359375 0.19140625