15 0.4984375 0.75625 0.996875 0.47890625
7 0.27421875 0.08671875 0.0546875 0.03125
7 0.0859375 0.03203125 0.025 0.03125
7 0.675 0.34765625 0.01875 0.025
7 0.075 0.09921875 0.040625 0.03515625
7 0.48046875 0.30625 0.0359375 0.01640625
7 0.346875 0.19296875 0.05625 0.02734375
7 0.97421875 0.125 0.0484375 0.04609375
7 0.70859375 0.146875 0.0734375 0.03984375
7 0.3859375 0.23125 0.021875 0.0125
7 0.35703125 0.25390625 0.0453125 0.02109375
7 0.49375 0.28359375 0.01875 0.0125
7 0.43671875 0.31171875 0.0140625 0.01015625
7 0.434375 0.27734375 0.028125 0.0125
7 0.27578125 0.21484375 0.0203125 0.01640625
7 0.2765625 0.19296875 0.021875 0.01484375
7 0.7640625 0.28203125 0.015625 0.01015625
14 0.2609375 0.45859375 0.134375 0.2875
10 0.39765625 0.40859375 0.0671875 0.3
10 0.4828125 0.446875 0.040625 0.17265625
10 0.13828125 0.36796875 0.0703125 0.44765625
10 0.6359375 0.46015625 0.028125 0.13359375
10 0.61328125 0.45859375 0.0296875 0.14609375