5 0.725 0.43984375 0.05 0.14609375
15 0.4984375 0.75078125 0.996875 0.48984375
7 0.2515625 0.07890625 0.05625 0.03359375
7 0.66484375 0.3375 0.0171875 0.025
7 0.03203125 0.09453125 0.0546875 0.03984375
7 0.96953125 0.10546875 0.0578125 0.04375
7 0.05234375 0.025 0.0140625 0.02890625
7 0.32890625 0.1875 0.0578125 0.02890625
7 0.46875 0.30078125 0.034375 0.01484375
7 0.69765625 0.134375 0.0734375 0.04375
7 0.4203125 0.271875 0.028125 0.01484375
7 0.253125 0.21171875 0.03125 0.01875
7 0.34140625 0.25 0.0453125 0.02109375
7 0.3703125 0.22578125 0.021875 0.01484375
7 0.48046875 0.27734375 0.0171875 0.0125
7 0.25546875 0.18984375 0.0234375 0.01640625
7 0.7546875 0.26953125 0.0125 0.01484375
7 0.42265625 0.30703125 0.0109375 0.01015625
7 0.4015625 0.28984375 0.0125 0.0125
14 0.2328125 0.459375 0.14375 0.30234375
10 0.3796875 0.40546875 0.06875 0.30625
10 0.0984375 0.36875 0.084375 0.46640625
10 0.4703125 0.44453125 0.04375 0.17734375
10 0.603125 0.45234375 0.0375 0.14609375
10 0.62734375 0.44765625 0.0296875 0.14140625