5 0.38671875 0.41171875 0.0765625 0.22265625
5 0.30234375 0.41171875 0.0828125 0.22734375
12 0.78125 0.49765625 0.43125 0.9953125
15 0.46875 0.759375 0.9375 0.47265625
7 0.3078125 0.2625 0.046875 0.05859375
7 0.59921875 0.6875 0.0359375 0.075
7 0.42421875 0.13984375 0.0234375 0.025
7 0.76484375 0.271875 0.0640625 0.05234375
10 0.21640625 0.42265625 0.0546875 0.24609375
10 0.38984375 0.44296875 0.0390625 0.16015625
10 0.43828125 0.43828125 0.0359375 0.18515625
10 0.08984375 0.42421875 0.0734375 0.26484375
10 0.46875 0.45 0.040625 0.17109375
10 0.1390625 0.365625 0.034375 0.08515625