11 0.2125 0.328125 0.090625 0.58984375
11 0.34375 0.465625 0.15625 0.32734375
5 0.7875 0.41015625 0.0875 0.23359375
15 0.4984375 0.75625 0.996875 0.47890625
7 0.13515625 0.04765625 0.0765625 0.05
7 0.765625 0.26484375 0.025 0.05
7 0.32734375 0.11328125 0.0515625 0.03125
7 0.44296875 0.19609375 0.0578125 0.02890625
7 0.3109375 0.171875 0.04375 0.02734375
7 0.43984375 0.12578125 0.0296875 0.02265625
7 0.2203125 0.340625 0.06875 0.13515625
7 0.38046875 0.215625 0.0234375 0.01484375
7 0.92265625 0.12109375 0.0265625 0.02109375
7 0.83359375 0.24921875 0.0296875 0.02265625
10 0.39921875 0.396875 0.0859375 0.37734375
10 0.71015625 0.41875 0.0359375 0.25859375
10 0.27578125 0.42265625 0.0453125 0.29140625
10 0.65703125 0.421875 0.0734375 0.29765625