5 0.72265625 0.44296875 0.0453125 0.13984375
12 0.925 0.48046875 0.146875 0.22265625
15 0.49921875 0.75234375 0.9953125 0.4875
7 0.96796875 0.11015625 0.0609375 0.04609375
7 0.25 0.08359375 0.05625 0.03359375
7 0.0515625 0.03046875 0.015625 0.02734375
7 0.03046875 0.09921875 0.0578125 0.03984375
7 0.3265625 0.19296875 0.05625 0.02734375
7 0.66171875 0.34140625 0.0171875 0.025
7 0.4 0.29453125 0.0125 0.01015625
7 0.69453125 0.13828125 0.0734375 0.03984375
7 0.33828125 0.25390625 0.0453125 0.02109375
7 0.46640625 0.30546875 0.0359375 0.01484375
7 0.253125 0.19375 0.025 0.01640625
7 0.25078125 0.215625 0.0296875 0.01875
7 0.41875 0.27578125 0.028125 0.01484375
7 0.3671875 0.23046875 0.021875 0.01484375
7 0.47890625 0.28203125 0.0171875 0.01015625
7 0.4203125 0.31171875 0.0125 0.01015625
7 0.75234375 0.275 0.0140625 0.0125
7 0.6734375 0.01953125 0.1 0.0390625
14 0.23046875 0.46328125 0.1421875 0.29765625
10 0.09765625 0.371875 0.0828125 0.46484375
10 0.37734375 0.409375 0.0671875 0.30625
10 0.46796875 0.44609375 0.0421875 0.17109375
10 0.6 0.45546875 0.03125 0.14765625
10 0.2875 0.42265625 0.05 0.27890625
10 0.62578125 0.45078125 0.0234375 0.14375