11 0.090625 0.578125 0.059375 0.64375
12 0.10078125 0.51640625 0.2015625 0.78359375
15 0.49921875 0.75703125 0.9953125 0.47734375
7 0.275 0.09609375 0.053125 0.03359375
7 0.1109375 0.04375 0.01875 0.0375
7 0.3453125 0.25703125 0.04375 0.02265625
7 0.65390625 0.353125 0.0171875 0.02734375
7 0.33828125 0.19765625 0.0546875 0.02890625
7 0.375 0.23515625 0.021875 0.01640625
7 0.465625 0.31015625 0.034375 0.01640625
7 0.675 0.03046875 0.096875 0.06015625
7 0.47890625 0.28828125 0.0171875 0.01484375
7 0.3859375 0.29609375 0.009375 0.0125
7 0.42109375 0.31484375 0.0140625 0.0125
7 0.96171875 0.14140625 0.0734375 0.04609375
7 0.69140625 0.15546875 0.0703125 0.03515625
7 0.421875 0.28046875 0.025 0.01484375
10 0.39140625 0.41328125 0.0640625 0.29375
10 0.4671875 0.45234375 0.040625 0.17109375
10 0.59140625 0.46328125 0.0296875 0.14765625