7 0.059375 0.2645833328125 0.05625 0.2520833328125 0.04375 0.2479166671875 0.0359375 0.2479166671875 0.0140625 0.25 0.0125 0.25833333281250004 0.034375 0.26875 0.059375 0.2645833328125
10 0.24375 0.41041666718750003 0.253125 0.45208333281249996 0.253125 0.4895833328125 0.2453125 0.5354166671875 0.2203125 0.6104166671875 0.2296875 0.6541666671875 0.2390625 0.6541666671875 0.2421875 0.5958333328125 0.2703125 0.5541666671875001 0.278125 0.53125 0.2828125 0.5375 0.275 0.6416666671875 0.2859375 0.65 0.3328125 0.6479166671875001 0.3296875 0.6354166671875 0.3 0.60625 0.3109375 0.51875 0.3390625 0.5208333328125 0.3421875 0.5125 0.3421875 0.38333333281250004 0.328125 0.3145833328125 0.375 0.28125 0.403125 0.2854166671875 0.4078125 0.2708333328125 0.3765625 0.25833333281250004 0.3671875 0.28125 0.3390625 0.2854166671875 0.3359375 0.1916666671875 0.328125 0.1520833328125 0.3140625 0.1 0.296875 0.07291666718749999 0.2859375 0.07291666718749999 0.26875 0.0895833328125 0.2515625 0.1375 0.25625 0.3708333328125 0.24375 0.41041666718750003
7 0.3484375 0.0875 0.3796875 0.0916666671875 0.403125 0.08541666718749999 0.4109375 0.07291666718749999 0.4078125 0.05208333281250001 0.375 0.0375 0.3671875 0.0375 0.3375 0.04375 0.3265625 0.058333332812500006 0.325 0.07291666718749999 0.3484375 0.0875
7 0.659375 0.18125 0.65625 0.16458333281249998 0.63125 0.1583333328125 0.6296875 0.1583333328125 0.5984375 0.1708333328125 0.5984375 0.1875 0.6265625 0.19375 0.659375 0.18125
10 0.0921875 0.4895833328125 0.0875 0.5 0.096875 0.5208333328125 0.0921875 0.5458333328125 0.0796875 0.55625 0.0828125 0.5625 0.1 0.5604166671875 0.103125 0.49791666718750005 0.1125 0.45208333281249996 0.1109375 0.3416666671875 0.1046875 0.31875 0.0984375 0.31875 0.0828125 0.35 0.0828125 0.375 0.090625 0.3854166671875 0.0921875 0.4895833328125
7 0.09375 0.28958333281250004 0.0875 0.28958333281250004 0.0765625 0.2958333328125 0.0984375 0.30416666718749996 0.1 0.29375 0.09375 0.28958333281250004
7 0.384375 0.1916666671875 0.4234375 0.1854166671875 0.425 0.16875 0.40625 0.1583333328125 0.3973958328125 0.1583333328125 0.3671875 0.1604166671875 0.3609375 0.16458333281249998 0.3609375 0.1770833328125 0.384375 0.1916666671875
7 0.06953125 0.23333333281250002 0.0578125 0.23958333281250002 0.0765625 0.24583333281250003 0.078125 0.23333333281250002 0.06953125 0.23333333281250002
14 0.025 0.5333333328125 0.0109375 0.55 0.0125 0.5583333328125 0.075 0.5583333328125 0.090625 0.5458333328125 0.078125 0.51875 0.075 0.48333333281249996 0.0765625 0.44166666718750003 0.0875 0.40625 0.053125 0.4 0.0442708328125 0.4 0.015625 0.40416666718750005 0.0328125 0.4458333328125 0.034375 0.5041666671875 0.025 0.5333333328125
10 0.3765625 0.5145833328125 0.375 0.4583333328125 0.384375 0.43333333281249997 0.365625 0.3958333328125 0.3609375 0.3958333328125 0.35625 0.42291666718750004 0.3609375 0.5145833328125 0.36875 0.5083333328124999 0.3765625 0.5145833328125
16 0.8453125 0 0.8140625 0.0333333328125 0.8078125 0.05625 0.7890625 0.06875 0.78125 0.0895833328125 0.7203125 0.1583333328125 0.678125 0.22291666718749997 0.675 0.7416666671875001 0.6578125 0.74375 0.65625 0.8104166671874999 0.66875 0.8416666671874999 0.7625 0.9979166671874999 0.9984375 0.9979166671874999 0.9984375 0 0.9903782890624999 0 0.8453125 0
15 0 0.9979166671874999 0.7546875 0.9979166671874999 0.7078125 0.9145833328125 0.66875 0.8604166671875 0.6734375 0.85625 0.6625 0.8458333328125001 0.653125 0.8145833328125001 0.6546875 0.7416666671875001 0.6609375 0.7333333328125 0.66875 0.7375 0.671875 0.725 0.6734375 0.5979166671875 0.665625 0.59375 0.6640625 0.5791666671875 0.634375 0.5958333328125 0.5453125 0.54375 0.5328125 0.5395833328124999 0.528125 0.5458333328125 0.521875 0.5229166671875001 0.49375 0.525 0.4875 0.5166666671875 0.478125 0.5166666671875 0.3171875 0.5354166671875 0.3125 0.6083333328125 0.3140625 0.6166666671875001 0.3375 0.6333333328124999 0.3359375 0.6583333328125 0.28125 0.6604166671875 0.275 0.6520833328125 0.2734375 0.66875 0.2875 0.6958333328124999 0.278125 0.7166666671875 0.209375 0.7375 0.2 0.73125 0.1765625 0.7395833328125 0.1578125 0.7354166671875 0.153125 0.71875 0.09375 0.71875 0.090625 0.6979166671875 0.096875 0.6729166671875 0.0921875 0.66875 0.0984375 0.6604166671875 0.0921875 0.6520833328125 0.103125 0.6416666671875 0.0921875 0.6375 0.09375 0.59375 0.046875 0.5916666671875 0.059375 0.5875 0.059375 0.5791666671875 0.0390625 0.5791666671875 0.0296875 0.6104166671875 0.021875 0.6145833328125 0.025 0.6208333328125 0.009375 0.625 0.009375 0.6375 0 0.6479166671875001 0 0.9979166671874999
12 0.6265625 0.5895833328125 0.6734375 0.5958333328125 0.675 0.3958333328125 0.6734375 0.38125 0.659375 0.38125 0.6578125 0.3791666671875 0.6265625 0.3854166671875 0.534375 0.4458333328125 0.528125 0.5291666671875 0.6265625 0.5895833328125
7 0.659375 0.09375 0.69375 0.09375 0.728125 0.075 0.7234375 0.0479166671875 0.696875 0.0395833328125 0.6828125 0.0395833328125 0.65 0.05208333281250001 0.6390625 0.07083333281250001 0.640625 0.08125 0.659375 0.09375
7 0.05625 0.2125 0.05625 0.2 0.03125 0.1916666671875 0.0234375 0.1916666671875 0.003125 0.19375 0 0.20625 0.025 0.21458333281250003 0.05625 0.2125