10 0.309375 0.5145833328125 0.3 0.5375 0.3125 0.5354166671875 0.321875 0.4875 0.328125 0.49791666718750005 0.328125 0.5375 0.334375 0.5395833328124999 0.3328125 0.43333333281249997 0.3390625 0.3875 0.3125 0.33541666718749996 0.30625 0.33541666718749996 0.303125 0.35 0.315625 0.36666666718749996 0.315625 0.40208333281249997 0.309375 0.5145833328125
5 0.3578125 0.48541666718750004 0.3625 0.525 0.4171875 0.5208333328125 0.4171875 0.3333333328125 0.409375 0.3333333328125 0.3546875 0.3333333328125 0.3515625 0.3416666671875 0.3515625 0.48125 0.3578125 0.48541666718750004
7 0 0.2270833328125 0.0015625 0.2125 0 0.2104166671875 0 0.2270833328125
10 0.03125 0.375 0.028125 0.38333333281250004 0.025 0.375 0.0203125 0.3875 0.028125 0.3916666671875 0.025 0.40208333281249997 0.0203125 0.3958333328125 0.0203125 0.4145833328125 0.0328125 0.47291666718750003 0.03125 0.54375 0.0359375 0.5666666671875 0.0453125 0.5666666671875 0.05625 0.5166666671875 0.0625 0.56875 0.0796875 0.56875 0.0875 0.5645833328125 0.0765625 0.5583333328125 0.0828125 0.35625 0.0921875 0.3479166671875 0.09375 0.33541666718749996 0.08125 0.3166666671875 0.0640625 0.2645833328125 0.053125 0.2645833328125 0.04375 0.2791666671875 0.04375 0.3020833328125 0.0265625 0.3291666671875 0.03125 0.375
7 0.05625 0.19583333281249998 0.0484375 0.1916666671875 0.034375 0.1916666671875 0.025 0.19583333281249998 0.021875 0.20833333281250002 0.053125 0.21875 0.05625 0.19583333281249998
12 0.934375 0 0.6578125 0.3583333328125 0.653125 0.375 0.621875 0.39375 0.615625 0.46666666718750005 0.61875 0.56875 0.6265625 0.5833333328125 0.678125 0.64375 0.6859375 0.6395833328125 0.6890625 0.6541666671875 0.7140625 0.6833333328125 0.7328125 0.69375 0.7390625 0.7083333328125 0.7703125 0.7229166671875 0.8328125 0.8083333328125001 0.8453125 0.8083333328125001 0.875 0.8354166671875 0.8859375 0.8645833328125001 0.9265625 0.8979166671875 0.934375 0.9125 0.9390625 0.9083333328125001 0.94375 0.9229166671875 0.9546875 0.9270833328125001 0.996875 0.9833333328125 0.9984375 0 0.9904296875 0 0.934375 0
5 0.4296875 0.5229166671875001 0.484375 0.5208333328125 0.4875 0.34375 0.465625 0.33541666718749996 0.45703125 0.33541666718749996 0.43125 0.33541666718749996 0.4265625 0.3416666671875 0.425 0.4875 0.4296875 0.5229166671875001
15 0 0.9958333328125001 0.9984375 0.9979166671874999 0.9984375 0.98125 0.9703125 0.9583333328125001 0.953125 0.93125 0.9390625 0.925 0.9421875 0.9166666671874999 0.925 0.9104166671874999 0.9265625 0.9 0.8953125 0.88125 0.890625 0.875 0.8953125 0.8708333328125001 0.878125 0.8625 0.8796875 0.8541666671874999 0.840625 0.8145833328125001 0.8140625 0.80625 0.8109375 0.7895833328124999 0.8 0.7854166671875 0.8015625 0.775 0.7828125 0.7645833328125 0.7625 0.7354166671875 0.7515625 0.7395833328125 0.73125 0.7041666671875 0.7046875 0.6875 0.69375 0.6645833328124999 0.625 0.59375 0.603125 0.5395833328124999 0.5671875 0.5458333328125 0.5328125 0.5333333328125 0.525 0.5333333328125 0.3625 0.54375 0.3375 0.5520833328125 0.29375 0.5479166671875 0.2390625 0.5541666671875001 0.2203125 0.5645833328125 0.1421875 0.5666666671875 0.1296875 0.5770833328125 0.1015625 0.5708333328124999 0.0765625 0.59375 0.059375 0.5833333328125 0.025 0.5854166671875001 0.01875 0.5791666671875 0 0.5854166671875001 0 0.9958333328125001
7 0.3765625 0.27291666718749996 0.371875 0.27291666718749996 0.36875 0.2854166671875 0.4 0.31875 0.403125 0.30625 0.3765625 0.27291666718749996
7 0.5 0.1833333328125 0.4921875 0.1833333328125 0.48125 0.1875 0.484375 0.20208333281250002 0.4984375 0.2 0.5 0.1833333328125
7 0.046875 0.1458333328125 0.034375 0.1375 0.025 0.1375 0.015625 0.1458333328125 0.01875 0.15625 0.04375 0.1583333328125 0.046875 0.1458333328125
3 0.0796875 0.5020833328125 0.0828125 0.5145833328125 0.096875 0.5145833328125 0.0984375 0.5479166671875 0.10625 0.5479166671875 0.1140625 0.5604166671875 0.13125 0.55 0.1328125 0.50625 0.1421875 0.5041666671875 0.15 0.5125 0.15 0.45208333281249996 0.14375 0.45208333281249996 0.1359375 0.46875 0.1265625 0.47083333281249995 0.11875 0.49791666718750005 0.0796875 0.5020833328125
14 0.1484375 0.525 0.1265625 0.5541666671875001 0.1296875 0.5666666671875 0.1390625 0.5583333328125 0.1734375 0.5625 0.2203125 0.5541666671875001 0.2015625 0.5166666671875 0.196875 0.4895833328125 0.196875 0.45208333281249996 0.2125 0.40416666718750005 0.20625 0.4 0.197265625 0.4 0.1703125 0.4 0.1609375 0.4166666671875 0.153125 0.4458333328125 0.1484375 0.525
10 0.175 0.38333333281250004 0.18125 0.3958333328125 0.215625 0.40208333281249997 0.2015625 0.43541666718750005 0.1984375 0.4895833328125 0.2046875 0.5208333328125 0.215625 0.5395833328124999 0.21875 0.4875 0.225 0.4916666671875 0.23125 0.51875 0.23125 0.5395833328124999 0.225 0.5458333328125 0.24375 0.53125 0.228125 0.42083333281249996 0.2375 0.40208333281249997 0.23125 0.36875 0.2046875 0.35208333281250004 0.1984375 0.33541666718749996 0.190625 0.33541666718749996 0.184375 0.35208333281250004 0.1890625 0.3604166671875 0.1765625 0.36666666718749996 0.175 0.38333333281250004
5 0.4859375 0.5208333328125 0.5546875 0.51875 0.559375 0.3291666671875 0.55 0.3145833328125 0.540625 0.3145833328125 0.509375 0.31875 0.4875 0.34375 0.490625 0.48125 0.4859375 0.5208333328125
11 0.053125 0.25833333281250004 0.0703125 0.2708333328125 0.0796875 0.3104166671875 0.1046875 0.325 0.0984375 0.35625 0.0859375 0.36875 0.0875 0.4458333328125 0.096875 0.4479166671875 0.1109375 0.43958333281249995 0.1328125 0.40416666718750005 0.128125 0.35625 0.1328125 0.175 0.115625 0.1583333328125 0.11875 0.1208333328125 0.1140625 0.09375 0.0703125 0.09375 0.0625 0.09375 0.05625 0.1 0.0546875 0.1854166671875 0.059375 0.20625 0.053125 0.25833333281250004
10 0.1125 0.44166666718750003 0.0921875 0.45208333281249996 0.078125 0.47291666718750003 0.078125 0.49791666718750005 0.1203125 0.49583333281249997 0.125 0.46875 0.1578125 0.43541666718750005 0.1671875 0.3875 0.1671875 0.3770833328125 0.1578125 0.3729166671875 0.1453125 0.3729166671875 0.140625 0.3791666671875 0.1484375 0.40416666718750005 0.1375 0.40625 0.1125 0.44166666718750003