7 0.69375 0.125 0.6921875 0.12291666718750001 0.6765625 0.1354166671875 0.6765625 0.1541666671875 0.6953125 0.15625 0.69375 0.125
7 0 0.0916666671875 0.040625 0.1 0.0625 0.0916666671875 0.059375 0.075 0.025 0.060416667187499995 0.0166666671875 0.060416667187499995 0 0.060416667187499995 0 0.0916666671875
7 0.2171875 0.25625 0.2046875 0.2520833328125 0.196875 0.2520833328125 0.1859375 0.2541666671875 0.184375 0.2666666671875 0.2203125 0.2666666671875 0.2171875 0.25625
7 0.0984375 0.1875 0.0953125 0.1729166671875 0.0765625 0.1666666671875 0.06875 0.1666666671875 0.0453125 0.1666666671875 0.0390625 0.1770833328125 0.065625 0.1916666671875 0.0984375 0.1875
5 0.453125 0.5083333328124999 0.5484375 0.5041666671875 0.5515625 0.3479166671875 0.5434895828124999 0.3479166671875 0.4546875 0.3479166671875 0.459375 0.40416666718750005 0.4484375 0.4770833328125 0.453125 0.5083333328124999
7 0.4765625 0.35 0.46875 0.35 0.465625 0.3625 0.4875 0.3770833328125 0.4890625 0.3645833328125 0.4765625 0.35
10 0.38125 0.2916666671875 0.38125 0.3395833328125 0.39375 0.36666666718749996 0.396875 0.43125 0.3890625 0.5770833328125 0.403125 0.5791666671875 0.4140625 0.5625 0.421875 0.5833333328125 0.440625 0.5833333328125 0.4515625 0.5770833328125 0.4375 0.54375 0.4546875 0.42291666718750004 0.4515625 0.30625 0.4546875 0.3 0.471875 0.3104166671875 0.4765625 0.29375 0.459375 0.25833333281250004 0.4546875 0.23125 0.44375 0.2166666671875 0.4421875 0.2 0.4296875 0.1895833328125 0.421875 0.1895833328125 0.415625 0.19583333281249998 0.4140625 0.23958333281250002 0.390625 0.2645833328125 0.38125 0.2916666671875
7 0.4453125 0.1625 0.4859375 0.15625 0.4859375 0.13125 0.465625 0.125 0.4578125 0.125 0.4265625 0.1291666671875 0.421875 0.15 0.4265625 0.1583333328125 0.4453125 0.1625
14 0.1609375 0.5666666671875 0.178125 0.5625 0.190625 0.575 0.19375 0.5979166671875 0.2 0.5979166671875 0.203125 0.575 0.2109375 0.5666666671875 0.2484375 0.5625 0.2625 0.5729166671875 0.2640625 0.46458333281249997 0.265625 0.45 0.275 0.44166666718750003 0.3125 0.45416666718750004 0.315625 0.5833333328125 0.3234375 0.5916666671875 0.3328125 0.55625 0.334375 0.4458333328125 0.340625 0.43958333281249995 0.3296875 0.43541666718750005 0.346875 0.425 0.3453125 0.4125 0.2578125 0.40625 0.2421875 0.3958333328125 0.253125 0.3708333328125 0.2359375 0.35625 0.159375 0.3625 0.14375 0.3416666671875 0.140625 0.3416666671875 0.1375 0.5541666671875001 0.146875 0.5729166671875 0.153125 0.5770833328125 0.1609375 0.5666666671875
7 0.2234375 0.31875 0.2125 0.325 0.23125 0.3291666671875 0.2328125 0.31875 0.2234375 0.31875
7 0.2515625 0.30625 0.2453125 0.30625 0.2390625 0.3166666671875 0.2625 0.3166666671875 0.2609375 0.3083333328125 0.2515625 0.30625
15 0 0.9958333328125001 0.9984375 0.9979166671874999 0.9984375 0.6 0.9546875 0.5875 0.9609375 0.5770833328125 0.996875 0.5770833328125 0.9984375 0.5645833328125 0.9859375 0.5520833328125 0.9609375 0.5520833328125 0.9390625 0.56875 0.9296875 0.5520833328125 0.8765625 0.55625 0.85625 0.5479166671875 0.8484375 0.5625 0.8390625 0.5625 0.8328125 0.5458333328125 0.8140625 0.5479166671875 0.8109375 0.6541666671875 0.7453125 0.65625 0.7171875 0.6479166671875001 0.6421875 0.6479166671875001 0.621875 0.6166666671875001 0.6078125 0.6083333328125 0.60625 0.5708333328124999 0.6140625 0.5458333328125 0.603125 0.5333333328125 0.55625 0.53125 0.5453125 0.5145833328125 0.471875 0.5166666671875 0.4703125 0.5145833328125 0.465625 0.5208333328125 0.4703125 0.5395833328124999 0.4765625 0.5395833328124999 0.478125 0.5729166671875 0.465625 0.5916666671875 0.4296875 0.6 0.378125 0.59375 0.38125 0.5791666671875 0.3734375 0.575 0.38125 0.5666666671875 0.375 0.5583333328125 0.38125 0.55 0.371875 0.54375 0.3796875 0.5375 0.375 0.53125 0.3609375 0.5333333328125 0.3578125 0.5458333328125 0.35 0.54375 0.35 0.5333333328125 0.340625 0.5375 0.3359375 0.5895833328125 0.3265625 0.6020833328124999 0.3171875 0.6020833328124999 0.309375 0.5895833328125 0.309375 0.5333333328125 0.3015625 0.54375 0.2921875 0.55625 0.2828125 0.5479166671875 0.26875 0.5645833328125 0.2625 0.5854166671875001 0.246875 0.5770833328125 0.2109375 0.5854166671875001 0.2015625 0.6083333328125 0.190625 0.6083333328125 0.184375 0.5875 0.14375 0.5916666671875 0.1328125 0.5770833328125 0.084375 0.5791666671875 0.075 0.5645833328125 0.0265625 0.5708333328124999 0.0203125 0.5625 0 0.5604166671875 0 0.9958333328125001
16 0.7390625 0.6395833328125 0.74375 0.6291666671875 0.7359375 0.59375 0.734375 0.375 0.728125 0.3645833328125 0.671875 0.3625 0.6578125 0.3625 0.621875 0.4 0.6171875 0.6041666671875 0.646875 0.6395833328125 0.7390625 0.6395833328125
11 0.134375 0.5354166671875 0.13125 0.3458333328125 0.1390625 0.3229166671875 0.1390625 0.2 0.153125 0.1875 0.18125 0.19375 0.1875 0.1875 0.1890625 0.1125 0.184375 0.0958333328125 0.13125 0.09375 0.1296875 0.09375 0.1140625 0.1020833328125 0.1109375 0.5354166671875 0.11875 0.5395833328124999 0.134375 0.5354166671875
11 0.6984375 0 0.6953125 0.0125 0.690625 0.3583333328125 0.728125 0.3604166671875 0.7359375 0.3770833328125 0.7390625 0.5979166671875 0.7484375 0.60625 0.8015625 0.6083333328125 0.8046875 0.6020833328124999 0.80625 0.4375 0.8046875 0.40625 0.796875 0.3916666671875 0.80625 0.3791666671875 0.809375 0.3375 0.8125 0 0.804352678125 0 0.6984375 0
7 0.68849431875 0 0.6046875 0.0020833328125000002 0.6734375 0.00625 0.696875 0 0.68849431875 0
7 0.596875 0.0229166671875 0.5953125 0.0208333328125 0.59375 0.0354166671875 0.6953125 0.0333333328125 0.69375 0.0229166671875 0.596875 0.0229166671875
7 0.8140625 0 0.8140625 0.0395833328125 0.8578125 0.0354166671875 0.859375 0.025 0.853125 0.01875 0.8671875 0 0.8583333328125 0 0.8140625 0
7 0.396875 0 0.3828125 0.0125 0.3828125 0.0270833328125 0.4078125 0.0479166671875 0.45625 0.05 0.4796875 0.03125 0.4734375 0.00625 0.4578125 0 0.4491071421875 0 0.396875 0
10 0.0234375 0.5208333328125 0.0296875 0.5145833328125 0.0359375 0.46666666718750005 0.040625 0.48541666718750004 0.05 0.49375 0.0484375 0.5208333328125 0.0703125 0.525 0.078125 0.48333333281249996 0.065625 0.46666666718750005 0.059375 0.4166666671875 0.053125 0.4166666671875 0.0203125 0.46875 0.0171875 0.4895833328125 0.021875 0.4895833328125 0.0234375 0.5208333328125