11 0.16015625 0.38671875 0.0546875 0.37734375
5 0.53671875 0.4375 0.0640625 0.17890625
12 0.8890625 0.48125 0.21875 0.26640625
15 0.4984375 0.75859375 0.996875 0.475
7 0.52265625 0.31796875 0.0203125 0.03984375
7 0.04375 0.14140625 0.075 0.0375
7 0.5671875 0.03125 0.096875 0.05859375
7 0.7265625 0.37890625 0.03125 0.07109375
7 0.18125 0.19375 0.04375 0.025
7 0.07265625 0.09296875 0.0359375 0.02734375
7 0.2640625 0.25 0.05 0.025
7 0.9265625 0.021875 0.109375 0.04375
7 0.01015625 0.009375 0.0203125 0.01875
7 0.27265625 0.20703125 0.0265625 0.01875
7 0.2046875 0.259375 0.021875 0.01484375
10 0.303125 0.42890625 0.071875 0.2625
10 0.121875 0.41484375 0.034375 0.17109375
10 0.24296875 0.353125 0.0328125 0.05234375
10 0.48203125 0.44609375 0.0390625 0.18359375
10 0.46015625 0.44765625 0.0328125 0.19140625
10 0.4421875 0.44921875 0.040625 0.20234375
10 0.08125 0.43046875 0.04375 0.23125