11 0.16171875 0.471875 0.1453125 0.28515625
11 0.03984375 0.34609375 0.0796875 0.53359375
5 0.6734375 0.421875 0.14375 0.21015625
5 0.56328125 0.42734375 0.0734375 0.20390625
15 0.4984375 0.76015625 0.996875 0.47109375
7 0.546875 0.29296875 0.025 0.04765625
7 0.73515625 0.33984375 0.0234375 0.04609375
7 0.2421875 0.209375 0.059375 0.02734375
7 0.12890625 0.12890625 0.0515625 0.02890625
7 0.1078125 0.17734375 0.046875 0.025
7 0.1765625 0.22265625 0.025 0.01640625
7 0.24140625 0.14765625 0.0296875 0.02109375
10 0.23515625 0.41015625 0.0984375 0.35859375
10 0.42734375 0.440625 0.0671875 0.25625
10 0.49609375 0.434375 0.0484375 0.22734375
10 0.46484375 0.44375 0.0671875 0.22890625