5 0.6734375 0.1354166671875 0.60625 0.1416666671875 0.603125 0.14791666718750002 0.6 0.4625 0.6125 0.49375 0.6140625 0.5520833328125 0.746875 0.5541666671875001 0.7484375 0.125 0.7390625 0.125 0.696875 0.13125 0.7078125 0.1729166671875 0.6921875 0.1708333328125 0.6734375 0.1354166671875
10 0.4375 0.35390625 0.1125 0.58359375
15 0.7 0.60625 0.6109375 0.6 0.5828125 0.6083333328125 0.575 0.6020833328124999 0.5671875 0.6125 0.553125 0.6083333328125 0.546875 0.6208333328125 0.5015625 0.625 0.465625 0.6541666671875 0.3484375 0.6333333328124999 0.275 0.6479166671875001 0.2640625 0.65625 0.221875 0.6479166671875001 0.203125 0.6791666671875001 0.1421875 0.6979166671875 0.10625 0.6875 0.0984375 0.65625 0.090625 0.66875 0.0328125 0.6833333328125 0.015625 0.6833333328125 0.0140625 0.6583333328125 0.003125 0.6583333328125 0 0.9979166671874999 0.996875 0.9979166671874999 0.9984375 0.5625 0.9703125 0.5583333328125 0.9609375 0.5583333328125 0.940625 0.5625 0.93125 0.5958333328125 0.7828125 0.5916666671875 0.7 0.60625
7 0.7046875 0.17916666718750002 0.70625 0.16458333281249998 0.684375 0.125 0.6796875 0.125 0.675 0.1354166671875 0.6828125 0.1541666671875 0.6984375 0.17916666718750002 0.7046875 0.17916666718750002
7 0.671875 0.1166666671875 0.678125 0.10625 0.65625 0.058333332812500006 0.6515625 0.058333332812500006 0.64375 0.0666666671875 0.6453125 0.075 0.6609375 0.11041666718750001 0.671875 0.1166666671875
5 0.946875 0.0979166671875 0.9359375 0.0916666671875 0.8375 0.0979166671875 0.7578125 0.1125 0.7515625 0.5520833328125 0.759375 0.5625 0.775 0.55 0.7828125 0.55625 0.9125 0.5583333328125 0.925 0.56875 0.9234375 0.5791666671875 0.93125 0.5791666671875 0.928125 0.5708333328124999 0.9359375 0.5416666671875 0.9984375 0.54375 0.9984375 0.0979166671875 0.9921875 0.0958333328125 0.9859375 0.10625 0.975 0.0895833328125 0.9703125 0.0895833328125 0.9578125 0.1125 0.9421875 0.10833333281249999 0.9390625 0.1020833328125 0.946875 0.0979166671875
7 0.9984375 0.12291666718750001 0.9984375 0.08333333281250001 0.996875 0.08333333281250001 0.9796875 0.13125 0.98125 0.14791666718750002 0.990625 0.14375 0.9984375 0.12291666718750001
10 0.1265625 0 0.11875 0.0083333328125 0.121875 0.014583332812499999 0.109375 0.014583332812499999 0.0765625 0.0395833328125 0.059375 0.05625 0.0421875 0.10625 0.040625 0.2875 0.04375 0.3020833328125 0.0625 0.3166666671875 0.0625 0.36666666718749996 0.0578125 0.43125 0.0359375 0.5166666671875 0.034375 0.5958333328125 0.025 0.6583333328125 0.0296875 0.6729166671875 0.0453125 0.66875 0.0515625 0.6583333328125 0.0515625 0.6645833328124999 0.071875 0.6604166671875 0.0609375 0.65 0.0640625 0.5333333328125 0.0765625 0.5208333328125 0.0796875 0.5 0.090625 0.4895833328125 0.0953125 0.45416666718750004 0.109375 0.43333333281249997 0.1171875 0.4458333328125 0.1109375 0.6791666671875001 0.1640625 0.6791666671875001 0.203125 0.6666666671875 0.2015625 0.65625 0.184375 0.6541666671875 0.1796875 0.6416666671875 0.1734375 0.64375 0.1578125 0.625 0.1515625 0.5666666671875 0.1609375 0.5104166671875 0.1640625 0.43125 0.1625 0.4125 0.153125 0.4125 0.140625 0.39791666718749996 0.1625 0.33541666718749996 0.1765625 0.31875 0.1921875 0.3145833328125 0.1765625 0.0479166671875 0.184375 0.01875 0.175 0 0.1669270828125 0 0.1265625 0
10 0.29375 0.23125 0.2796875 0.28125 0.28125 0.3145833328125 0.303125 0.31875 0.30625 0.3270833328125 0.35625 0.3291666671875 0.3671875 0.275 0.3890625 0.3020833328125 0.390625 0.325 0.4 0.3083333328125 0.4078125 0.28125 0.3984375 0.2875 0.396875 0.27291666718749996 0.365625 0.23125 0.365625 0.16458333281249998 0.3609375 0.1541666671875 0.346875 0.15 0.3453125 0.14791666718750002 0.3296875 0.175 0.33125 0.20833333281250002 0.3046875 0.21875 0.29375 0.23125
4 0.1828125 0.4625 0.1703125 0.4625 0.16875 0.5791666671875 0.159375 0.5791666671875 0.1609375 0.59375 0.1671875 0.5916666671875 0.1671875 0.6208333328125 0.4046875 0.6041666671875 0.4265625 0.6 0.4375 0.5895833328125 0.4390625 0.5208333328125 0.4265625 0.46666666718750005 0.428125 0.39791666718749996 0.4234375 0.38333333281250004 0.4109375 0.38125 0.4125 0.3958333328125 0.403125 0.40416666718750005 0.34375 0.3875 0.3328125 0.36666666718749996 0.2265625 0.3583333328125 0.221875 0.3583333328125 0.2015625 0.3645833328125 0.203125 0.40208333281249997 0.1921875 0.45 0.1828125 0.4625
10 0.0640625 0.5645833328125 0.0625 0.6 0.071875 0.5875 0.075 0.60625 0.0921875 0.60625 0.096875 0.5895833328125 0.10625 0.5854166671875001 0.1109375 0.48125 0.10625 0.45416666718750004 0.103125 0.45416666718750004 0.0828125 0.5166666671875 0.0796875 0.50625 0.0796875 0.5270833328125 0.0640625 0.5645833328125
10 0 0.3708333328125 0.0078125 0.38333333281250004 0.0140625 0.45208333281249996 0.0078125 0.5729166671875 0.0125 0.64375 0.0265625 0.65 0.028125 0.66875 0.0328125 0.5291666671875 0.0546875 0.43333333281249997 0.0609375 0.3583333328125 0.059375 0.3125 0.0453125 0.3125 0.034375 0.29375 0.0421875 0.24375 0.03125 0.2125 0.034375 0.125 0.0484375 0.0625 0.0765625 0.0354166671875 0.0640625 0.03125 0.0546875 0.03125 0.0359375 0.0479166671875 0.0234375 0.1020833328125 0 0.12291666718750001 0 0.3708333328125