7 0.6494140625 0.08854166718749999 0.6220703125 0.09635416718749999 0.611328125 0.1106770828125 0.6162109375 0.1276041671875 0.654296875 0.1315104171875 0.6826171875 0.1223958328125 0.6875 0.1158854171875 0.68359375 0.09765625 0.6494140625 0.08854166718749999
7 0.6494140625 0.08854166718749999 0.6279296875 0.09375 0.611328125 0.1106770828125 0.61328125 0.1236979171875 0.6220703125 0.1302083328125 0.65234375 0.1315104171875 0.6826171875 0.1223958328125 0.6875 0.1158854171875 0.68359375 0.09765625 0.6494140625 0.08854166718749999
15 1 0.66015625 0.9677734375 0.6640625 0.9619140625 0.6432291671875 0.9521484375 0.6588541671875 0.7333984375 0.6640625 0.7080078125 0.65625 0.6650390625 0.6171875 0.5986328125 0.5807291671875 0.5380859375 0.5338541671875 0.5322265625 0.5364583328125 0.5224609375 0.5182291671875 0.5087890625 0.53125 0.4892578125 0.5130208328125 0.2978515625 0.53125 0.2900390625 0.5625 0.2353515625 0.5703125 0.232421875 0.5794270828125 0.23046875 0.6731770828125 0.22265625 0.7278645828125 0.232421875 0.8580729171874999 0.1884765625 0.90625 0.1630859375 0.9192708328125001 0.1279296875 0.9244791671874999 0.11328125 0.9153645828125001 0.115234375 0.87890625 0.138671875 0.8450520828125001 0.146484375 0.8111979171874999 0.17578125 0.7643229171875 0.17578125 0.7330729171875 0.16015625 0.6653645828125 0.150390625 0.5690104171875 0.1416015625 0.5677083328125 0.1376953125 0.5572916671875 0.09375 0.5690104171875 0.1015625 0.7278645828125 0.12109375 0.8033854171874999 0.12109375 0.8294270828125001 0.0869140625 0.8880208328125001 0.0517578125 0.9114583328125001 0.0205078125 0.9088541671874999 0.005859375 0.86328125 0.009765625 0.83203125 0.05078125 0.76953125 0.052734375 0.7513020828125 0.03515625 0.6966145828125 0.01953125 0.61328125 0.0126953125 0.6015625 0 0.59765625 0.0009765625 0.9973958328125001 0.2880859375 0.9973958328125001 0.2958984375 0.9895833328125001 0.3017578125 0.9973958328125001 1 0.99609375 1 0.66015625
5 0.39453125 0.5091145828125 0.42578125 0.5091145828125 0.44140625 0.50390625 0.44140625 0.37109375 0.3955078125 0.3697916671875 0.39453125 0.5091145828125
12 0.5927734375 0.3932291671875 0.544921875 0.4388020828125 0.5478515625 0.5286458328125 0.6416015625 0.5651041671875 0.6904296875 0.59375 0.732421875 0.60546875 0.9990234375 0.6015625 1 0.2877604171875 0.7255859375 0.2916666671875 0.5927734375 0.3932291671875
10 0.330078125 0.3815104171875 0.3359375 0.4049479171875 0.333984375 0.5169270828125 0.341796875 0.5169270828125 0.341796875 0.4752604171875 0.3466796875 0.46875 0.359375 0.51953125 0.357421875 0.4440104171875 0.369140625 0.4205729171875 0.3349609375 0.3776041671875 0.330078125 0.3815104171875
7 0.36328125 0.34765625 0.365234375 0.3372395828125 0.3466796875 0.3177083328125 0.341796875 0.3268229171875 0.36328125 0.34765625
7 0.33203125 0.1028645828125 0.33203125 0.11328125 0.3486328125 0.1276041671875 0.396484375 0.12890625 0.41015625 0.1184895828125 0.4013671875 0.09635416718749999 0.3486328125 0.09114583281250001 0.33203125 0.1028645828125
7 0.9150390625 0.09895833281250001 0.892578125 0.11328125 0.9033203125 0.1302083328125 0.939453125 0.1315104171875 0.9619140625 0.125 0.97265625 0.11328125 0.9580078125 0.09895833281250001 0.9150390625 0.09895833281250001
7 0.748046875 0.6575520828125 0.771484375 0.66015625 0.78125 0.65234375 0.78125 0.6315104171875 0.7470703125 0.6197916671875 0.748046875 0.6575520828125
7 0.8037109375 0.625 0.79296875 0.63671875 0.791015625 0.6497395828125 0.7978515625 0.6614583328125 0.828125 0.66015625 0.837890625 0.6549479171875 0.83984375 0.6419270828125 0.8271484375 0.6276041671875 0.8037109375 0.625
10 0.0439453125 0 0.0244140625 0.09375 0.025390625 0.006510417187500001 0.0009765625 0 0 0.5559895828125 0.013671875 0.5638020828125 0.02734375 0.6497395828125 0.05859375 0.7513020828125 0.056640625 0.7669270828125 0.017578125 0.8268229171874999 0.015625 0.86328125 0.0263671875 0.9010416671874999 0.0517578125 0.9036458328125001 0.0849609375 0.8828125 0.109375 0.8424479171874999 0.11328125 0.8111979171874999 0.09765625 0.72265625 0.08984375 0.56640625 0.1416015625 0.5416666671875 0.154296875 0.5638020828125 0.158203125 0.6315104171875 0.1796875 0.7513020828125 0.177734375 0.7721354171875 0.1484375 0.8138020828125001 0.140625 0.84765625 0.1171875 0.8815104171874999 0.1171875 0.9127604171874999 0.13671875 0.9153645828125001 0.1767578125 0.90625 0.23046875 0.8528645828125001 0.228515625 0.8033854171874999 0.21875 0.7721354171875 0.228515625 0.56640625 0.2822265625 0.5598958328125 0.29296875 0.5091145828125 0.28515625 0.34765625 0.271484375 0.22005208281250002 0.25 0.12890625 0.251953125 0.07942708281250001 0.232421875 0.01953125 0.2353515625 0 0.1826171875 0 0.1728515625 0.010416667187500001 0.1533203125 0.013020832812499999 0.1474609375 0.0234375 0.1279296875 0 0.0439453125 0
7 0.158203125 0.0299479171875 0.1767578125 0 0.1328125 0.0013020828125 0.1474609375 0.0286458328125 0.158203125 0.0299479171875
7 0.431640625 0.3190104171875 0.439453125 0.3138020828125 0.4384765625 0.3046875 0.40234375 0.30859375 0.431640625 0.3190104171875
10 0.5361328125 0.390625 0.515625 0.4231770828125 0.52734375 0.5169270828125 0.533203125 0.5169270828125 0.537109375 0.44140625 0.55078125 0.4205729171875 0.537109375 0.4049479171875 0.5361328125 0.390625