7 0.056640625 0.2903645828125 0.0537109375 0.2786458328125 0.037109375 0.2825520828125 0.0419921875 0.2916666671875 0.056640625 0.2903645828125
7 0.078125 0.2747395828125 0.0888671875 0.2864583328125 0.1171875 0.2877604171875 0.125 0.2799479171875 0.1162109375 0.2708333328125 0.0869140625 0.2682291671875 0.078125 0.2747395828125
12 1 0.54296875 0.96875 0.52734375 0.990234375 0.3815104171875 0.9921875 0.3346354171875 0.9853515625 0.2838541671875 0.7197265625 0.2864583328125 0.537109375 0.44140625 0.52764423125 0.5400641015625001 0.5625 0.5641025640625 0.72235576875 0.65705128125 0.9206730765625 0.6538461546875001 1 0.6458333328125 1 0.54296875
15 1 0.67578125 0.9794921875 0.6770833328125 0.9736328125 0.6588541671875 0.9658203125 0.671875 0.9443359375 0.6744791671875 0.7294921875 0.6744791671875 0.5771484375 0.578125 0.5341796875 0.5442708328125 0.5283203125 0.5260416671875 0.4951171875 0.5286458328125 0.4775390625 0.5182291671875 0.3427734375 0.5286458328125 0.3369140625 0.5390625 0.3310546875 0.5338541671875 0.3251953125 0.5416666671875 0.2880859375 0.5338541671875 0.2646484375 0.5416666671875 0.1767578125 0.5442708328125 0.1552734375 0.5625 0 0.5638020828125 0.0009765625 0.9973958328125001 0.9921875 0.99609375 1 0.9934895828125001 1 0.86328125 0.9921875 0.8294270828125001 0.9921875 0.7903645828125 1 0.76171875 1 0.67578125
7 0.6416015625 0.08854166718749999 0.6220703125 0.09375 0.60546875 0.1106770828125 0.6123046875 0.1276041671875 0.65234375 0.1315104171875 0.6767578125 0.1223958328125 0.681640625 0.1158854171875 0.6796875 0.1002604171875 0.6416015625 0.08854166718749999
7 0.322265625 0.09765625 0.32421875 0.11328125 0.3447265625 0.1276041671875 0.384765625 0.12890625 0.40234375 0.1158854171875 0.3916015625 0.09375 0.3369140625 0.08854166718749999 0.322265625 0.09765625
5 0.4404296875 0.5104166671875 0.4814453125 0.5104166671875 0.486328125 0.50390625 0.4833984375 0.3046875 0.26953125 0.3033854171875 0.271484375 0.3684895828125 0.2919921875 0.3723958328125 0.3125 0.3971354171875 0.328125 0.4361979171875 0.322265625 0.47265625 0.33984375 0.48828125 0.3447265625 0.5130208328125 0.361328125 0.5143229171875 0.3837890625 0.5078125 0.4150390625 0.5130208328125 0.4345703125 0.5026041671875 0.4404296875 0.5104166671875
10 0.3203125 0.41796875 0.3076171875 0.3958333328125 0.2900390625 0.3828125 0.28515625 0.3971354171875 0.296875 0.41015625 0.296875 0.4231770828125 0.28125 0.45703125 0.296875 0.4518229171875 0.3046875 0.49609375 0.302734375 0.52734375 0.31640625 0.52734375 0.326171875 0.5247395828125 0.318359375 0.51953125 0.314453125 0.4986979171875 0.3203125 0.41796875
7 0.35546875 0.3502604171875 0.357421875 0.33984375 0.3427734375 0.3203125 0.33203125 0.3216145828125 0.35546875 0.3502604171875
7 0.01953125 0.2669270828125 0.0166015625 0.2552083328125 0 0.2513020828125 0.0009765625 0.2682291671875 0.01953125 0.2669270828125
7 0.009765625 0.23307291718749998 0.0166015625 0.24479166718749998 0.044921875 0.24609375 0.048828125 0.23828125 0.0400390625 0.22916666718749998 0.0185546875 0.2265625 0.009765625 0.23307291718749998
7 0.4072265625 0.3203125 0.4296875 0.3190104171875 0.431640625 0.30859375 0.4267578125 0.3046875 0.39453125 0.30859375 0.4072265625 0.3203125
7 0.119140625 0.2565104171875 0.1181640625 0.2421875 0.09765625 0.24348958281250002 0.1044921875 0.2578125 0.119140625 0.2565104171875
7 0.9169921875 0.09895833281250001 0.888671875 0.11328125 0.8974609375 0.1328125 0.9296875 0.1341145828125 0.9560546875 0.1276041671875 0.966796875 0.1106770828125 0.9521484375 0.09895833281250001 0.9169921875 0.09895833281250001
10 0.1328125 0.4205729171875 0.146484375 0.4075520828125 0.13671875 0.3971354171875 0.126953125 0.33203125 0.1123046875 0.328125 0.095703125 0.37109375 0.107421875 0.52734375 0.11328125 0.55078125 0.1220703125 0.5546875 0.119140625 0.51953125 0.1240234375 0.4869791671875 0.12890625 0.5481770828125 0.1357421875 0.5572916671875 0.15625 0.5559895828125 0.15625 0.5481770828125 0.142578125 0.5377604171875 0.14453125 0.4700520828125 0.1328125 0.4205729171875
10 0.21484375 0.4934895828125 0.240234375 0.44140625 0.2421875 0.42578125 0.2373046875 0.4192708328125 0.220703125 0.41796875 0.2216796875 0.4427083328125 0.21875 0.4283854171875 0.2099609375 0.4270833328125 0.2109375 0.44921875 0.197265625 0.4700520828125 0.162109375 0.4908854171875 0.15625 0.5221354171875 0.16015625 0.53515625 0.1689453125 0.5078125 0.1826171875 0.5234375 0.1845703125 0.4973958328125 0.21484375 0.4934895828125
10 0.525390625 0.4309895828125 0.533203125 0.51953125 0.533203125 0.44140625 0.556640625 0.4153645828125 0.5458984375 0.3880208328125 0.525390625 0.4309895828125