12 0.0953125 0.50234375 0.190625 0.85859375
15 0.49921875 0.75546875 0.9953125 0.48125
7 0.1015625 0.03671875 0.028125 0.03515625
7 0.27734375 0.090625 0.0546875 0.03125
7 0.665625 0.34921875 0.015625 0.02734375
7 0.96796875 0.134375 0.0609375 0.04375
7 0.3453125 0.19375 0.05625 0.025
7 0.353125 0.25234375 0.04375 0.02109375
7 0.2796875 0.19140625 0.0125 0.0125
7 0.7 0.15234375 0.071875 0.0375
7 0.47421875 0.30625 0.0359375 0.01640625
7 0.48828125 0.28359375 0.0171875 0.0125
7 0.3828125 0.23125 0.021875 0.0125
7 0.4296875 0.27578125 0.028125 0.01484375
7 0.27890625 0.21484375 0.0109375 0.0125
7 0.6828125 0.02734375 0.096875 0.05390625
7 0.00234375 0.01484375 0.0046875 0.01640625
7 0.9921875 0.290625 0.0125 0.01875
7 0.43046875 0.31015625 0.0140625 0.00859375
14 0.26953125 0.45546875 0.1296875 0.28125
10 0.396875 0.40703125 0.065625 0.29375
10 0.47734375 0.446875 0.0390625 0.17265625
10 0.62734375 0.459375 0.0296875 0.13984375
10 0.6015625 0.45859375 0.03125 0.14609375