5 0.903125 0.54375 0.9984375 0.54375 0.9984375 0.5208333328125 0.9859375 0.5229166671875001 0.978125 0.5083333328124999 0.971875 0.1916666671875 0.9671875 0.1916666671875 0.9109375 0.19583333281249998 0.8984375 0.20416666718749998 0.89375 0.40416666718750005 0.903125 0.54375
7 0.9703125 0.1270833328125 0.965625 0.1270833328125 0.95625 0.15 0.95625 0.1708333328125 0.9671875 0.1604166671875 0.9703125 0.1270833328125
15 0 0.9979166671874999 0.9984375 0.9979166671874999 0.9984375 0.5666666671875 0.9546875 0.5666666671875 0.946875 0.5604166671875 0.9375 0.5604166671875 0.9078125 0.5645833328125 0.9 0.5958333328125 0.878125 0.5875 0.775 0.5854166671875001 0.6859375 0.6 0.575 0.5958333328125 0.5671875 0.6104166671875 0.5640625 0.6 0.553125 0.6125 0.5109375 0.6104166671875 0.4828125 0.63125 0.45625 0.6333333328124999 0.415625 0.6208333328125 0.40625 0.6291666671875 0.3765625 0.6208333328125 0.36875 0.6291666671875 0.3609375 0.6229166671875 0.3140625 0.63125 0.2046875 0.6666666671875 0.1890625 0.6604166671875 0.178125 0.6395833328125 0.128125 0.6604166671875 0.1015625 0.6416666671875 0.096875 0.64375 0.1046875 0.65 0.0953125 0.6541666671875 0.0890625 0.6291666671875 0.0640625 0.6229166671875 0.0671875 0.65625 0.08125 0.6541666671875 0.084375 0.6604166671875 0.04375 0.6770833328125 0.04375 0.7166666671875 0.028125 0.7354166671875 0.0203125 0.7354166671875 0.025 0.7479166671875 0.015625 0.7520833328125 0.0125 0.73125 0 0.7395833328125 0.0125 0.7604166671875 0.0234375 0.7625 0.0046875 0.7645833328125 0 0.78125 0.0046875 0.7895833328124999 0 0.79375 0 0.9979166671874999
10 0.1453125 0.125 0.1265625 0.1270833328125 0.1171875 0.1729166671875 0.1109375 0.2645833328125 0.1296875 0.30625 0.128125 0.3479166671875 0.1421875 0.3708333328125 0.1375 0.43333333281249997 0.1234375 0.5020833328125 0.11875 0.6395833328125 0.1375 0.6416666671875 0.15625 0.63125 0.14375 0.59375 0.1453125 0.5479166671875 0.153125 0.5395833328124999 0.1625 0.47083333281249995 0.1703125 0.46458333281249997 0.18125 0.4166666671875 0.1890625 0.40625 0.1953125 0.4375 0.196875 0.6291666671875 0.1921875 0.6479166671875001 0.209375 0.6520833328125 0.259375 0.64375 0.265625 0.6333333328124999 0.23125 0.6083333328125 0.2265625 0.55 0.2328125 0.4375 0.225 0.425 0.225 0.40833333281249995 0.2359375 0.3645833328125 0.259375 0.3416666671875 0.259375 0.3125 0.24375 0.13333333281249998 0.2203125 0.1145833328125 0.2203125 0.075 0.2046875 0.04375 0.19375 0.04375 0.18125 0.05625 0.18125 0.0895833328125 0.1734375 0.1 0.1453125 0.125
7 0.9875 0.10625 0.9953125 0.0791666671875 0.9921875 0.0666666671875 0.984375 0.0666666671875 0.9734375 0.0770833328125 0.96875 0.1020833328125 0.9734375 0.1145833328125 0.9875 0.10625
7 0.7 0.1916666671875 0.6921875 0.1708333328125 0.6796875 0.1583333328125 0.6765625 0.1583333328125 0.671875 0.16458333281249998 0.6765625 0.1770833328125 0.696875 0.2 0.7 0.1916666671875
7 0.6703125 0.13333333281249998 0.6484375 0.09375 0.64375 0.09375 0.6390625 0.10833333281249999 0.659375 0.14791666718750002 0.671875 0.1541666671875 0.6703125 0.13333333281249998
5 0.7328125 0.5520833328125 0.74375 0.575 0.896875 0.5791666671875 0.9 0.4583333328125 0.89375 0.375 0.9 0.1416666671875 0.8921875 0.1416666671875 0.8328125 0.1520833328125 0.74375 0.14791666718750002 0.7390625 0.1583333328125 0.7328125 0.5520833328125
7 0.7875 0.1979166671875 0.803125 0.20625 0.8390625 0.20416666718749998 0.853125 0.1916666671875 0.8515625 0.1833333328125 0.828125 0.175 0.8390625 0.16458333281249998 0.8375 0.1625 0.8203125 0.16458333281249998 0.8203125 0.17916666718750002 0.7953125 0.1833333328125 0.7875 0.1979166671875
10 0.4515625 0.19375 0.4484375 0.2604166671875 0.4359375 0.2854166671875 0.44375 0.30416666718749996 0.446875 0.47291666718750003 0.46875 0.5541666671875001 0.4640625 0.5854166671875001 0.4375 0.6020833328124999 0.434375 0.6145833328125 0.453125 0.6145833328125 0.4546875 0.6083333328125 0.4609375 0.6229166671875 0.4796875 0.6229166671875 0.5015625 0.6104166671875 0.4859375 0.45625 0.4859375 0.41875 0.5 0.35208333281250004 0.4984375 0.2270833328125 0.4859375 0.16875 0.4609375 0.15625 0.4546875 0.1354166671875 0.4421875 0.12291666718750001 0.428125 0.12291666718750001 0.4203125 0.13125 0.4140625 0.1604166671875 0.428125 0.1854166671875 0.4515625 0.19375
1 0 0 0 0.6375 0.0203125 0.6729166671875 0.059375 0.6583333328125 0.0375 0.64375 0.0421875 0 0.03375 0 0 0
4 0.24375 0.45625 0.2390625 0.44166666718750003 0.2359375 0.4479166671875 0.23125 0.53125 0.2359375 0.6041666671875 0.4390625 0.59375 0.453125 0.5854166671875001 0.45625 0.5166666671875 0.44375 0.46666666718750005 0.4421875 0.40416666718750005 0.43125 0.4125 0.4234375 0.3895833328125 0.375 0.3875 0.38125 0.3958333328125 0.3765625 0.39791666718749996 0.3640625 0.38333333281250004 0.2875 0.3770833328125 0.2765625 0.3770833328125 0.259375 0.38125 0.246875 0.42291666718750004 0.2484375 0.45 0.24375 0.45625
10 0.071875 0.21458333281250003 0.0828125 0.28958333281250004 0.08125 0.36875 0.0953125 0.40208333281249997 0.0953125 0.6229166671875 0.1078125 0.6229166671875 0.109375 0.6104166671875 0.11875 0.60625 0.1203125 0.5041666671875 0.134375 0.43541666718750005 0.1390625 0.36875 0.125 0.35625 0.1265625 0.3083333328125 0.10625 0.25625 0.1203125 0.1354166671875 0.1265625 0.12291666718750001 0.1546875 0.1125 0.153125 0.1020833328125 0.1421875 0.09375 0.134375 0.09375 0.1125 0.1041666671875 0.10625 0.14791666718750002 0.0796875 0.1875 0.071875 0.21458333281250003
10 0.31875 0.28958333281250004 0.315625 0.3333333328125 0.3359375 0.34375 0.3296875 0.3708333328125 0.340625 0.3645833328125 0.36875 0.3770833328125 0.3828125 0.375 0.3890625 0.3395833328125 0.3859375 0.31875 0.3921875 0.3020833328125 0.40625 0.3166666671875 0.415625 0.3416666671875 0.4359375 0.30625 0.4359375 0.28958333281250004 0.41875 0.3 0.390625 0.2604166671875 0.3921875 0.20625 0.3765625 0.1916666671875 0.371875 0.1916666671875 0.3609375 0.21458333281250003 0.3609375 0.23958333281250002 0.334375 0.2541666671875 0.31875 0.28958333281250004
14 0.49375 0.55625 0.5015625 0.5916666671875 0.5484375 0.6020833328124999 0.528125 0.5604166671875 0.5140625 0.5104166671875 0.5140625 0.40833333281249995 0.5375 0.3458333328125 0.5328125 0.3333333328125 0.51875 0.3291666671875 0.51015625 0.3291666671875 0.5015625 0.3291666671875 0.4984375 0.3770833328125 0.4875 0.4145833328125 0.49375 0.55625