15 0 0.9979166671874999 0.9984375 0.9979166671874999 0.9984375 0.625 0.9890625 0.6229166671875 0.9875 0.5916666671875 0.9796875 0.5854166671875001 0.978125 0.5666666671875 0.9546875 0.5583333328125 0.86875 0.5625 0.8640625 0.59375 0.8375 0.6020833328124999 0.825 0.5791666671875 0.8296875 0.55 0.8171875 0.55 0.8140625 0.5583333328125 0.821875 0.5875 0.809375 0.6 0.79375 0.6020833328124999 0.7828125 0.575 0.79375 0.55 0.7609375 0.54375 0.759375 0.5416666671875 0.740625 0.55 0.5625 0.5583333328125 0.50625 0.5729166671875 0.3765625 0.575 0.340625 0.5875 0.3203125 0.5854166671875001 0.31875 0.60625 0.3109375 0.6166666671875001 0.29375 0.6166666671875001 0.2890625 0.60625 0.278125 0.6354166671875 0.275 0.6291666671875 0.2359375 0.6291666671875 0.2328125 0.6104166671875 0.1859375 0.5958333328125 0.175 0.6104166671875 0.1265625 0.6020833328124999 0.1078125 0.625 0.065625 0.61875 0.0328125 0.6354166671875 0.0046875 0.625 0 0.6291666671875 0 0.9979166671874999
5 0.5265625 0.3291666671875 0.53125 0.375 0.521875 0.45208333281249996 0.525 0.48125 0.5359375 0.47291666718750003 0.55 0.4791666671875 0.5578125 0.5041666671875 0.5546875 0.5375 0.5359375 0.55 0.7203125 0.5520833328125 0.740625 0.5479166671875 0.7359375 0.54375 0.74375 0.5375 0.7953125 0.5354166671875 0.8109375 0.46875 0.809375 0.3895833328125 0.796875 0.38125 0.796875 0.34375 0.81875 0.2833333328125 0.821875 0.2416666671875 0.840625 0.23125 0.846875 0.21458333281250003 0.8484375 0.1729166671875 0.840625 0.11875 0.8390625 0.11875 0.4546875 0.1729166671875 0.4578125 0.2645833328125 0.48125 0.2833333328125 0.4984375 0.2791666671875 0.509375 0.3083333328125 0.5265625 0.3291666671875
7 0.5859375 0.2125 0.5828125 0.2125 0.578125 0.225 0.6109375 0.2666666671875 0.6234375 0.2666666671875 0.5859375 0.2125
11 0.14930555625 0 0.0796875 0.0020833328125000002 0.08125 0.3875 0.103125 0.39791666718749996 0.165625 0.40625 0.1609375 0.5125 0.171875 0.5708333328124999 0.165625 0.5833333328125 0.1734375 0.5833333328125 0.1953125 0.5520833328125 0.196875 0.40833333281249995 0.1953125 0.3854166671875 0.184375 0.3645833328125 0.19375 0.3458333328125 0.1875 0.3229166671875 0.190625 0.04375 0.1890625 0.029166667187500002 0.1578125 0 0.14930555625 0
7 0.1890625 0.1291666671875 0.190625 0.1520833328125 0.2046875 0.14375 0.196875 0.1291666671875 0.1890625 0.1291666671875
7 0 0.1166666671875 0.0046875 0.1166666671875 0.0109375 0.1020833328125 0.003125 0.0916666671875 0 0.0916666671875 0 0.1166666671875
10 0.309375 0.3895833328125 0.3125 0.54375 0.3171875 0.5 0.3234375 0.5604166671875 0.3453125 0.5729166671875 0.359375 0.55625 0.3609375 0.5416666671875 0.3453125 0.4604166671875 0.3421875 0.3916666671875 0.346875 0.3854166671875 0.3609375 0.3895833328125 0.371875 0.3604166671875 0.3609375 0.36666666718749996 0.340625 0.3541666671875 0.3375 0.2833333328125 0.3296875 0.2708333328125 0.325 0.2708333328125 0.3171875 0.28125 0.31875 0.3125 0.3 0.3291666671875 0.309375 0.3895833328125
10 0.7984375 0.3770833328125 0.8140625 0.3875 0.8109375 0.48125 0.8 0.5104166671875 0.79375 0.5708333328124999 0.8046875 0.5875 0.8140625 0.5833333328125 0.809375 0.5479166671875 0.8375 0.45625 0.8484375 0.47291666718750003 0.85 0.4895833328125 0.8421875 0.5020833328125 0.834375 0.575 0.853125 0.5895833328125 0.8625 0.5854166671875001 0.85625 0.55625 0.875 0.47083333281249995 0.8734375 0.43958333281249995 0.878125 0.42291666718750004 0.89375 0.40625 0.875 0.3291666671875 0.8765625 0.3083333328125 0.8640625 0.2854166671875 0.8609375 0.2479166671875 0.846875 0.23333333281250002 0.8375 0.23333333281250002 0.825 0.2416666671875 0.825 0.275 0.8 0.35 0.7984375 0.3770833328125
4 0.0329275984375 0.6047593515624999 0.0391775984375 0.6005926859375 0.0407400984375 0.5130926859375 0.0485525984375 0.5047593515625 0.06105259843750001 0.5005926859375001 0.0933137671875 0.50333805 0.0924177859375 0.6209683046875 0.0955537328125 0.6215654296875 0.09656293593750001 0.502911925 0.0991376828125 0.5660343859375 0.10720150312500001 0.6173856671875 0.10949009843749999 0.6151760187499999 0.1063650984375 0.5047593515625 0.1376150984375 0.5047593515625 0.1532400984375 0.5047593515625 0.1641775984375 0.5526760187499999 0.1730562359375 0.6120116921875 0.1766775984375 0.6047593515624999 0.173952246875 0.5833505015625 0.1626150984375 0.5193426859375 0.16574009843749998 0.4047593515625 0.12042759843749999 0.3985093515625 0.1077468375 0.3978209625 0.10215490468749999 0.4164541078125 0.0960037609375 0.49322268906250005 0.0376150984375 0.49642601875 0.0329275984375 0.6047593515624999
10 0.0484375 0.60625 0.05625 0.5979166671875 0.05625 0.5854166671875001 0.046875 0.5166666671875 0.0421875 0.5166666671875 0.046875 0.54375 0.040625 0.5458333328125 0.0390625 0.6020833328124999 0.0484375 0.60625
10 0 0.5833333328125 0.0140625 0.5833333328125 0.01875 0.5145833328125 0.0296875 0.5354166671875 0.0328125 0.5020833328125 0.0609375 0.43541666718750005 0.071875 0.3854166671875 0.0515625 0.3458333328125 0.0015625 0.30416666718749996 0 0.30416666718749996 0 0.5833333328125
4 0.4640625 0.5479166671875 0.4625 0.44166666718750003 0.45 0.45208333281249996 0.415625 0.4375 0.35 0.43333333281249997 0.3484375 0.43333333281249997 0.3453125 0.44375 0.3625 0.55625 0.4546875 0.55625 0.4640625 0.5479166671875
10 0.409375 0.5520833328125 0.4046875 0.5520833328125 0.3859375 0.55625 0.3875 0.5645833328125 0.41875 0.5583333328125 0.409375 0.5520833328125
10 0.3765625 0.3770833328125 0.3765625 0.39375 0.3875 0.4 0.3828125 0.4291666671875 0.3890625 0.43541666718750005 0.41875 0.43541666718750005 0.4234375 0.40208333281249997 0.4375 0.3958333328125 0.434375 0.3770833328125 0.415625 0.3479166671875 0.409375 0.3125 0.4015625 0.3125 0.3953125 0.3270833328125 0.396875 0.34375 0.3828125 0.3583333328125 0.3765625 0.3770833328125
11 0.146875 0.5208333328125 0.1515625 0.5666666671875 0.1578125 0.5666666671875 0.153125 0.5083333328124999 0.1078125 0.50625 0.10625 0.50625 0.1109375 0.5708333328124999 0.1390625 0.56875 0.140625 0.5125 0.146875 0.5208333328125
5 0.8423763890625 0.4990449234375 0.8498358015624999 0.4871141828125 0.8408844656250001 0.4483392890625 0.8356629859375 0.46623538125 0.816268490625 0.538814075 0.8274576609375 0.5437852015625 0.8379007203125 0.5408025265624999 0.8423763890625 0.4990449234375
11 0.8890625 0.5416666671875 0.8890625 0.41875 0.8875 0.41875 0.875 0.4375 0.8640625 0.55625 0.88125 0.5541666671875001 0.8890625 0.5416666671875
11 0.8484375 0 0.85 0.225 0.8703125 0.25833333281250004 0.8671875 0.2854166671875 0.8765625 0.3 0.878125 0.3333333328125 0.8875 0.3645833328125 0.8875 0.0958333328125 0.8855255421875 0 0.8484375 0
10 0.2125 0.2520833328125 0.2078125 0.325 0.228125 0.3416666671875 0.228125 0.41041666718750003 0.2609375 0.5895833328125 0.2375 0.6166666671875001 0.2484375 0.6208333328125 0.2796875 0.60625 0.2671875 0.46875 0.2703125 0.43333333281249997 0.2921875 0.5645833328125 0.2890625 0.58125 0.2984375 0.6083333328125 0.3125 0.60625 0.3046875 0.56875 0.309375 0.525 0.3078125 0.3895833328125 0.2984375 0.3270833328125 0.3171875 0.3125 0.3171875 0.2979166671875 0.2984375 0.22916666718749998 0.278125 0.2104166671875 0.2609375 0.1583333328125 0.2453125 0.1458333328125 0.2375 0.1458333328125 0.2265625 0.16458333281249998 0.2234375 0.21458333281250003 0.228125 0.2208333328125 0.2125 0.2520833328125
14 0.2859375 0.5833333328125 0.290625 0.5666666671875 0.2765625 0.5083333328124999 0.271875 0.4458333328125 0.26875 0.4458333328125 0.26875 0.5020833328125 0.2796875 0.5458333328125 0.28125 0.58125 0.2859375 0.5833333328125
14 0.2125 0.5041666671875 0.2 0.5520833328125 0.178125 0.5875 0.215625 0.5875 0.228125 0.5958333328125 0.253125 0.5895833328125 0.2578125 0.58125 0.225 0.40208333281249997 0.2234375 0.35 0.21458333281250003 0.35 0.190625 0.35208333281250004 0.1859375 0.3604166671875 0.209375 0.4166666671875 0.2125 0.5041666671875
14 0.4703125 0.5583333328125 0.4953125 0.5479166671875 0.4890625 0.39791666718749996 0.47890625 0.39791666718749996 0.4453125 0.40625 0.471875 0.4375 0.465625 0.4770833328125 0.4703125 0.5583333328125
12 0.9796875 0.55625 0.990625 0.6020833328124999 0.9890625 0.6333333328124999 0.9984375 0.64375 0.9984375 0.6333333328124999 0.9984375 0.32083333281250004 0.978125 0.3416666671875 0.9828125 0.3604166671875 0.9796875 0.55625
10 0.490625 0.4895833328125 0.4984375 0.5541666671875001 0.5109375 0.5583333328125 0.521875 0.5520833328125 0.5171875 0.45416666718750004 0.525 0.425 0.5296875 0.3583333328125 0.5203125 0.32083333281250004 0.509375 0.3125 0.496875 0.28125 0.4890625 0.28125 0.48125 0.2916666671875 0.48125 0.30625 0.5015625 0.3291666671875 0.490625 0.4895833328125