11 0.63984375 0.390625 0.0453125 0.27265625
11 0.53359375 0.275 0.0484375 0.55
18 0.37265625 0.275 0.2859375 0.43359375
15 0.49921875 0.75703125 0.9953125 0.47734375
7 0.33203125 0.01640625 0.0984375 0.0328125
7 0.6640625 0.02265625 0.09375 0.0453125
7 0.9390625 0.03984375 0.0125 0.025
14 0.63515625 0.47421875 0.0828125 0.18984375
10 0.5796875 0.41640625 0.071875 0.29140625
10 0.05234375 0.34921875 0.1046875 0.55625
10 0.22734375 0.43203125 0.0484375 0.24765625
10 0.2953125 0.43203125 0.08125 0.24765625