5 0.47265625 0.3059895828125 0.4306640625 0.2994791671875 0.2568359375 0.2994791671875 0.25390625 0.3580729171875 0.2607421875 0.375 0.2783203125 0.375 0.28125 0.38671875 0.3046875 0.41015625 0.3046875 0.42578125 0.310546875 0.4283854171875 0.3046875 0.4388020828125 0.3046875 0.4752604171875 0.322265625 0.48828125 0.326171875 0.51171875 0.40625 0.5143229171875 0.4228515625 0.5078125 0.4580078125 0.5104166671875 0.47265625 0.4986979171875 0.47265625 0.3059895828125
5 0.3125 0.48046875 0.322265625 0.4908854171875 0.322265625 0.5091145828125 0.328125 0.5169270828125 0.3671875 0.51171875 0.3642578125 0.3671875 0.310546875 0.37109375 0.3125 0.48046875
15 1 0.6627604171875 0.99609375 0.67578125 0.9853515625 0.6822916671875 0.9697265625 0.6484375 0.9169921875 0.6484375 0.9091796875 0.6588541671875 0.8818359375 0.6536458328125 0.8720703125 0.6744791671875 0.8525390625 0.6744791671875 0.8388671875 0.6536458328125 0.8056640625 0.6796875 0.7451171875 0.6796875 0.75390625 0.6705729171875 0.7470703125 0.6666666671875 0.73828125 0.6705729171875 0.7412109375 0.6770833328125 0.7177734375 0.6744791671875 0.7119140625 0.65625 0.6865234375 0.65625 0.5654296875 0.578125 0.5166015625 0.5390625 0.5126953125 0.5234375 0.4814453125 0.5260416671875 0.4697265625 0.5182291671875 0.1494140625 0.5442708328125 0.1240234375 0.5625 0 0.5638020828125 0 0.9934895828125001 0.0048828125 0.9973958328125001 1 0.99609375 1 0.6627604171875
7 0.060546875 0.2721354171875 0.0732421875 0.2838541671875 0.1015625 0.2825520828125 0.107421875 0.2747395828125 0.1005859375 0.2682291671875 0.0693359375 0.265625 0.060546875 0.2721354171875
12 0.5771484375 0.3880208328125 0.5556640625 0.4166666671875 0.521484375 0.4388020828125 0.51953125 0.51953125 0.5244140625 0.5286458328125 0.7119140625 0.6197916671875 0.767578125 0.6184895828125 1 0.61328125 0.9990234375 0.2734375 0.7197265625 0.2734375 0.5771484375 0.3880208328125
7 0.6337890625 0.08333333281250001 0.6123046875 0.08854166718749999 0.595703125 0.1028645828125 0.6005859375 0.1223958328125 0.64453125 0.1263020828125 0.6689453125 0.1171875 0.671875 0.09765625 0.6572265625 0.0859375 0.6337890625 0.08333333281250001
7 0.3251953125 0.08072916718749999 0.30859375 0.09505208281250001 0.3115234375 0.109375 0.3291015625 0.1197916671875 0.375 0.12109375 0.388671875 0.11328125 0.388671875 0.09505208281250001 0.3779296875 0.0859375 0.3251953125 0.08072916718749999
7 0.9130859375 0.09375 0.880859375 0.1106770828125 0.8857421875 0.1276041671875 0.927734375 0.12890625 0.9501953125 0.1223958328125 0.958984375 0.1080729171875 0.9404296875 0.09375 0.9130859375 0.09375
7 0.341796875 0.3450520828125 0.3291015625 0.3203125 0.3203125 0.3190104171875 0.3369140625 0.3463541671875 0.341796875 0.3450520828125
7 0.072265625 0.7877604171875 0.0732421875 0.7994791671875 0.091796875 0.8033854171874999 0.10546875 0.7955729171875 0.1005859375 0.7786458328125 0.0830078125 0.7786458328125 0.072265625 0.7877604171875
7 0.0849609375 0.2526041671875 0.1015625 0.2513020828125 0.103515625 0.24348958281250002 0.0966796875 0.23697916718749998 0.078125 0.24348958281250002 0.0849609375 0.2526041671875
7 0.0009765625 0.2421875 0.025390625 0.24088541718749998 0.029296875 0.23307291718749998 0.0244140625 0.2265625 0 0.22526041718749998 0.0009765625 0.2421875
10 0.521484375 0.3893229171875 0.521484375 0.4049479171875 0.509765625 0.4153645828125 0.505859375 0.43359375 0.517578125 0.4830729171875 0.517578125 0.4361979171875 0.541015625 0.4153645828125 0.5283203125 0.3854166671875 0.521484375 0.3893229171875
14 0.0400390625 0.40625 0.03515625 0.4127604171875 0.056640625 0.4596354171875 0.05078125 0.4674479171875 0.048828125 0.55078125 0.087890625 0.5559895828125 0.09375 0.53515625 0.08984375 0.4127604171875 0.0849609375 0.40625 0.0400390625 0.40625
10 0.12109375 0.36328125 0.119140625 0.3346354171875 0.1044921875 0.3255208328125 0.08203125 0.3736979171875 0.08203125 0.40234375 0.08984375 0.4127604171875 0.08984375 0.4388020828125 0.1015625 0.4856770828125 0.08984375 0.5481770828125 0.0986328125 0.5572916671875 0.12890625 0.5559895828125 0.1171875 0.5325520828125 0.12890625 0.4622395828125 0.130859375 0.3893229171875 0.12109375 0.36328125
10 0.0361328125 0.4791666671875 0.03125 0.52734375 0.0390625 0.53515625 0.0361328125 0.4791666671875
10 0.052734375 0.3815104171875 0.05859375 0.3450520828125 0.0498046875 0.3359375 0.01953125 0.3841145828125 0.02734375 0.41015625 0.025390625 0.4466145828125 0.0302734375 0.4557291671875 0.044921875 0.45703125 0.048828125 0.4466145828125 0.033203125 0.41015625 0.060546875 0.40234375 0.052734375 0.3815104171875
14 0.2294921875 0.4296875 0.201171875 0.4778645828125 0.19921875 0.51171875 0.185546875 0.5325520828125 0.1865234375 0.5390625 0.2265625 0.5377604171875 0.24609375 0.53515625 0.23046875 0.4908854171875 0.2373046875 0.4296875 0.2294921875 0.4296875