11 0.24453125 0.340625 0.0828125 0.55625
11 0.36796875 0.47109375 0.1484375 0.30859375
5 0.80078125 0.41875 0.0859375 0.225
15 0.49921875 0.76171875 0.9984375 0.47265625
7 0.16796875 0.06796875 0.0796875 0.04765625
7 0.7796875 0.275 0.025 0.05
7 0.35 0.13125 0.05 0.02890625
7 0.46171875 0.20859375 0.0546875 0.02890625
7 0.3328125 0.18515625 0.04375 0.025
7 0.4 0.22734375 0.021875 0.01640625
7 0.934375 0.13671875 0.025 0.02265625
7 0.45859375 0.14140625 0.0296875 0.02109375
7 0.84765625 0.26015625 0.0265625 0.02109375
10 0.421875 0.409375 0.084375 0.36015625
10 0.6515625 0.43515625 0.075 0.28359375
10 0.7234375 0.428125 0.0375 0.25234375
10 0.30546875 0.41796875 0.0484375 0.25625