11 0.04375 0.44140625 0.0875 0.49140625
11 0.58203125 0.26953125 0.0421875 0.5390625
18 0.43671875 0.3 0.2578125 0.3875
12 0.86015625 0.45390625 0.2765625 0.47890625
15 0.49921875 0.75546875 0.9953125 0.48125
7 0.40546875 0.06875 0.0859375 0.04609375
7 0.7 0.071875 0.084375 0.04765625
7 0.125 0.0625 0.0375 0.04140625
7 0.40546875 0.046875 0.0890625 0.09375
7 0.70078125 0.04765625 0.0859375 0.0953125
10 0.6265625 0.42578125 0.06875 0.25234375
10 0.20234375 0.39921875 0.1015625 0.38515625
10 0.01484375 0.17109375 0.0296875 0.06640625