11 0.60625 0.27109375 0.040625 0.54140625
11 0.10390625 0.45078125 0.2078125 0.40234375
18 0.46875 0.309375 0.24375 0.37734375
15 0.49921875 0.75625 0.9953125 0.47890625
7 0.43984375 0.08828125 0.0828125 0.04375
7 0.7203125 0.084375 0.08125 0.04375
7 0.1828125 0.084375 0.040625 0.03515625
7 0.72109375 0.05390625 0.0828125 0.1078125
7 0.43984375 0.05546875 0.0828125 0.11015625
7 0.109375 0.15390625 0.040625 0.1625
10 0.64765625 0.43203125 0.0671875 0.23515625
10 0.2734375 0.41015625 0.0875 0.3375