5 0.53828125 0.38203125 0.1078125 0.36484375
5 0.1078125 0.3875 0.115625 0.52890625
15 0.49921875 0.77890625 0.9984375 0.4375
7 0.55859375 0.24140625 0.0328125 0.02890625
7 0.684375 0.24453125 0.0375 0.02734375
7 0.53984375 0.359375 0.0671875 0.08125
7 0.353125 0.35703125 0.053125 0.03984375
10 0.290625 0.39765625 0.109375 0.40390625
10 0.9171875 0.384375 0.121875 0.43984375
10 0.421875 0.39375 0.0875 0.4125
10 0.7078125 0.41953125 0.071875 0.32734375
10 0.81640625 0.40078125 0.0703125 0.27265625