7 0.3375 0.0479166671875 0.3390625 0.05625 0.4046875 0.06875 0.4375 0.054166667187499996 0.4359375 0.0270833328125 0.4015625 0.0041666671875 0.3927083328125 0.0041666671875 0.353125 0.00625 0.34375 0.0416666671875 0.346875 0.05625 0.3375 0.0479166671875
5 0.35 0.3895833328125 0.3609375 0.3895833328125 0.365625 0.4375 0.3828125 0.45416666718750004 0.3875 0.4 0.39375 0.3916666671875 0.4015625 0.3958333328125 0.41875 0.43125 0.409375 0.45625 0.4171875 0.5145833328125 0.525 0.5125 0.5296875 0.5083333328124999 0.528125 0.3270833328125 0.5202473953125 0.3270833328125 0.3390625 0.3270833328125 0.3375 0.3958333328125 0.34375 0.40416666718750005 0.35 0.3895833328125
4 0.365625 0.525 0.3703125 0.47083333281249995 0.353125 0.46666666718750005 0.3421875 0.46666666718750005 0.3296875 0.46875 0.3328125 0.5104166671875 0.34375 0.5270833328125 0.365625 0.525
14 0.365625 0.5229166671875001 0.3828125 0.525 0.3921875 0.5166666671875 0.3921875 0.4916666671875 0.3828125 0.48541666718750004 0.3828125 0.45416666718750004 0.3703125 0.45 0.3609375 0.45 0.353125 0.45416666718750004 0.353125 0.46666666718750005 0.3671875 0.47291666718750003 0.365625 0.5229166671875001
10 0.403125 0.49583333281249997 0.4078125 0.51875 0.4125 0.5125 0.4078125 0.45416666718750004 0.4171875 0.43125 0.4 0.40833333281249995 0.4 0.3958333328125 0.3921875 0.3958333328125 0.3890625 0.48125 0.3953125 0.4916666671875 0.3953125 0.5145833328125 0.403125 0.49583333281249997
7 0.4 0.3395833328125 0.396875 0.3395833328125 0.396875 0.3541666671875 0.4109375 0.3645833328125 0.4109375 0.35208333281250004 0.4 0.3395833328125
10 0.1546875 0 0.1640625 0.17916666718750002 0.1765625 0.23958333281250002 0.17567630625 0.2508084578125 0.1859375 0.23541666718749998 0.1875 0.21875 0.2234375 0.22916666718749998 0.234375 0.22291666718749997 0.2640625 0.1833333328125 0.2890625 0.12291666718750001 0.2765625 0.11041666718750001 0.2640625 0.11041666718750001 0.2578125 0.1583333328125 0.2203125 0.19583333281249998 0.209375 0.1875 0.1890625 0.1625 0.1828125 0.0895833328125 0.1609375 0 0.1546875 0
10 0 0 0 0.8041666671875 0.08125 0.7833333328125 0.090625 0.7791666671875 0.0953125 0.7645833328125 0.0921875 0.7541666671875 0.05625 0.75 0.040625 0.7291666671875 0.0234375 0.7208333328125 0.0234375 0.6875 0.0109375 0.6458333328125 0.0171875 0.5479166671875 0.034375 0.48541666718750004 0.034375 0.4458333328125 0.05625 0.3333333328125 0.0765625 0.3625 0.1109375 0.4604166671875 0.115625 0.6291666671875 0.121875 0.6645833328124999 0.11875 0.7145833328125 0.1265625 0.7354166671875 0.1140625 0.7895833328124999 0.140625 0.7979166671875 0.1890625 0.7958333328125 0.225 0.7770833328125 0.21875 0.7520833328125 0.1984375 0.7416666671875001 0.1875 0.7208333328125 0.184375 0.44375 0.171875 0.33125 0.171875 0.23333333281250002 0.184375 0.20625 0.184375 0.1375 0.1765625 0.08333333281250001 0.1703125 0.0791666671875 0.175 0.075 0.16875 0.0333333328125 0.1546875 0 0.146546053125 0 0 0
10 0.1875 0.3479166671875 0.175 0.28958333281250004 0.1734375 0.2875 0.1890625 0.53125 0.1984375 0.525 0.1984375 0.5020833328125 0.1875 0.3479166671875
7 0.215625 0.30416666718749996 0.2015625 0.3 0.1875 0.3 0.178125 0.30416666718749996 0.1828125 0.3145833328125 0.2171875 0.3125 0.215625 0.30416666718749996
7 0.721875 0.06875 0.771875 0.054166667187499996 0.78125 0.0416666671875 0.775 0.014583332812499999 0.746875 0.0041666671875 0.7375 0.0041666671875 0.6921875 0.0208333328125 0.6828125 0.0395833328125 0.684375 0.05625 0.721875 0.06875
10 0.56875 0.45625 0.578125 0.43541666718750005 0.5609375 0.40625 0.559375 0.40625 0.5453125 0.43125 0.559375 0.525 0.5671875 0.51875 0.56875 0.45625
10 0.281657609375 0.5185688390625 0.284375 0.53125 0.290625 0.5333333328125 0.29375 0.51875 0.2921875 0.4166666671875 0.296875 0.40625 0.278125 0.36666666718749996 0.2734375 0.36666666718749996 0.2546875 0.4145833328125 0.265625 0.42083333281249996 0.259375 0.5354166671875 0.275 0.49375 0.284375 0.5104166671875 0.281657609375 0.5185688390625
12 0.5703125 0.45 0.5703125 0.53125 0.634375 0.575 0.71875 0.60625 0.7484375 0.59375 0.76875 0.6104166671875 0.7859375 0.5958333328125 0.840625 0.6083333328125 0.846875 0.5979166671875 0.859375 0.5958333328125 0.8625 0.5895833328125 0.8546875 0.5833333328125 0.8640625 0.5729166671875 0.8625 0.3791666671875 0.8578125 0.36666666718749996 0.8453125 0.3708333328125 0.8453125 0.3645833328125 0.8171875 0.36666666718749996 0.809375 0.3604166671875 0.8010416671874999 0.3604166671875 0.6890625 0.36666666718749996 0.6125 0.42083333281249996 0.5796875 0.43541666718750005 0.5703125 0.45
15 0 0.9979166671874999 0.8640625 0.9979166671874999 0.8625 0.6208333328125 0.85 0.6104166671875 0.81875 0.6166666671875001 0.6921875 0.6145833328125 0.66875 0.59375 0.603125 0.5645833328125 0.5765625 0.5395833328124999 0.5625 0.5458333328125 0.5578125 0.5333333328125 0.540625 0.53125 0.525 0.51875 0.475 0.5166666671875 0.4734375 0.5166666671875 0.2984375 0.5375 0.290625 0.5520833328125 0.2703125 0.5375 0.265625 0.5458333328125 0.190625 0.5479166671875 0.1921875 0.7166666671875 0.2 0.7354166671875 0.21875 0.7458333328125 0.2296875 0.7666666671875 0.225 0.7875 0.1921875 0.8041666671875 0.125 0.8020833328125001 0.1109375 0.79375 0.11875 0.7375 0.109375 0.6958333328124999 0.0953125 0.6833333328125 0.10625 0.6333333328124999 0.10625 0.575 0.103125 0.58125 0.096875 0.5729166671875 0.0203125 0.5708333328124999 0.0171875 0.65625 0.0296875 0.6895833328125 0.0296875 0.7145833328125 0.059375 0.7458333328125 0.090625 0.7479166671875 0.0984375 0.76875 0.0828125 0.7895833328124999 0 0.8104166671874999 0 0.9979166671874999
10 0.0765625 0.5729166671875 0.1046875 0.5729166671875 0.1015625 0.6854166671875 0.1125 0.6854166671875 0.1140625 0.7041666671875 0.1171875 0.6708333328125 0.109375 0.5395833328124999 0.1046875 0.5520833328125 0.109375 0.4625 0.071875 0.3625 0.0703125 0.3625 0.071875 0.5375 0.0921875 0.5458333328125 0.0734375 0.5666666671875 0.0765625 0.5729166671875
14 0.2328125 0.5020833328125 0.2328125 0.46458333281249997 0.2421875 0.4291666671875 0.2140625 0.425 0.20546875 0.425 0.1953125 0.4270833328125 0.1984375 0.5395833328124999 0.246875 0.5416666671875 0.2328125 0.5020833328125
10 0.228125 0.3791666671875 0.2265625 0.3791666671875 0.203125 0.40833333281249995 0.203125 0.42291666718750004 0.2359375 0.42291666718750004 0.228125 0.3791666671875
10 0.2953125 0.5208333328125 0.3015625 0.5166666671875 0.30625 0.4875 0.33125 0.43541666718750005 0.3171875 0.3958333328125 0.3125 0.3958333328125 0.303125 0.42083333281249996 0.309375 0.4458333328125 0.29375 0.475 0.2953125 0.5208333328125
14 0.2984375 0.53125 0.340625 0.5291666671875 0.328125 0.49791666718750005 0.3328125 0.44375 0.328125 0.44375 0.3203125 0.45208333281249996 0.315625 0.4791666671875 0.309375 0.475 0.2984375 0.53125
10 0.3296875 0.4291666671875 0.3171875 0.3958333328125 0.3140625 0.3958333328125 0.3046875 0.4291666671875 0.3109375 0.4458333328125 0.321875 0.45 0.3296875 0.4291666671875
7 0.65625 0.1770833328125 0.7 0.16875 0.7015625 0.15 0.6828125 0.1416666671875 0.675 0.1416666671875 0.6484375 0.1458333328125 0.6375 0.15625 0.6375 0.1666666671875 0.65625 0.1770833328125
7 0.4578125 0.1666666671875 0.45 0.15 0.4234375 0.1458333328125 0.415625 0.1458333328125 0.3921875 0.15 0.3921875 0.16875 0.4375 0.17916666718750002 0.4578125 0.1666666671875