5 0.5375 0.38125 0.1125 0.37109375
15 0.49921875 0.77890625 0.9984375 0.4375
7 0.55625 0.23671875 0.034375 0.02734375
7 0.53828125 0.35625 0.0703125 0.07890625
7 0.46171875 0.38359375 0.0140625 0.05
7 0.684375 0.23984375 0.0375 0.02890625
7 0.2875 0.20859375 0.040625 0.0375
7 0.24921875 0.346875 0.0265625 0.03125
7 0.6578125 0.346875 0.0375 0.04375
14 0.80703125 0.47109375 0.1234375 0.25390625
10 0.2859375 0.39296875 0.115625 0.40625
10 0.92421875 0.38125 0.1234375 0.44609375
10 0.41796875 0.38828125 0.0890625 0.41484375
10 0.71015625 0.41640625 0.0703125 0.32890625
10 0.81796875 0.340625 0.1203125 0.16015625