11 0.20546875 0.471875 0.1109375 0.22734375
11 0.1046875 0.37109375 0.0625 0.42109375
5 0.52265625 0.43046875 0.0671875 0.18515625
12 0.88984375 0.47265625 0.2171875 0.27109375
15 0.4984375 0.75625 0.996875 0.47890625
7 0.5078125 0.30546875 0.021875 0.03984375
7 0.7203125 0.37578125 0.03125 0.08984375
7 0.01796875 0.05 0.0359375 0.02890625
7 0.14296875 0.16640625 0.0484375 0.025
7 0.015625 0.109375 0.03125 0.03984375
7 0.7515625 0.34921875 0.015625 0.03984375
7 0.6796875 0.34453125 0.01875 0.04765625
7 0.6234375 0.2125 0.01875 0.01640625
7 0.240625 0.184375 0.028125 0.01875
7 0.17265625 0.24140625 0.0234375 0.01640625
7 0.23359375 0.23125 0.0546875 0.025
7 0.9765625 0.18203125 0.025 0.02265625
10 0.26484375 0.41875 0.0765625 0.2875
10 0.2015625 0.33203125 0.05 0.06015625
10 0.46328125 0.43828125 0.0390625 0.19765625
10 0.4171875 0.44140625 0.0375 0.21640625
10 0.4453125 0.44296875 0.04375 0.21484375