11 0.1140625 0.45416666718750004 0.1125 0.29375 0.1078125 0.2916666671875 0.09765625 0.2916666671875 0.084375 0.2979166671875 0.084375 0.44375 0.0953125 0.4583333328125 0.1140625 0.45416666718750004
10 0 0.5854166671875001 0.0046875 0.58125 0.0015625 0.54375 0.0078125 0.4458333328125 0.021875 0.5208333328125 0.0171875 0.5833333328125 0.034375 0.5833333328125 0.0375 0.53125 0.0296875 0.3604166671875 0.040625 0.2875 0.01875 0.2541666671875 0.0234375 0.225 0.009375 0.20416666718749998 0.0046875 0.20416666718749998 0 0.20625 0 0.5854166671875001
7 0.0828125 0.26875 0.065625 0.2645833328125 0.0640625 0.2645833328125 0.053125 0.275 0.059375 0.28125 0.084375 0.2791666671875 0.0828125 0.26875
7 0.1796875 0.2958333328125 0.18125 0.2875 0.1703125 0.28125 0.1619791671875 0.28125 0.1453125 0.28125 0.1390625 0.28958333281250004 0.1515625 0.2979166671875 0.1796875 0.2958333328125
15 0 0.9979166671874999 0.9984375 0.9979166671874999 0.9984375 0.625 0.9765625 0.6270833328125 0.971875 0.6520833328125 0.9625 0.6395833328125 0.95625 0.65 0.9546875 0.6270833328125 0.88125 0.6270833328125 0.8765625 0.6458333328125 0.8484375 0.6520833328125 0.8171875 0.64375 0.815625 0.65 0.7734375 0.6520833328125 0.7671875 0.64375 0.75 0.6479166671875001 0.746875 0.6416666671875 0.7359375 0.65 0.7203125 0.625 0.6296875 0.5854166671875001 0.590625 0.5541666671875001 0.5640625 0.54375 0.5515625 0.525 0.5328125 0.53125 0.5171875 0.5166666671875 0.490625 0.5166666671875 0.4890625 0.5166666671875 0.3921875 0.53125 0.384375 0.5625 0.3609375 0.56875 0.3625 0.53125 0.3578125 0.53125 0.3515625 0.5583333328125 0.3421875 0.5645833328125 0.3203125 0.5375 0.309375 0.5458333328125 0.2578125 0.5458333328125 0.240625 0.5625 0.2125 0.5541666671875001 0.0828125 0.5625 0.075 0.5729166671875 0.0484375 0.5729166671875 0.04375 0.5916666671875 0 0.5979166671875 0 0.9979166671874999
11 0.115625 0.4791666671875 0.1125 0.47083333281249995 0.09375 0.46666666718750005 0.0921875 0.46666666718750005 0.0828125 0.48125 0.0828125 0.5479166671875 0.1140625 0.55 0.115625 0.4791666671875
7 0.70625 0.13333333281249998 0.7140625 0.12291666718750001 0.7109375 0.10625 0.6921875 0.0979166671875 0.68203125 0.0979166671875 0.6421875 0.1125 0.640625 0.13333333281249998 0.65625 0.1416666671875 0.70625 0.13333333281249998
7 0.6578125 0.1416666671875 0.7046875 0.13333333281249998 0.7140625 0.11875 0.7078125 0.1041666671875 0.6984375 0.1 0.6885416671875 0.1 0.6546875 0.1041666671875 0.640625 0.1166666671875 0.640625 0.13125 0.6578125 0.1416666671875
7 0.03125 0.1895833328125 0.01875 0.1854166671875 0.0171875 0.1854166671875 0.0078125 0.1895833328125 0.009375 0.20208333281250002 0.0328125 0.2 0.03125 0.1895833328125
7 0.4140625 0.1458333328125 0.4421875 0.1354166671875 0.4390625 0.1125 0.4109375 0.1041666671875 0.40234375 0.1041666671875 0.371875 0.11041666718750001 0.3703125 0.1291666671875 0.3875 0.1416666671875 0.4140625 0.1458333328125
7 0.1109375 0.2479166671875 0.0953125 0.24375 0.0875 0.24375 0.078125 0.2479166671875 0.084375 0.2604166671875 0.1125 0.25833333281250004 0.1109375 0.2479166671875
7 0.1625 0.25625 0.1609375 0.2666666671875 0.178125 0.26875 0.175 0.25625 0.1625 0.25625
7 0.7109375 0 0.7265625 0.00625 0.7703125 0 0.7618303578125001 0 0.7109375 0
10 0.559375 0.5229166671875001 0.5640625 0.5125 0.5640625 0.4479166671875 0.575 0.4270833328125 0.5609375 0.39375 0.559375 0.39375 0.540625 0.4270833328125 0.540625 0.45 0.5515625 0.475 0.559375 0.5229166671875001
5 0.3265625 0.3770833328125 0.346875 0.36875 0.3484375 0.3375 0.3625 0.3270833328125 0.3703125 0.33541666718749996 0.3734375 0.3583333328125 0.4 0.42291666718750004 0.384375 0.46666666718750005 0.3875 0.5104166671875 0.3921875 0.50625 0.396875 0.51875 0.5203125 0.5104166671875 0.521875 0.3104166671875 0.4125 0.3083333328125 0.40455729218750003 0.3083333328125 0.3171875 0.3083333328125 0.3171875 0.39375 0.321875 0.39791666718749996 0.3265625 0.3770833328125
10 0.3296875 0.54375 0.3453125 0.55625 0.3609375 0.475 0.371875 0.5125 0.3734375 0.5354166671875 0.3671875 0.55625 0.3734375 0.5583333328125 0.3828125 0.5520833328125 0.3796875 0.48541666718750004 0.3875 0.40625 0.3640625 0.33125 0.3546875 0.33125 0.3390625 0.40833333281249995 0.34375 0.43541666718750005 0.3390625 0.5291666671875 0.3296875 0.54375
10 0.203125 0.5270833328125 0.196875 0.5354166671875 0.2046875 0.5479166671875 0.2109375 0.5291666671875 0.215625 0.5375 0.23125 0.5333333328125 0.23125 0.5479166671875 0.24375 0.55 0.2296875 0.4291666671875 0.221875 0.40416666718750005 0.2265625 0.3854166671875 0.2078125 0.34375 0.2015625 0.34375 0.1828125 0.39375 0.1890625 0.40416666718750005 0.2 0.4791666671875 0.203125 0.5270833328125
12 0.5671875 0.43958333281249995 0.5671875 0.53125 0.6109375 0.5666666671875 0.6578125 0.5916666671875 0.671875 0.59375 0.6765625 0.5791666671875 0.684375 0.5791666671875 0.690625 0.5833333328125 0.6921875 0.6041666671875 0.721875 0.5958333328125 0.7296875 0.6041666671875 0.734375 0.6375 0.7390625 0.6291666671875 0.7484375 0.63125 0.75 0.6125 0.7875 0.6229166671875 0.828125 0.6208333328125 0.8375 0.6125 0.8671875 0.6229166671875 0.8921875 0.6166666671875001 0.95 0.6208333328125 0.95625 0.6270833328125 0.9578125 0.65 0.96875 0.6479166671875001 0.975 0.6208333328125 0.9984375 0.61875 0.9984375 0.3125 0.8265625 0.30625 0.81875 0.30625 0.728125 0.3166666671875 0.6 0.42083333281249996 0.5765625 0.4291666671875 0.5671875 0.43958333281249995
15 0.9703125 0.625 0.9984375 0.6229166671875 0.9984375 0.5979166671875 0.9703125 0.5979166671875 0.965625 0.5979166671875 0.95625 0.6104166671875 0.9625 0.6479166671875001 0.96875 0.6458333328125 0.9703125 0.625
15 0.66875 0.5958333328125 0.675 0.60625 0.690625 0.6104166671875 0.7 0.6041666671875 0.70625 0.6208333328125 0.73125 0.6333333328124999 0.7359375 0.6458333328125 0.8640625 0.6479166671875001 0.8828125 0.6458333328125 0.8765625 0.6270833328125 0.953125 0.6229166671875 0.9515625 0.6020833328124999 0.9359375 0.5979166671875 0.9140625 0.6 0.9078125 0.6125 0.9015625 0.6104166671875 0.903125 0.6020833328124999 0.8765625 0.6020833328124999 0.8734375 0.6208333328125 0.821875 0.6125 0.8203125 0.6020833328124999 0.775 0.6020833328124999 0.778125 0.60625 0.765625 0.6145833328125 0.740625 0.6 0.69375 0.59375 0.6828125 0.5770833328125 0.665625 0.5770833328125 0.659375 0.5666666671875 0.596875 0.54375 0.5828125 0.5291666671875 0.58125 0.5291666671875 0.578125 0.5416666671875 0.590625 0.5458333328125 0.5890625 0.5520833328125 0.66875 0.5958333328125