15 0 0.9979166671874999 0.9984375 0.9979166671874999 0.9984375 0.5583333328125 0.978125 0.55625 0.971875 0.5729166671875 0.896875 0.5708333328124999 0.890625 0.5625 0.8921875 0.55 0.890625 0.55 0.86875 0.5583333328125 0.8328125 0.55625 0.8125 0.5666666671875 0.759375 0.5666666671875 0.7421875 0.6479166671875001 0.746875 0.74375 0.73125 0.75625 0.6421875 0.7541666671875 0.6328125 0.7395833328125 0.634375 0.7229166671875 0.6125 0.70625 0.6171875 0.6854166671875 0.6578125 0.6541666671875 0.6703125 0.6520833328125 0.66875 0.6208333328125 0.584375 0.61875 0.5671875 0.6104166671875 0.5640625 0.6479166671875001 0.5609375 0.6395833328125 0.4984375 0.6395833328125 0.503125 0.69375 0.515625 0.73125 0.5328125 0.75 0.5359375 0.775 0.528125 0.79375 0.4828125 0.81875 0.4546875 0.81875 0.4421875 0.8083333328125001 0.44375 0.7520833328125 0.421875 0.6958333328124999 0.415625 0.6270833328125 0.3609375 0.6354166671875 0.346875 0.6291666671875 0.3390625 0.6104166671875 0.3296875 0.6479166671875001 0.3359375 0.7104166671875001 0.3453125 0.7375 0.3421875 0.7958333328125 0.33125 0.85625 0.3109375 0.8729166671874999 0.2734375 0.8708333328125001 0.265625 0.8604166671875 0.2609375 0.7291666671875 0.2546875 0.7208333328125 0.2203125 0.7208333328125 0.228125 0.7229166671875 0.225 0.7291666671875 0.165625 0.7375 0.065625 0.73125 0.084375 0.75625 0.078125 0.7958333328125 0 0.79375 0 0.9979166671874999
7 0 0.7854166671875 0.0515625 0.79375 0.0796875 0.7875 0.08125 0.7541666671875 0.0265625 0.6875 0.0015625 0.6354166671875 0 0.6333333328124999 0 0.7854166671875
7 0 0.7833333328125 0.0765625 0.7895833328124999 0.08125 0.75625 0.0328125 0.6979166671875 0.0015625 0.6354166671875 0 0.6354166671875 0 0.7833333328125
7 0 0 0 0.16458333281249998 0.021875 0.1145833328125 0.0578125 0.0625 0.05 0.029166667187500002 0.021875 0 0.0109375 0 0 0
7 0 0 0 0.16875 0.021875 0.1145833328125 0.0578125 0.0625 0.0484375 0.0270833328125 0.021875 0 0.0109375 0 0 0
10 0.1609375 0 0.18125 0.060416667187499995 0.1828125 0.0875 0.2046875 0.12291666718750001 0.2125 0.2708333328125 0.228125 0.3583333328125 0.2328125 0.55 0.246875 0.6458333328125 0.2671875 0.7145833328125 0.265625 0.75625 0.271875 0.7791666671875 0.2671875 0.8229166671874999 0.2703125 0.85625 0.278125 0.8645833328125001 0.321875 0.8583333328125 0.3375 0.79375 0.340625 0.7416666671875001 0.325 0.7041666671875 0.3265625 0.6645833328124999 0.315625 0.6291666671875 0.31875 0.5875 0.3125 0.5708333328124999 0.3109375 0.50625 0.3125 0.375 0.31875 0.35625 0.3140625 0.3125 0.3171875 0.27291666718749996 0.3265625 0.25833333281250004 0.3421875 0.27291666718749996 0.35 0.2916666671875 0.4046875 0.49375 0.41875 0.575 0.4265625 0.6916666671875 0.4484375 0.7416666671875001 0.446875 0.80625 0.45625 0.8125 0.4890625 0.8104166671874999 0.53125 0.7791666671875 0.528125 0.7479166671875 0.50625 0.7270833328124999 0.4953125 0.6895833328125 0.48125 0.5104166671875 0.4609375 0.39375 0.459375 0.2854166671875 0.4375 0.20416666718749998 0.4359375 0.15625 0.4484375 0.125 0.4703125 0.0020833328125000002 0.4359375 0 0.43125 0.0625 0.4265625 0.0666666671875 0.415625 0.05208333281250001 0.4203125 0 0.4124526515625 0 0.1609375 0
10 0.653125 0 0.65625 0.0208333328125 0.6375 0.07083333281250001 0.60625 0.05625 0.59375 0.0625 0.5984375 0.0875 0.6171875 0.09375 0.625 0.11041666718750001 0.621875 0.1354166671875 0.6328125 0.18125 0.628125 0.2625 0.640625 0.3 0.6359375 0.40208333281249997 0.653125 0.4875 0.665625 0.5166666671875 0.6765625 0.625 0.675 0.65625 0.6203125 0.6895833328125 0.61875 0.7041666671875 0.6578125 0.7083333328125 0.6609375 0.7145833328125 0.64375 0.7229166671875 0.6390625 0.7395833328125 0.6671875 0.7520833328125 0.7234375 0.75 0.74375 0.7416666671875001 0.7359375 0.69375 0.74375 0.5583333328125 0.725 0.4791666671875 0.7328125 0.36666666718749996 0.75 0.3104166671875 0.75 0.275 0.796875 0.24583333281250003 0.8125 0.1979166671875 0.7875 0.06875 0.74375 0.0333333328125 0.7234375 0 0.715625 0 0.653125 0
0 0.746875 0.2645833328125 0.7546875 0.27291666718749996 0.803125 0.23958333281250002 0.8125 0.1770833328125 0.790625 0.10625 0.7875 0.06875 0.7484375 0.0354166671875 0.746875 0.0333333328125 0.740625 0.1416666671875 0.7296875 0.16875 0.7375 0.1854166671875 0.746875 0.2645833328125
10 0.875 0.30416666718749996 0.86875 0.2979166671875 0.8578125 0.2979166671875 0.84375 0.3458333328125 0.8734375 0.3645833328125 0.8703125 0.3166666671875 0.875 0.30416666718749996
1 0.090625 0 0.0765625 0.7166666671875 0.103125 0.7333333328125 0.184375 0.7333333328125 0.2609375 0.7145833328125 0.234375 0.6041666671875 0.228125 0.55 0.2234375 0.3395833328125 0.2140625 0.2833333328125 0.203125 0.27291666718749996 0.203125 0.1291666671875 0.1796875 0.0875 0.18125 0.07291666718749999 0.184375 0.06875 0.1890625 0.0791666671875 0.1921875 0.0666666671875 0.184375 0 0.1765625 0 0.090625 0
14 0.4828125 0.49375 0.4890625 0.6229166671875 0.49375 0.63125 0.5640625 0.6333333328124999 0.5609375 0.6166666671875001 0.53125 0.575 0.515625 0.4791666671875 0.5265625 0.3729166671875 0.559375 0.2854166671875 0.5484375 0.275 0.496875 0.2645833328125 0.487890625 0.2645833328125 0.4609375 0.2645833328125 0.4609375 0.2770833328125 0.4640625 0.3916666671875 0.4828125 0.49375
14 0.9078125 0.5166666671875 0.8953125 0.5479166671875 0.8984375 0.5645833328125 0.9546875 0.56875 0.9734375 0.5625 0.95625 0.5083333328124999 0.95625 0.46875 0.9734375 0.4145833328125 0.9734375 0.40208333281249997 0.965625 0.4 0.9572916671874999 0.4 0.8921875 0.40625 0.9046875 0.43125 0.9109375 0.475 0.9078125 0.5166666671875
13 0.8546875 0.5208333328125 0.8390625 0.51875 0.8296875 0.5 0.759375 0.45 0.7546875 0.45 0.753125 0.55 0.8578125 0.54375 0.8609375 0.53125 0.8546875 0.5208333328125
10 0.3140625 0.4583333328125 0.31875 0.4375 0.3265625 0.4458333328125 0.346875 0.6104166671875 0.3515625 0.6208333328125 0.36875 0.6229166671875 0.38125 0.6041666671875 0.38125 0.5916666671875 0.3703125 0.5833333328125 0.365625 0.55 0.3640625 0.38333333281250004 0.353125 0.35625 0.35 0.30625 0.33125 0.2604166671875 0.325 0.2604166671875 0.3171875 0.28125 0.31875 0.3645833328125 0.3109375 0.4479166671875 0.3140625 0.4583333328125
1 0.59375 0.1708333328125 0.6 0.20208333281250002 0.590625 0.2416666671875 0.584375 0.5708333328124999 0.5859375 0.6020833328124999 0.59375 0.6125 0.6453125 0.6104166671875 0.65 0.6020833328124999 0.6515625 0.4916666671875 0.6328125 0.3958333328125 0.6390625 0.29375 0.625 0.2541666671875 0.63125 0.1916666671875 0.61875 0.1416666671875 0.6234375 0.10625 0.60625 0.075 0.6140625 0.0666666671875 0.6328125 0.075 0.6453125 0.054166667187499996 0.6453125 0.0395833328125 0.6296875 0.0333333328125 0.621875 0.0333333328125 0.603125 0.0354166671875 0.59375 0.05625 0.5984375 0.0875 0.59375 0.1708333328125