7 0.428125 0.07291666718749999 0.4515625 0.07291666718749999 0.478125 0.05625 0.4796875 0.0395833328125 0.4703125 0.0208333328125 0.4515625 0.0125 0.4203125 0.014583332812499999 0.41875 0.0125 0.3875 0.029166667187500002 0.3859375 0.05208333281250001 0.403125 0.0666666671875 0.428125 0.07291666718749999
7 0 0.1041666671875 0.0375 0.11875 0.0625 0.11875 0.075 0.10833333281249999 0.071875 0.0958333328125 0.034375 0.08125 0.025520832812499998 0.08125 0 0.08541666718749999 0 0.1041666671875
7 0.6890625 0.16875 0.6859375 0.14375 0.6828125 0.14375 0.671875 0.1520833328125 0.6703125 0.1666666671875 0.684375 0.175 0.6890625 0.16875
7 0 0.2270833328125 0.028125 0.2270833328125 0.0296875 0.21875 0.0140625 0.20833333281250002 0 0.20833333281250002 0 0.2270833328125
7 0 0.2270833328125 0.025 0.22916666718749998 0.0328125 0.22291666718749997 0.03125 0.21458333281250003 0.0125 0.20625 0 0.20625 0 0.2270833328125
14 0.171875 0.4291666671875 0.1484375 0.4375 0.15 0.4583333328125 0.1546875 0.44375 0.1640625 0.4458333328125 0.1578125 0.45625 0.1609375 0.5708333328124999 0.1890625 0.55625 0.19375 0.5625 0.2 0.5520833328125 0.2046875 0.59375 0.215625 0.5895833328125 0.2203125 0.5625 0.26875 0.5708333328124999 0.2734375 0.5583333328125 0.2734375 0.45416666718750004 0.309375 0.45 0.3234375 0.4770833328125 0.3234375 0.5833333328125 0.3328125 0.5875 0.334375 0.4479166671875 0.3375 0.43541666718750005 0.35 0.43333333281249997 0.346875 0.42083333281249996 0.2515625 0.4125 0.25 0.39791666718749996 0.2578125 0.3854166671875 0.253125 0.375 0.2328125 0.36875 0.1703125 0.3708333328125 0.153125 0.35208333281250004 0.1515625 0.35208333281250004 0.15 0.3645833328125 0.175 0.39375 0.1828125 0.4145833328125 0.171875 0.4291666671875
10 0.3015625 0.40416666718750005 0.3015625 0.3770833328125 0.2890625 0.34375 0.2859375 0.34375 0.2625 0.3916666671875 0.2703125 0.4125 0.2953125 0.4125 0.3015625 0.40416666718750005
10 0.3 0.525 0.296875 0.4583333328125 0.284375 0.45 0.2796875 0.45 0.275 0.4604166671875 0.275 0.5291666671875 0.29375 0.5354166671875 0.3 0.525
10 0.0359375 0.5145833328125 0.040625 0.47083333281249995 0.05 0.475 0.0453125 0.48333333281249996 0.0546875 0.49375 0.05625 0.525 0.075 0.525 0.08125 0.48125 0.0609375 0.42083333281249996 0.0578125 0.42083333281249996 0.0234375 0.46666666718750005 0.0171875 0.525 0.028125 0.5270833328125 0.0359375 0.5145833328125
10 0.578125 0.5166666671875 0.584375 0.45 0.5796875 0.43541666718750005 0.571875 0.425 0.5625 0.4458333328125 0.5640625 0.5104166671875 0.571875 0.525 0.578125 0.5166666671875
7 0.103125 0.1916666671875 0.075 0.1833333328125 0.06640625 0.1833333328125 0.046875 0.1916666671875 0.0625 0.20208333281250002 0.10625 0.2 0.103125 0.1916666671875
7 0.6875 0.05208333281250001 0.684375 0.0416666671875 0.6671875 0.0416666671875 0.6671875 0.0354166671875 0.665625 0.0354166671875 0.6640625 0.0416666671875 0.59375 0.0458333328125 0.5921875 0.05208333281250001 0.6875 0.05208333281250001
7 0.83125 0 0.8171875 0.0166666671875 0.81875 0.0416666671875 0.8125 0.05625 0.8515625 0.054166667187499996 0.85625 0.0479166671875 0.83125 0.04375 0.8578125 0 0.8489583328125001 0 0.83125 0
7 0.6046875 0 0.6046875 0.0125 0.621875 0.0083333328125 0.6296875 0.0166666671875 0.625 0.0208333328125 0.675 0.025 0.6890625 0.0208333328125 0.6921875 0 0.6842329546875 0 0.6046875 0
7 0.228125 0.3541666671875 0.2359375 0.34375 0.2484375 0.35 0.2515625 0.3333333328125 0.2671875 0.3333333328125 0.2796875 0.35208333281250004 0.2859375 0.34375 0.296875 0.3458333328125 0.3078125 0.33125 0.3015625 0.32083333281250004 0.2875 0.3333333328125 0.2671875 0.33125 0.259375 0.3145833328125 0.240625 0.3145833328125 0.2359375 0.3270833328125 0.2234375 0.3104166671875 0.2328125 0.3020833328125 0.225 0.275 0.2046875 0.2625 0.1921875 0.2625 0.190625 0.2770833328125 0.2046875 0.3 0.2046875 0.3145833328125 0.228125 0.3541666671875
16 0.609375 0.5916666671875 0.640625 0.63125 0.7296875 0.6291666671875 0.7328125 0.6104166671875 0.725 0.59375 0.725 0.3875 0.7171875 0.375 0.68125 0.3729166671875 0.673046875 0.3729166671875 0.6484375 0.3729166671875 0.634375 0.38125 0.6171875 0.40625 0.609375 0.5916666671875
11 0.125 0.5395833328124999 0.1421875 0.5375 0.1453125 0.5166666671875 0.14375 0.3583333328125 0.1484375 0.3458333328125 0.15 0.2166666671875 0.1609375 0.20833333281250002 0.184375 0.20833333281250002 0.1921875 0.2166666671875 0.19375 0.20833333281250002 0.1921875 0.125 0.18125 0.1166666671875 0.140625 0.1166666671875 0.1296875 0.1166666671875 0.121875 0.13333333281249998 0.11875 0.2958333328125 0.1171875 0.53125 0.125 0.5395833328124999
11 0.7015625 0 0.690625 0.0333333328125 0.6921875 0.16875 0.6859375 0.2 0.684375 0.3625 0.6890625 0.3708333328125 0.715625 0.3708333328125 0.725 0.3854166671875 0.725 0.5875 0.734375 0.6 0.7890625 0.5979166671875 0.7953125 0 0.7875 0 0.7015625 0
10 0.3875 0.3479166671875 0.3984375 0.38333333281250004 0.4015625 0.4270833328125 0.390625 0.575 0.4046875 0.5791666671875 0.415625 0.5604166671875 0.4265625 0.58125 0.45625 0.58125 0.4609375 0.5770833328125 0.44375 0.5541666671875001 0.4453125 0.5 0.4578125 0.4270833328125 0.4546875 0.31875 0.459375 0.3125 0.475 0.32083333281250004 0.48125 0.3125 0.475 0.2916666671875 0.465625 0.2833333328125 0.4609375 0.2541666671875 0.4546875 0.25 0.45 0.25625 0.44375 0.2479166671875 0.44375 0.2270833328125 0.434375 0.2104166671875 0.4234375 0.2104166671875 0.415625 0.2166666671875 0.4171875 0.25625 0.3875 0.3020833328125 0.3875 0.3479166671875
15 0 0.99375 0.89375 0.9979166671874999 0.9984375 0.9916666671875 0.9984375 0.7020833328125 0.99375 0.7 0.9984375 0.6979166671875 0.9984375 0.65625 0.9921875 0.6520833328125 0.9984375 0.6416666671875 0.990625 0.6375 0.9984375 0.6291666671875 0.9890625 0.6208333328125 0.9953125 0.6145833328125 0.9921875 0.6104166671875 0.9453125 0.6083333328125 0.9625 0.6020833328124999 0.9296875 0.5916666671875 0.9265625 0.5770833328125 0.884375 0.5791666671875 0.8796875 0.5625 0.871875 0.56875 0.8453125 0.5625 0.840625 0.5708333328124999 0.815625 0.5625 0.8125 0.5708333328124999 0.8171875 0.575 0.8109375 0.5791666671875 0.815625 0.6520833328125 0.7953125 0.6583333328125 0.79375 0.6854166671875 0.7859375 0.6375 0.775 0.64375 0.7375 0.6416666671875 0.7359375 0.6479166671875001 0.725 0.6416666671875 0.6390625 0.6416666671875 0.6140625 0.6104166671875 0.6015625 0.60625 0.60625 0.6 0.6 0.5875 0.6078125 0.5479166671875 0.5984375 0.5354166671875 0.58125 0.53125 0.5703125 0.5375 0.5546875 0.53125 0.5453125 0.5145833328125 0.50625 0.5125 0.503125 0.5125 0.45625 0.5166666671875 0.4546875 0.525 0.465625 0.5270833328125 0.4765625 0.5479166671875 0.4671875 0.5625 0.46875 0.5833333328125 0.4546875 0.5895833328125 0.390625 0.5875 0.38125 0.575 0.3875 0.53125 0.378125 0.5291666671875 0.359375 0.5333333328125 0.35625 0.5458333328125 0.35 0.54375 0.35 0.53125 0.3390625 0.5354166671875 0.3421875 0.5604166671875 0.3375 0.5666666671875 0.3421875 0.575 0.3328125 0.59375 0.3171875 0.5895833328125 0.31875 0.5333333328125 0.3109375 0.53125 0.2953125 0.5458333328125 0.28125 0.5458333328125 0.278125 0.5770833328125 0.2203125 0.5791666671875 0.2140625 0.6 0.2046875 0.6 0.1953125 0.58125 0.1578125 0.58125 0.14375 0.5708333328124999 0.0859375 0.5770833328125 0.078125 0.56875 0 0.5645833328125 0 0.99375
5 0.54375 0.5041666671875 0.5484375 0.35625 0.4609375 0.3541666671875 0.459375 0.35208333281250004 0.45625 0.3729166671875 0.4625 0.40416666718750005 0.4515625 0.50625 0.54375 0.5041666671875