12 0.5203125 0.48541666718750004 0.528125 0.49583333281249997 0.521875 0.53125 0.5515625 0.55625 0.6171875 0.5875 0.653125 0.58125 0.6640625 0.5916666671875 0.659375 0.58125 0.675 0.5833333328125 0.678125 0.3916666671875 0.671875 0.3791666671875 0.6546875 0.3770833328125 0.6421875 0.3770833328125 0.60625 0.3916666671875 0.51875 0.45416666718750004 0.5265625 0.4770833328125 0.5203125 0.48541666718750004
15 0 0.9979166671874999 0.725 0.9979166671874999 0.721875 0.98125 0.69375 0.9395833328125001 0.6578125 0.8604166671875 0.65625 0.775 0.678125 0.7645833328125 0.6765625 0.60625 0.65625 0.6041666671875 0.653125 0.6229166671875 0.646875 0.61875 0.65 0.6125 0.6375 0.625 0.63125 0.6166666671875001 0.625 0.6208333328125 0.61875 0.6 0.6015625 0.5875 0.5796875 0.58125 0.5796875 0.575 0.525 0.54375 0.5171875 0.5520833328125 0.509375 0.54375 0.509375 0.53125 0.4875 0.53125 0.4703125 0.5208333328125 0.409375 0.5208333328125 0.4078125 0.5208333328125 0.2671875 0.5416666671875 0.28125 0.6208333328125 0.3125 0.6479166671875001 0.3109375 0.6645833328124999 0.29375 0.675 0.24375 0.6645833328124999 0.23125 0.5666666671875 0.225 0.5666666671875 0.2234375 0.5791666671875 0.2234375 0.5875 0.2296875 0.5875 0.2203125 0.5916666671875 0.215625 0.55 0.203125 0.5458333328125 0.2 0.5541666671875001 0.1921875 0.5520833328125 0.1859375 0.5979166671875 0.1890625 0.63125 0.2078125 0.6583333328125 0.209375 0.68125 0.2421875 0.7 0.25 0.725 0.2390625 0.7395833328125 0.1734375 0.7520833328125 0.1265625 0.7541666671875 0.115625 0.75 0.10625 0.7333333328125 0.071875 0.7416666671875001 0.0515625 0.7375 0.0453125 0.7270833328124999 0.0453125 0.6979166671875 0.0546875 0.6791666671875001 0.0546875 0.6604166671875 0.0515625 0.625 0.0453125 0.61875 0.04375 0.5708333328124999 0 0.5729166671875 0 0.9979166671874999
7 0.653125 0.0958333328125 0.703125 0.08541666718749999 0.7140625 0.07291666718749999 0.7125 0.05208333281250001 0.6890625 0.0375 0.6807291671875 0.0375 0.6375 0.0458333328125 0.6265625 0.060416667187499995 0.6234375 0.0791666671875 0.653125 0.0958333328125
7 0 0.2666666671875 0.0296875 0.26875 0.034375 0.25625 0.0203125 0.2479166671875 0.01015625 0.2479166671875 0 0.2479166671875 0 0.2666666671875
7 0 0.21458333281250003 0.03125 0.20833333281250002 0.0296875 0.1979166671875 0.0109375 0.1895833328125 0 0.1895833328125 0 0.21458333281250003
7 0.3859375 0.08125 0.3890625 0.05208333281250001 0.353125 0.0333333328125 0.3421875 0.0333333328125 0.309375 0.0458333328125 0.303125 0.07083333281250001 0.334375 0.08541666718749999 0.3859375 0.08125
10 0.3453125 0.5125 0.353125 0.4895833328125 0.3609375 0.5166666671875 0.3609375 0.45625 0.3703125 0.4375 0.3578125 0.4145833328125 0.3578125 0.39791666718749996 0.3546875 0.39791666718749996 0.34375 0.42083333281249996 0.340625 0.45 0.3484375 0.5 0.3453125 0.5125
7 0.3515625 0.34375 0.346875 0.34375 0.346875 0.3583333328125 0.3609375 0.36875 0.3625 0.3604166671875 0.3515625 0.34375
7 0.625 0.1541666671875 0.6 0.1583333328125 0.5828125 0.1708333328125 0.584375 0.1916666671875 0.6265625 0.19583333281249998 0.64375 0.1854166671875 0.6421875 0.1666666671875 0.6265625 0.15625 0.6296875 0.10833333281249999 0.6265625 0.10833333281249999 0.6203125 0.13333333281249998 0.6078125 0.13333333281249998 0.6234375 0.1375 0.625 0.1541666671875
10 0.525 0.4375 0.5109375 0.4145833328125 0.50625 0.4145833328125 0.5015625 0.45625 0.515625 0.525 0.515625 0.4625 0.525 0.4375
10 0.0375 0 0.040625 0.1145833328125 0.05 0.1854166671875 0.034375 0.24375 0.059375 0.325 0.065625 0.4125 0.0515625 0.5229166671875001 0.0625 0.6854166671875 0.0515625 0.725 0.0859375 0.73125 0.1171875 0.7166666671875 0.11875 0.7395833328125 0.1296875 0.74375 0.2078125 0.7395833328125 0.240625 0.7291666671875 0.246875 0.71875 0.240625 0.70625 0.2046875 0.6958333328124999 0.190625 0.6833333328125 0.171875 0.6354166671875 0.1765625 0.51875 0.1921875 0.4583333328125 0.190625 0.3708333328125 0.2 0.3145833328125 0.2 0.2708333328125 0.1859375 0.23541666718749998 0.1921875 0.23125 0.184375 0.21875 0.1671875 0.11041666718750001 0.1734375 0.0395833328125 0.1671875 0 0.15908203125 0 0.0375 0
14 0 0.5604166671875 0.046875 0.5604166671875 0.046875 0.45208333281249996 0.059375 0.40833333281249995 0.0453125 0.4 0.0140625 0.4 0.0046875 0.4 0 0.40208333281249997 0 0.44166666718750003 0.0078125 0.49583333281249997 0 0.525 0 0.5604166671875
14 0.275 0.53125 0.2953125 0.5291666671875 0.2828125 0.49791666718750005 0.2890625 0.4458333328125 0.28125 0.44375 0.278125 0.44375 0.2734375 0.4625 0.28125 0.5208333328125 0.2734375 0.525 0.275 0.53125
5 0.4296875 0.5125 0.434375 0.50625 0.43125 0.3916666671875 0.4015625 0.3895833328125 0.396875 0.3895833328125 0.3875 0.3916666671875 0.390625 0.50625 0.39375 0.5125 0.4296875 0.5125
16 0.8109375 0 0.75 0.075 0.7375 0.1208333328125 0.7203125 0.125 0.71875 0.1354166671875 0.69375 0.1583333328125 0.678125 0.1854166671875 0.68125 0.775 0.659375 0.7791666671875 0.6609375 0.8625 0.7390625 0.9979166671874999 0.9984375 0.9979166671874999 0.9984375 0 0.990625 0 0.8109375 0