11 0.6328125 0.29765625 0.071875 0.5953125
18 0.17265625 0.378125 0.1046875 0.22734375
18 0.440625 0.24921875 0.334375 0.49765625
15 0.49921875 0.765625 0.9953125 0.46015625
7 0.33515625 0.27265625 0.0203125 0.04140625
7 0.96796875 0.165625 0.0171875 0.02265625
7 0.32578125 0.409375 0.0265625 0.03515625
7 0.94296875 0.47421875 0.0359375 0.05234375
14 0.7953125 0.46796875 0.140625 0.31484375
10 0.72421875 0.36484375 0.1515625 0.50859375
10 0.26796875 0.41328125 0.1109375 0.36015625
10 0.16953125 0.41015625 0.0609375 0.34609375