5 0.65859375 0.39921875 0.1171875 0.22734375
12 0.890625 0.465625 0.2125 0.25625
15 0.49921875 0.75078125 0.9953125 0.48984375
7 0.12109375 0.09921875 0.0828125 0.04375
7 0.9203125 0.05 0.09375 0.05859375
7 0.33203125 0.27734375 0.0453125 0.02109375
7 0.26796875 0.23515625 0.0390625 0.02109375
7 0.025 0.13984375 0.05 0.02890625
7 0.23984375 0.26171875 0.0359375 0.01875
7 0.02109375 0.10078125 0.0359375 0.02734375
7 0.190625 0.16328125 0.028125 0.02265625
7 0.5984375 0.07890625 0.084375 0.05
7 0.17734375 0.2 0.0234375 0.025
7 0.94921875 0.228125 0.0234375 0.01875
7 0.6609375 0.246875 0.01875 0.01484375
7 0.15859375 0.2 0.0609375 0.025
7 0.56015625 0.325 0.0203125 0.03359375
7 0.34453125 0.24453125 0.0234375 0.01484375
7 0.1390625 0.19921875 0.021875 0.02265625
10 0.5390625 0.44609375 0.0375 0.15859375
10 0.20546875 0.440625 0.0421875 0.18515625
10 0.4921875 0.45 0.0375 0.175
10 0.02734375 0.39375 0.0546875 0.44140625
10 0.13828125 0.371875 0.1171875 0.47265625