14 0.121875 0.40208333281249997 0.11875 0.425 0.121875 0.5604166671875 0.134375 0.575 0.14375 0.5645833328125 0.1390625 0.5583333328125 0.1390625 0.4625 0.1453125 0.45 0.16875 0.4479166671875 0.171875 0.45416666718750004 0.171875 0.5791666671875 0.175 0.5958333328125 0.1828125 0.5979166671875 0.1875 0.5666666671875 0.1828125 0.43958333281249995 0.240625 0.45416666718750004 0.2421875 0.5479166671875 0.2359375 0.5520833328125 0.24375 0.5708333328124999 0.25 0.5666666671875 0.2453125 0.45 0.253125 0.44166666718750003 0.29375 0.44375 0.3 0.45 0.3015625 0.5833333328125 0.309375 0.5916666671875 0.315625 0.4895833328125 0.309375 0.44375 0.3265625 0.425 0.3265625 0.4125 0.2453125 0.40625 0.225 0.3958333328125 0.2359375 0.3708333328125 0.2171875 0.3541666671875 0.140625 0.3604166671875 0.1234375 0.3416666671875 0.121875 0.3395833328125 0.11875 0.3645833328125 0.1328125 0.36875 0.1328125 0.3958333328125 0.121875 0.40208333281249997
10 0.278125 0.40208333281249997 0.284375 0.39375 0.284375 0.36666666718749996 0.2734375 0.3375 0.265625 0.3375 0.2515625 0.3916666671875 0.2515625 0.40208333281249997 0.2578125 0.40416666718750005 0.278125 0.40208333281249997
7 0.259375 0.3270833328125 0.25625 0.3395833328125 0.265625 0.33541666718749996 0.2625 0.3270833328125 0.259375 0.3270833328125
7 0.2796875 0.325 0.278125 0.325 0.271875 0.3333333328125 0.278125 0.3416666671875 0.284375 0.33541666718749996 0.2796875 0.325
5 0.4421875 0.5 0.5359375 0.5 0.5390625 0.35208333281250004 0.45 0.3458333328125 0.4484375 0.3458333328125 0.4390625 0.3479166671875 0.4453125 0.38333333281250004 0.4375 0.4625 0.4421875 0.5
5 0.4984375 0.4 0.49375 0.3875 0.4921875 0.3875 0.4625 0.39375 0.465625 0.5041666671875 0.4984375 0.49791666718750005 0.4984375 0.4
15 0 0.9958333328125001 0.9984375 0.9979166671874999 0.9984375 0.6 0.9734375 0.6 0.95 0.5854166671875001 0.953125 0.5770833328125 0.99375 0.5791666671875 0.9984375 0.575 0.99375 0.5583333328125 0.9625 0.55 0.9265625 0.5625 0.91875 0.5479166671875 0.8828125 0.5479166671875 0.8609375 0.55625 0.8421875 0.55 0.83125 0.5604166671875 0.825 0.5479166671875 0.80625 0.5479166671875 0.8046875 0.5979166671875 0.8109375 0.6104166671875 0.80625 0.6541666671875 0.64375 0.6479166671875001 0.63125 0.6416666671875 0.59375 0.5895833328125 0.6015625 0.5479166671875 0.590625 0.53125 0.5640625 0.5291666671875 0.5578125 0.5166666671875 0.5484375 0.525 0.5328125 0.5125 0.478125 0.5125 0.4765625 0.5125 0.4390625 0.51875 0.4390625 0.5270833328125 0.465625 0.5333333328125 0.4671875 0.575 0.4359375 0.5958333328125 0.4 0.5875 0.3765625 0.5916666671875 0.365625 0.525 0.3171875 0.53125 0.3203125 0.5833333328125 0.309375 0.6 0.296875 0.5916666671875 0.2921875 0.5354166671875 0.265625 0.5395833328124999 0.25625 0.55 0.2484375 0.5791666671875 0.2046875 0.5791666671875 0.190625 0.5854166671875001 0.1859375 0.6020833328124999 0.1765625 0.6083333328125 0.16875 0.5875 0.153125 0.58125 0.134375 0.5854166671875001 0.121875 0.5708333328124999 0.090625 0.5770833328125 0.084375 0.5708333328124999 0.0640625 0.5729166671875 0.0515625 0.5625 0 0.5666666671875 0 0.9958333328125001
7 0.41796875 0 0.3734375 0.00625 0.3625 0.029166667187500002 0.375 0.0458333328125 0.4 0.05625 0.4375 0.05625 0.4546875 0.0479166671875 0.4609375 0.0375 0.45625 0.014583332812499999 0.4265625 0 0.41796875 0
7 0.68125 0.1604166671875 0.678125 0.13125 0.6765625 0.1291666671875 0.6609375 0.1395833328125 0.6578125 0.15625 0.6625 0.1625 0.68125 0.1604166671875
7 0.2015625 0.2708333328125 0.2015625 0.25833333281250004 0.190625 0.2541666671875 0.1796875 0.2541666671875 0.16875 0.2541666671875 0.165625 0.2666666671875 0.1734375 0.27291666718749996 0.2015625 0.2708333328125
7 0 0.1020833328125 0.0296875 0.1020833328125 0.0390625 0.09375 0.034375 0.0770833328125 0.003125 0.0645833328125 0 0.0645833328125 0 0.1020833328125
7 0 0.2166666671875 0.0046875 0.2104166671875 0.0015625 0.2 0 0.2 0 0.2166666671875
7 0.078125 0.1895833328125 0.0765625 0.1770833328125 0.05625 0.16875 0.0484375 0.16875 0.0203125 0.1708333328125 0.0171875 0.1833333328125 0.0421875 0.19583333281249998 0.078125 0.1895833328125
7 0.196875 0.2791666671875 0.19375 0.28958333281250004 0.209375 0.2916666671875 0.2078125 0.2791666671875 0.196875 0.2791666671875
7 0.24375 0.3083333328125 0.2328125 0.3083333328125 0.23125 0.30625 0.2234375 0.3104166671875 0.225 0.32083333281250004 0.246875 0.3166666671875 0.24375 0.3083333328125
7 0.2875 0.3145833328125 0.2828125 0.3145833328125 0.278125 0.31875 0.28125 0.3270833328125 0.290625 0.325 0.2875 0.3145833328125
10 0.3640625 0.3291666671875 0.371875 0.3625 0.378125 0.36666666718749996 0.3828125 0.4270833328125 0.3765625 0.5770833328125 0.396875 0.575 0.4 0.5645833328125 0.4078125 0.58125 0.425 0.5833333328125 0.44375 0.5791666671875 0.428125 0.5520833328125 0.428125 0.4875 0.440625 0.40416666718750005 0.4359375 0.3020833328125 0.4578125 0.3104166671875 0.459375 0.28958333281250004 0.4390625 0.2479166671875 0.4296875 0.24375 0.425 0.20208333281250002 0.4109375 0.1916666671875 0.40625 0.1916666671875 0.396875 0.20625 0.3984375 0.2375 0.365625 0.28125 0.3640625 0.3291666671875
10 0.0140625 0.5208333328125 0.0171875 0.46666666718750005 0.0296875 0.4791666671875 0.0234375 0.48541666718750004 0.03125 0.4875 0.0375 0.5229166671875001 0.05625 0.5208333328125 0.0609375 0.4770833328125 0.0390625 0.4166666671875 0.0375 0.4145833328125 0.015625 0.4375 0.003125 0.46458333281249997 0.00625 0.525 0.0140625 0.5208333328125
11 0.11875 0.53125 0.1171875 0.20416666718749998 0.1296875 0.1916666671875 0.153125 0.1916666671875 0.1625 0.20625 0.1671875 0.2 0.1671875 0.1208333328125 0.1640625 0.10625 0.153125 0.1 0.1446428578125 0.1 0.0921875 0.1020833328125 0.0921875 0.5333333328125 0.1 0.54375 0.11875 0.53125
11 0.684375 0 0.68125 0.014583332812499999 0.6796875 0.10625 0.6859375 0.1520833328125 0.6796875 0.1729166671875 0.6796875 0.35208333281250004 0.7171875 0.3583333328125 0.728125 0.375 0.728125 0.5916666671875 0.7390625 0.60625 0.796875 0.60625 0.8 0.175 0.7953125 0 0.7873883921875 0 0.684375 0
16 0.640625 0.6375 0.7328125 0.6375 0.725 0.3770833328125 0.715625 0.3625 0.6484375 0.3604166671875 0.6453125 0.3604166671875 0.609375 0.4 0.60625 0.5916666671875 0.6109375 0.60625 0.640625 0.6375
10 0.284375 0.51875 0.2828125 0.4791666671875 0.2796875 0.4479166671875 0.271875 0.4458333328125 0.259375 0.4458333328125 0.2546875 0.45416666718750004 0.2578125 0.5291666671875 0.278125 0.53125 0.284375 0.51875