11 0.26640625 0.40546875 0.0421875 0.30234375
5 0.5671875 0.434375 0.059375 0.16015625
12 0.8890625 0.4625 0.21875 0.26640625
15 0.4984375 0.75 0.996875 0.49140625
7 0.909375 0.04453125 0.09375 0.05625
7 0.10625 0.09140625 0.08125 0.04140625
7 0.553125 0.321875 0.01875 0.03125
7 0.3234375 0.27265625 0.04375 0.02109375
7 0.58828125 0.07265625 0.0859375 0.05
7 0.17734375 0.15703125 0.0296875 0.01875
7 0.25703125 0.23046875 0.0390625 0.01875
7 0.2296875 0.25546875 0.034375 0.01875
7 0.0171875 0.13359375 0.034375 0.02890625
7 0.16484375 0.19453125 0.0234375 0.02265625
7 0.14609375 0.19375 0.0609375 0.025
7 0.0109375 0.09453125 0.021875 0.02265625
7 0.334375 0.23828125 0.021875 0.01484375
7 0.6125 0.29921875 0.0375 0.01484375
7 0.653125 0.24296875 0.015625 0.01484375
7 0.125 0.19296875 0.01875 0.01875
7 0.9421875 0.22421875 0.021875 0.01875
10 0.53125 0.44453125 0.040625 0.16484375
10 0.13125 0.36875 0.109375 0.48359375
10 0.02109375 0.38984375 0.0421875 0.44140625
10 0.196875 0.4375 0.04375 0.1875
10 0.484375 0.44765625 0.034375 0.17890625