12 0.89453125 0.47421875 0.2078125 0.26484375
15 0.4984375 0.75 0.996875 0.49140625
7 0.91953125 0.071875 0.0890625 0.05234375
7 0.58046875 0.32890625 0.0203125 0.02890625
7 0.27734375 0.26875 0.0328125 0.01640625
7 0.17734375 0.128125 0.0734375 0.03515625
7 0.196875 0.21484375 0.0375 0.025
7 0.08515625 0.16484375 0.0484375 0.025
7 0.6140625 0.09765625 0.08125 0.04609375
7 0.36328125 0.284375 0.0421875 0.01875
7 0.3046875 0.24609375 0.034375 0.01640625
7 0.08671875 0.13203125 0.0328125 0.02265625
7 0.0140625 0.26640625 0.028125 0.07109375
7 0.375 0.25390625 0.021875 0.0125
7 0.24140625 0.184375 0.0171875 0.01484375
7 0.94765625 0.240625 0.0234375 0.01875
10 0.21953125 0.384375 0.0953125 0.40625
10 0.09375 0.40625 0.078125 0.375
10 0.5421875 0.44609375 0.03125 0.15390625
10 0.51328125 0.44921875 0.0359375 0.16484375