5 0.2578125 0.6041666671875 0.4328125 0.5979166671875 0.4390625 0.0666666671875 0.30625 0.0354166671875 0.25 0.0354166671875 0.246875 0.03125 0.240625 0.07083333281250001 0.2328125 0.5833333328125 0.24375 0.6 0.2578125 0.6041666671875
7 0.35 0.175 0.34375 0.1625 0.3109375 0.15625 0.2984375 0.15625 0.284375 0.1604166671875 0.2828125 0.1729166671875 0.3171875 0.1854166671875 0.35 0.175
7 0.815625 0.1145833328125 0.81875 0.09375 0.8171875 0.09375 0.73125 0.1583333328125 0.728125 0.1708333328125 0.75 0.16875 0.815625 0.1145833328125
15 0 0.9958333328125001 0.9984375 0.9979166671874999 0.9984375 0.6208333328125 0.9515625 0.6208333328125 0.9453125 0.6458333328125 0.9265625 0.6520833328125 0.915625 0.64375 0.8890625 0.6458333328125 0.884375 0.6354166671875 0.8765625 0.6479166671875001 0.8453125 0.64375 0.8390625 0.6208333328125 0.8140625 0.6208333328125 0.7953125 0.6083333328125 0.71875 0.6083333328125 0.709375 0.6208333328125 0.684375 0.6208333328125 0.6765625 0.6291666671875 0.6625 0.61875 0.5984375 0.60625 0.5859375 0.5875 0.5890625 0.5729166671875 0.5828125 0.5583333328125 0.5796875 0.5583333328125 0.5671875 0.56875 0.440625 0.5625 0.434375 0.6104166671875 0.28125 0.6104166671875 0.275 0.6208333328125 0.246875 0.63125 0.121875 0.6541666671875 0 0.6458333328125 0 0.9958333328125001
7 0 0.6083333328125 0.0234375 0.59375 0.0328125 0.5395833328124999 0.0296875 0.475 0.00625 0.45 0 0.45 0 0.6083333328125
5 0.028125 0.4604166671875 0.0375 0.5 0.034375 0.5729166671875 0.2265625 0.5770833328125 0.2328125 0.45 0.234375 0.0479166671875 0.23125 0.0416666671875 0.15 0.0354166671875 0.159375 0.05625 0.153125 0.0666666671875 0.1578125 0.07083333281250001 0.1625 0.060416667187499995 0.1859375 0.10625 0.1875 0.125 0.1765625 0.1291666671875 0.1296875 0.03125 0.0453125 0.025 0.040625 0.025 0.034375 0.03125 0.03125 0.0645833328125 0.0265625 0.36875 0.028125 0.4604166671875
7 0.1828125 0.125 0.178125 0.0979166671875 0.14375 0.0270833328125 0.134375 0.0270833328125 0.134375 0.04375 0.1640625 0.10625 0.1734375 0.12291666718750001 0.1828125 0.125
10 0.8609375 0.1833333328125 0.8296875 0.2520833328125 0.8359375 0.2708333328125 0.85625 0.28125 0.853125 0.3708333328125 0.8578125 0.45416666718750004 0.840625 0.60625 0.8484375 0.6333333328124999 0.8640625 0.6395833328125 0.875 0.6375 0.86875 0.6104166671875 0.878125 0.5979166671875 0.8890625 0.5458333328125 0.8890625 0.6291666671875 0.928125 0.6395833328125 0.9421875 0.6333333328124999 0.940625 0.61875 0.928125 0.6083333328125 0.928125 0.5520833328125 0.9796875 0.35625 0.9796875 0.2854166671875 0.9984375 0.2708333328125 0.9984375 0.24375 0.9828125 0.2208333328125 0.9796875 0.20416666718749998 0.9390625 0.16458333281249998 0.9453125 0.1041666671875 0.9328125 0.0895833328125 0.921875 0.0895833328125 0.903125 0.1145833328125 0.90625 0.1541666671875 0.890625 0.1708333328125 0.8609375 0.1833333328125
11 0.7009943187500001 0 0.615625 0.0020833328125000002 0.615625 0.0458333328125 0.621875 0.0666666671875 0.603125 0.10625 0.6 0.4166666671875 0.59375 0.44166666718750003 0.596875 0.59375 0.6875 0.6166666671875001 0.7078125 0.6145833328125 0.7109375 0.6020833328124999 0.7140625 0.3604166671875 0.7125 0.3375 0.703125 0.33125 0.7015625 0.25625 0.7078125 0.1833333328125 0.709375 0 0.7009943187500001 0
18 0.578125 0.39375 0.5765625 0.38125 0.5921875 0.3479166671875 0.59375 0.19583333281249998 0.5125 0.1875 0.509375 0.1875 0.5015625 0.4375 0.5875 0.44166666718750003 0.5890625 0.40208333281249997 0.578125 0.39375
18 0.478125 0.19583333281249998 0.471875 0.1833333328125 0.44375 0.1833333328125 0.4421875 0.1833333328125 0.4375 0.4291666671875 0.4703125 0.43125 0.4765625 0.3875 0.478125 0.19583333281249998
18 0.71875 0.4375 0.7296875 0.4375 0.73125 0.3645833328125 0.7421875 0.3604166671875 0.7484375 0.3645833328125 0.7453125 0.44166666718750003 0.8109375 0.44375 0.8140625 0.29375 0.7109375 0.2916666671875 0.7078125 0.2916666671875 0.7046875 0.33125 0.7140625 0.3395833328125 0.71875 0.36666666718749996 0.71875 0.4375
18 0.715625 0.2166666671875 0.715625 0.20208333281250002 0.70625 0.21875 0.7078125 0.275 0.7171875 0.2708333328125 0.715625 0.2166666671875
18 0.8140625 0.1979166671875 0.75625 0.19583333281249998 0.7546875 0.19583333281249998 0.7484375 0.2166666671875 0.753125 0.2833333328125 0.8125 0.28125 0.8140625 0.1979166671875
7 0.5078125 0.0625 0.503125 0.060416667187499995 0.496875 0.060416667187499995 0.4765625 0.1 0.4703125 0.15 0.5046875 0.09375 0.5078125 0.0625
7 0.5046875 0.05 0.60625 0.054166667187499996 0.6015625 0.03125 0.5296875 0.025 0.5234375 0.0041666671875 0.5171875 0.0041666671875 0.5078125 0.01875 0.46875 0.0166666671875 0.4640625 0.0375 0.5046875 0.05