5 0.36328125 0.3684895828125 0.3564453125 0.3619791671875 0.30859375 0.3658854171875 0.310546875 0.5143229171875 0.33203125 0.5169270828125 0.349609375 0.51171875 0.349609375 0.4440104171875 0.36328125 0.3971354171875 0.36328125 0.3684895828125
12 0.4765625 0.4283854171875 0.47265625 0.50390625 0.474609375 0.5299479171875 0.4814453125 0.5390625 0.7255859375 0.6796875 0.748046875 0.68359375 1 0.6731770828125 0.9990234375 0.1770833328125 0.7333984375 0.1744791671875 0.4765625 0.4283854171875
15 0.8916015625 0.7369791671875 0.8759765625 0.7421875 0.8662109375 0.7630208328125 0.8525390625 0.7578125 0.8486328125 0.765625 0.8427734375 0.7578125 0.8330078125 0.765625 0.8076171875 0.7552083328125 0.7900390625 0.7552083328125 0.7861328125 0.765625 0.7724609375 0.75 0.7392578125 0.7526041671875 0.6708984375 0.7057291671875 0.6494140625 0.7057291671875 0.6337890625 0.6770833328125 0.5166015625 0.59375 0.4716796875 0.5520833328125 0.4599609375 0.5260416671875 0.4287109375 0.53125 0.4130859375 0.5208333328125 0.3427734375 0.5208333328125 0.2431640625 0.5364583328125 0.2119140625 0.5338541671875 0.0966796875 0.5572916671875 0.0732421875 0.5520833328125 0.0615234375 0.5598958328125 0.0556640625 0.5520833328125 0.0400390625 0.5520833328125 0.0185546875 0.5625 0 0.5846354171875 0.0009765625 0.9973958328125001 1 0.99609375 0.9990234375 0.734375 0.9072265625 0.734375 0.9033203125 0.7421875 0.8916015625 0.7369791671875
7 0.5830078125 0.05208333281250001 0.552734375 0.07421875 0.552734375 0.08984375 0.5615234375 0.09895833281250001 0.59765625 0.1028645828125 0.6318359375 0.09114583281250001 0.6328125 0.06380208281250001 0.6162109375 0.05208333281250001 0.5830078125 0.05208333281250001
4 0.14453125 0.4622395828125 0.146484375 0.5143229171875 0.1591796875 0.5338541671875 0.166015625 0.5325520828125 0.208984375 0.52734375 0.208984375 0.4752604171875 0.2041015625 0.46875 0.14453125 0.4622395828125
10 0.20703125 0.40234375 0.205078125 0.4440104171875 0.21484375 0.52734375 0.2265625 0.52734375 0.2265625 0.4049479171875 0.1982421875 0.3723958328125 0.193359375 0.38671875 0.20703125 0.40234375
7 0.2646484375 0.3307291671875 0.28125 0.33984375 0.2763671875 0.3229166671875 0.2626953125 0.3072916671875 0.25390625 0.30859375 0.2646484375 0.3307291671875
7 0.2568359375 0.0416666671875 0.23828125 0.05338541718749999 0.23828125 0.07161458281250001 0.2568359375 0.0859375 0.30859375 0.08984375 0.326171875 0.07942708281250001 0.32421875 0.05859375 0.3134765625 0.0494791671875 0.2568359375 0.0416666671875
7 0.8818359375 0.07291666718749999 0.853515625 0.08984375 0.853515625 0.1002604171875 0.8642578125 0.1119791671875 0.89453125 0.11328125 0.9306640625 0.1015625 0.935546875 0.08723958281250001 0.9169921875 0.07552083281250001 0.8818359375 0.07291666718749999
7 0.009765625 0.2669270828125 0.013671875 0.25390625 0.0009765625 0.24479166718749998 0 0.2669270828125 0.009765625 0.2669270828125
10 0.34765625 0.50390625 0.3525390625 0.515625 0.3681640625 0.5078125 0.380859375 0.51953125 0.373046875 0.44921875 0.3603515625 0.4036458328125 0.349609375 0.44140625 0.34765625 0.50390625
10 0.0947265625 0.4973958328125 0.119140625 0.4544270828125 0.119140625 0.4231770828125 0.1083984375 0.40625 0.091796875 0.41796875 0.09765625 0.44140625 0.0947265625 0.4583333328125 0.033203125 0.4934895828125 0.0234375 0.5455729171875 0.03515625 0.5455729171875 0.0439453125 0.5078125 0.060546875 0.5299479171875 0.060546875 0.5481770828125 0.068359375 0.5481770828125 0.072265625 0.5299479171875 0.060546875 0.5247395828125 0.05859375 0.5013020828125 0.0947265625 0.4973958328125
14 0.1298828125 0.421875 0.11328125 0.47265625 0.11328125 0.49609375 0.099609375 0.5299479171875 0.1162109375 0.5442708328125 0.162109375 0.54296875 0.142578125 0.49609375 0.142578125 0.4622395828125 0.154296875 0.42578125 0.1298828125 0.421875
10 0.11328125 0.39453125 0.11328125 0.4049479171875 0.1298828125 0.421875 0.150390625 0.4205729171875 0.138671875 0.37109375 0.1298828125 0.3671875 0.126953125 0.3815104171875 0.11328125 0.39453125
10 0.1650390625 0.3854166671875 0.15234375 0.41015625 0.154296875 0.4388020828125 0.1796875 0.4440104171875 0.181640625 0.42578125 0.171875 0.4049479171875 0.173828125 0.39453125 0.1650390625 0.3854166671875
11 0.046875 0.38671875 0.0478515625 0.3489583328125 0.0654296875 0.3463541671875 0.0732421875 0.3541666671875 0.083984375 0.3450520828125 0.0859375 0.2643229171875 0.083984375 0.24869791718749998 0.07421875 0.23828125 0.076171875 0.19140625 0.0244140625 0.1848958328125 0.0234375 0.41796875 0.0322265625 0.421875 0.0439453125 0.4088541671875 0.0556640625 0.4088541671875 0.05078125 0.4388020828125 0.0615234375 0.4583333328125 0.080078125 0.4596354171875 0.08203125 0.3971354171875 0.0732421875 0.3880208328125 0.0537109375 0.3932291671875 0.046875 0.38671875