5 0.796875 0.42890625 0.0375 0.15859375
5 0.621875 0.43359375 0.05625 0.15
5 0.67265625 0.43125 0.0453125 0.14609375
12 0.90625 0.46796875 0.184375 0.25234375
15 0.4984375 0.74921875 0.996875 0.49375
7 0.9421875 0.078125 0.0875 0.04765625
7 0.13046875 0.01484375 0.0671875 0.02890625
7 0.61015625 0.328125 0.0171875 0.02734375
7 0.23515625 0.15 0.0671875 0.03359375
7 0.34765625 0.25390625 0.0328125 0.01640625
7 0.146875 0.18125 0.04375 0.02109375
7 0.64375 0.10703125 0.078125 0.04375
7 0.15078125 0.153125 0.0296875 0.01875
7 0.4015625 0.2875 0.0375 0.01640625
7 0.26171875 0.22578125 0.0390625 0.02265625
7 0.2859375 0.19921875 0.025 0.01484375
7 0.4140625 0.26015625 0.01875 0.0125
7 0.9421875 0.05078125 0.090625 0.1015625
7 0.32421875 0.275 0.0234375 0.0125
10 0.2828125 0.39140625 0.08125 0.36640625
10 0.48671875 0.33828125 0.2546875 0.6765625
10 0.4 0.43828125 0.046875 0.19375
10 0.17109375 0.41015625 0.0703125 0.3375