11 0.2 0.39296875 0.053125 0.35234375
18 0.5828125 0.39375 0.253125 0.25390625
5 0.55234375 0.434375 0.0640625 0.17265625
12 0.89296875 0.46953125 0.2109375 0.27265625
15 0.4984375 0.753125 0.996875 0.48515625
7 0.53671875 0.315625 0.0203125 0.03515625
7 0.0296875 0.025 0.059375 0.05
7 0.575 0.03671875 0.09375 0.06015625
7 0.07734375 0.15859375 0.0703125 0.03359375
7 0.20703125 0.203125 0.0421875 0.02265625
7 0.10625 0.11328125 0.034375 0.02265625
7 0.28515625 0.25625 0.0484375 0.02109375
7 0.696875 0.35625 0.015625 0.02890625
7 0.92421875 0.021875 0.1046875 0.04375
7 0.16953125 0.234375 0.0203125 0.01875
7 0.64375 0.22734375 0.01875 0.01640625
7 0.228125 0.26328125 0.021875 0.01484375
7 0.29375 0.21640625 0.025 0.01640625
7 0.965625 0.20234375 0.025 0.02109375
10 0.33828125 0.43671875 0.0671875 0.23125
10 0.496875 0.44375 0.0375 0.17890625
10 0.121875 0.44140625 0.04375 0.23359375
10 0.02421875 0.33203125 0.0484375 0.61875
10 0.4609375 0.446875 0.034375 0.19375