11 0.21484375 0.334375 0.0921875 0.58984375
11 0.34609375 0.47109375 0.1609375 0.32890625
5 0.790625 0.41640625 0.090625 0.2375
15 0.4984375 0.759375 0.996875 0.47265625
7 0.1375 0.05234375 0.075 0.05
7 0.7671875 0.26875 0.025 0.05
7 0.32890625 0.11875 0.0515625 0.03359375
7 0.4453125 0.20078125 0.05625 0.03125
7 0.31328125 0.17578125 0.0453125 0.02734375
7 0.44140625 0.13046875 0.0296875 0.02265625
7 0.38125 0.22109375 0.021875 0.01640625
7 0.8359375 0.25390625 0.028125 0.02109375
7 0.92421875 0.12421875 0.0265625 0.02265625
10 0.3984375 0.40078125 0.084375 0.37734375
10 0.70859375 0.42421875 0.0421875 0.26015625
10 0.14921875 0.403125 0.0546875 0.28984375
10 0.66171875 0.42421875 0.0453125 0.31484375