11 0.20703125 0.39453125 0.0515625 0.34765625
5 0.5546875 0.43359375 0.0625 0.17109375
12 0.89296875 0.47265625 0.2078125 0.275
15 0.49921875 0.753125 0.9953125 0.48515625
7 0.03828125 0.03046875 0.0765625 0.05625
7 0.93203125 0.02421875 0.1046875 0.04765625
7 0.540625 0.31640625 0.021875 0.0375
7 0.09140625 0.1625 0.0671875 0.03359375
7 0.215625 0.20546875 0.04375 0.02265625
7 0.58359375 0.03984375 0.0921875 0.0625
7 0.1796875 0.23671875 0.021875 0.01875
7 0.29296875 0.25703125 0.0484375 0.02265625
7 0.11875 0.11796875 0.034375 0.02265625
7 0.30234375 0.21796875 0.0265625 0.01875
7 0.96796875 0.20546875 0.0234375 0.02265625
7 0.6484375 0.22890625 0.01875 0.01640625
7 0.2359375 0.26640625 0.021875 0.01640625
10 0.33828125 0.43515625 0.0578125 0.23359375
10 0.03203125 0.33125 0.0640625 0.60859375
10 0.1328125 0.44140625 0.04375 0.23359375
10 0.50078125 0.44140625 0.0390625 0.17890625
10 0.4671875 0.44609375 0.0375 0.19140625
10 0.2859375 0.35703125 0.04375 0.05625
10 0.16953125 0.42734375 0.0359375 0.18359375