11 0.23515625 0.47109375 0.1421875 0.28359375
11 0.115625 0.346875 0.08125 0.52265625
5 0.6359375 0.42421875 0.075 0.20625
15 0.4984375 0.75859375 0.996875 0.475
7 0.61875 0.28828125 0.025 0.04375
7 0.03515625 0.06953125 0.0703125 0.04765625
7 0.815625 0.33125 0.025 0.04609375
7 0.315625 0.21328125 0.05625 0.02734375
7 0.9046875 0.32734375 0.03125 0.04609375
7 0.2046875 0.13671875 0.053125 0.02734375
7 0.12109375 0.35859375 0.0609375 0.12109375
7 0.8671875 0.32890625 0.021875 0.04609375
7 0.1859375 0.18515625 0.046875 0.025
7 0.3140625 0.15234375 0.03125 0.02109375
7 0.253125 0.22734375 0.025 0.01640625
7 0.75078125 0.16953125 0.0234375 0.01875
10 0.04296875 0.42890625 0.0640625 0.32109375
10 0.49765625 0.4375 0.0703125 0.25390625
10 0.28046875 0.40859375 0.0859375 0.3375
10 0.5671875 0.43203125 0.04375 0.22734375
10 0.54609375 0.44296875 0.0453125 0.22734375
10 0.16796875 0.421875 0.0390625 0.24765625