5 0.82578125 0.3375 0.0890625 0.225
15 0.49921875 0.71875 0.9953125 0.55
7 0.39140625 0.35078125 0.1515625 0.31015625
7 0.95546875 0.29609375 0.0828125 0.19140625
7 0.1921875 0.01171875 0.078125 0.02265625
7 0.80390625 0.19921875 0.0265625 0.06484375
7 0.95546875 0.62265625 0.0859375 0.35
7 0.36875 0.053125 0.05 0.04375
7 0.353125 0.11015625 0.04375 0.0375
7 0.478125 0.06328125 0.03125 0.03515625
10 0.6828125 0.32265625 0.046875 0.30859375
10 0.2109375 0.31953125 0.053125 0.28125
10 0.4375 0.30078125 0.078125 0.34765625
10 0.74453125 0.3375 0.0421875 0.24140625