15 0 0.9958333328125001 0.9984375 0.9979166671874999 0.9984375 0.5625 0.896875 0.55625 0.8875 0.5645833328125 0.8765625 0.5583333328125 0.8546875 0.5645833328125 0.8296875 0.54375 0.8109375 0.5395833328124999 0.7390625 0.5395833328124999 0.7296875 0.5479166671875 0.721875 0.5395833328124999 0.7203125 0.5375 0.6890625 0.5395833328124999 0.684375 0.5479166671875 0.6578125 0.54375 0.625 0.5583333328125 0.5375 0.5583333328125 0.465625 0.5770833328125 0.4421875 0.5708333328124999 0.309375 0.5854166671875001 0.2953125 0.59375 0.2734375 0.5854166671875001 0.2609375 0.6104166671875 0.2515625 0.6104166671875 0.246875 0.6375 0.2375 0.65 0.2171875 0.65625 0.2015625 0.65625 0.19375 0.6479166671875001 0.1578125 0.65 0.153125 0.65625 0.1328125 0.65 0.1296875 0.6333333328124999 0.153125 0.6208333328125 0.153125 0.6104166671875 0.1078125 0.6104166671875 0.09375 0.625 0.084375 0.6166666671875001 0.034375 0.6104166671875 0.025 0.6166666671875001 0.0203125 0.6416666671875 0.0140625 0.6479166671875001 0.0046875 0.64375 0 0.6520833328125 0 0.9958333328125001
10 0.1515625 0.175 0.1421875 0.2208333328125 0.140625 0.2854166671875 0.153125 0.28958333281250004 0.1578125 0.39791666718749996 0.178125 0.48541666718750004 0.178125 0.5520833328125 0.1765625 0.5958333328125 0.16875 0.6145833328125 0.1359375 0.6416666671875 0.19375 0.6333333328124999 0.1953125 0.6 0.203125 0.5895833328125 0.20625 0.46875 0.2109375 0.4625 0.2203125 0.5083333328124999 0.221875 0.5604166671875 0.2203125 0.6145833328125 0.203125 0.6416666671875 0.2109375 0.65 0.2375 0.6395833328125 0.2390625 0.5979166671875 0.2515625 0.575 0.246875 0.44166666718750003 0.2546875 0.36666666718749996 0.2421875 0.2854166671875 0.246875 0.2770833328125 0.2703125 0.2770833328125 0.2703125 0.25833333281250004 0.25625 0.18125 0.246875 0.1604166671875 0.2265625 0.1416666671875 0.215625 0.1125 0.2140625 0.07291666718749999 0.1984375 0.05625 0.196875 0.054166667187499996 0.1828125 0.05625 0.1625 0.0875 0.1609375 0.1604166671875 0.1515625 0.175
7 0.1609375 0.1020833328125 0.140625 0.0895833328125 0.1375 0.0895833328125 0.13125 0.1020833328125 0.134375 0.125 0.1578125 0.1208333328125 0.1609375 0.1020833328125
5 0.453125 0.2520833328125 0.4546875 0.2708333328125 0.46875 0.25833333281250004 0.478125 0.2625 0.4875 0.29375 0.5015625 0.30416666718749996 0.509375 0.3291666671875 0.5125 0.35625 0.5015625 0.4479166671875 0.5078125 0.46458333281249997 0.5265625 0.46666666718750005 0.5375 0.4895833328125 0.534375 0.54375 0.528125 0.55 0.6296875 0.5520833328125 0.665625 0.5333333328125 0.8328125 0.5375 0.834375 0.28125 0.8421875 0.2166666671875 0.8421875 0.1291666671875 0.8375 0.1125 0.834375 0.1125 0.4421875 0.1625 0.4359375 0.2 0.440625 0.2479166671875 0.453125 0.2520833328125
7 0.603125 0.2520833328125 0.603125 0.23958333281250002 0.5703125 0.19583333281249998 0.565625 0.19583333281249998 0.5609375 0.20416666718749998 0.56875 0.21875 0.5921875 0.25 0.603125 0.2520833328125
10 0.25 0.4375 0.253125 0.54375 0.2551143453125 0.5782418578125 0.2836893734375 0.5800554875 0.27280360937500003 0.5220191828125 0.2796072 0.48937374375 0.29965878125 0.57274969375 0.3472658296875 0.57405800625 0.35021062187499996 0.5662080859375 0.3203125 0.5583333328125 0.321875 0.54375 0.3125 0.4875 0.315625 0.43333333281249997 0.309375 0.42291666718750004 0.3140625 0.41875 0.30625 0.40416666718750005 0.296875 0.2979166671875 0.290625 0.2833333328125 0.29375 0.25833333281250004 0.2828125 0.24375 0.2765625 0.24375 0.2734375 0.2708333328125 0.2484375 0.29375 0.25625 0.3583333328125 0.25 0.4375
14 0.4390625 0.4458333328125 0.4390625 0.5583333328125 0.46875 0.5479166671875 0.4625 0.48125 0.4703125 0.4125 0.465625 0.3875 0.4578125 0.3875 0.415625 0.3916666671875 0.421875 0.40833333281249995 0.44375 0.43125 0.4390625 0.4458333328125
10 0.4640625 0.47291666718750003 0.4734375 0.55 0.465625 0.55625 0.478125 0.5604166671875 0.496875 0.5541666671875001 0.49375 0.45416666718750004 0.5109375 0.3479166671875 0.5 0.30416666718749996 0.4859375 0.29375 0.475 0.2625 0.4640625 0.2625 0.45625 0.275 0.4578125 0.2916666671875 0.478125 0.3125 0.4640625 0.47291666718750003
5 0.4765625 0.33125 0.475 0.3125 0.45625 0.2916666671875 0.4546875 0.2916666671875 0.453125 0.3645833328125 0.4546875 0.3729166671875 0.465625 0.3770833328125 0.4765625 0.33125
14 0.2125 0.4770833328125 0.2125 0.47083333281249995 0.2046875 0.5916666671875 0.2171875 0.5916666671875 0.2203125 0.5729166671875 0.2125 0.4770833328125
14 0.15 0.4895833328125 0.134375 0.55625 0.109375 0.59375 0.14375 0.59375 0.1640625 0.6041666671875 0.175 0.59375 0.1765625 0.4875 0.15625 0.40416666718750005 0.15 0.3270833328125 0.1375 0.3270833328125 0.125 0.3333333328125 0.121875 0.34375 0.1453125 0.4 0.15 0.4895833328125
4 0.325 0.5583333328125 0.434375 0.55 0.4390625 0.5375 0.4390625 0.43958333281249995 0.4171875 0.44375 0.3859375 0.4291666671875 0.35 0.425 0.3484375 0.42291666718750004 0.321875 0.43125 0.3234375 0.45208333281249996 0.3140625 0.4791666671875 0.325 0.5583333328125
10 0.35 0.4166666671875 0.3609375 0.425 0.390625 0.41875 0.39375 0.3895833328125 0.4109375 0.3875 0.409375 0.36666666718749996 0.3875 0.33541666718749996 0.3890625 0.30416666718749996 0.384375 0.2979166671875 0.375 0.2979166671875 0.36875 0.3270833328125 0.3515625 0.34375 0.3578125 0.39791666718749996 0.35 0.4166666671875
11 0.0109375 0 0.009375 0.2479166671875 0.0359375 0.225 0.0578125 0.22916666718749998 0.0737279171875 0.26785576093749996 0.075 0.30625 0.0953125 0.3333333328125 0.1046875 0.36875 0.1078125 0.41875 0.0859375 0.43958333281249995 0.084375 0.48541666718750004 0.0984375 0.5916666671875 0.10625 0.5895833328125 0.1328125 0.5479166671875 0.1328125 0.3708333328125 0.1203125 0.3375 0.128125 0.325 0.1234375 0.28125 0.13125 0.2666666671875 0.1359375 0.1666666671875 0.13125 0.11875 0.134375 0 0.1261458328125 0 0.0109375 0
10 0 0.4604166671875 0.0078125 0.41875 0.0203125 0.40625 0.028125 0.38333333281250004 0.08125 0.3916666671875 0.0890625 0.42291666718750004 0.10625 0.4145833328125 0.0984375 0.34375 0.071875 0.30625 0.075 0.28125 0.059375 0.23958333281250002 0.046875 0.2270833328125 0.0359375 0.2270833328125 0.0125 0.2520833328125 0.028125 0.30625 0 0.35625 0 0.4604166671875
11 0.88046875 0 0.853125 0.0041666671875 0.85 0.40625 0.8515625 0.46666666718750005 0.8578125 0.47083333281249995 0.8515625 0.47291666718750003 0.8484375 0.5354166671875 0.8578125 0.5416666671875 0.859375 0.5520833328125 0.8796875 0.5520833328125 0.8859375 0.5354166671875 0.89375 0.029166667187500002 0.8890625 0 0.88046875 0
11 0.0125 0.275 0.0078125 0.3 0.0125 0.3333333328125 0.021875 0.3104166671875 0.0125 0.275
3 0.0046875 0.6166666671875001 0.0125 0.625 0.0125 0.5 0.0609375 0.5041666671875 0.0760132984375 0.5068946796875 0.0796875 0.5479166671875 0.0953125 0.6166666671875001 0.084375 0.49375 0.084375 0.40208333281249997 0.0765625 0.39375 0.034375 0.3916666671875 0.0328125 0.3895833328125 0.0296875 0.40416666718750005 0.015625 0.4145833328125 0 0.49375 0.0046875 0.6166666671875001
11 0.0609375 0.5145833328125 0.03125 0.5083333328124999 0.0171875 0.5083333328124999 0.0125 0.53125 0.015625 0.575 0.0625 0.5770833328125 0.0609375 0.5145833328125