11 0.80859375 0.459375 0.1390625 0.28125
15 0.49921875 0.78125 0.9984375 0.43359375
7 0.6296875 0.31953125 0.03125 0.04375
7 0.51953125 0.19921875 0.0390625 0.03125
7 0.49921875 0.334375 0.0796875 0.09375
7 0.40625 0.36328125 0.01875 0.05625
7 0.19375 0.14609375 0.05625 0.04140625
7 0.48125 0.359375 0.034375 0.03984375
7 0.66484375 0.20234375 0.0421875 0.02890625
10 0.92734375 0.35859375 0.1421875 0.51640625
10 0.190625 0.375 0.15 0.5
10 0.68671875 0.39453125 0.0859375 0.38984375
10 0.77890625 0.30859375 0.0765625 0.15390625
10 0.35234375 0.36953125 0.1109375 0.50234375