7 0.7515625 0 0.75 0.0791666671875 0.715625 0.1 0.7109375 0.11041666718750001 0.715625 0.1270833328125 0.7515625 0.13125 0.7828125 0.125 0.7875 0.1145833328125 0.7828125 0.08541666718749999 0.7546875 0.0791666671875 0.7546875 0 0.7515625 0
7 0.728125 0.13125 0.7828125 0.12291666718750001 0.7859375 0.0916666671875 0.771875 0.08333333281250001 0.7609375 0.08333333281250001 0.721875 0.09375 0.7109375 0.11041666718750001 0.7125 0.1208333328125 0.728125 0.13125
14 0.175 0.38333333281250004 0.190625 0.35625 0.1875 0.34375 0.15 0.3333333328125 0.075 0.33541666718749996 0.0671875 0.3270833328125 0.0609375 0.3270833328125 0.0875 0.3895833328125 0.09375 0.3875 0.0984375 0.3708333328125 0.175 0.38333333281250004
7 0.2015625 0.2875 0.190625 0.2833333328125 0.18125 0.2833333328125 0.171875 0.2833333328125 0.1703125 0.29375 0.2015625 0.2958333328125 0.2015625 0.2875
7 0.2921875 0.325 0.2890625 0.325 0.2796875 0.3291666671875 0.28125 0.3375 0.30625 0.33541666718749996 0.2921875 0.325
14 0.028125 0.41041666718750003 0.040625 0.42291666718750004 0.0390625 0.5979166671875 0.040625 0.6125 0.053125 0.6208333328125 0.0546875 0.6479166671875001 0.0640625 0.6583333328125 0.0703125 0.6458333328125 0.06875 0.4479166671875 0.0734375 0.43958333281249995 0.090625 0.44375 0.10625 0.42291666718750004 0.1171875 0.4375 0.153125 0.4375 0.1609375 0.45 0.1890625 0.45625 0.190625 0.6104166671875 0.2 0.6041666671875 0.2015625 0.4479166671875 0.2078125 0.43958333281249995 0.234375 0.44166666718750003 0.2359375 0.46458333281249997 0.2484375 0.46875 0.246875 0.6375 0.25625 0.6458333328125 0.2609375 0.61875 0.2578125 0.4291666671875 0.2609375 0.42083333281249996 0.2828125 0.41041666718750003 0.2796875 0.3916666671875 0.1203125 0.38125 0.1140625 0.38125 0.096875 0.38333333281250004 0.084375 0.3958333328125 0.040625 0.3895833328125 0.028125 0.41041666718750003
7 0.2328125 0.3166666671875 0.2234375 0.3166666671875 0.2125 0.32083333281250004 0.215625 0.3270833328125 0.234375 0.3270833328125 0.2328125 0.3166666671875
15 0 0.9979166671874999 0.9984375 0.9979166671874999 0.9984375 0.7791666671875 0.9703125 0.78125 0.9625 0.7645833328125 0.9578125 0.7666666671875 0.9625 0.7708333328125 0.959375 0.7791666671875 0.940625 0.7895833328124999 0.9453125 0.8020833328125001 0.91875 0.7854166671875 0.7578125 0.7854166671875 0.6703125 0.6729166671875 0.6640625 0.6333333328124999 0.6734375 0.6145833328125 0.6734375 0.575 0.6203125 0.5416666671875 0.6109375 0.55 0.6046875 0.53125 0.5875 0.5333333328125 0.565625 0.5208333328125 0.55703125 0.5208333328125 0.4421875 0.5333333328125 0.4625 0.5416666671875 0.4546875 0.5583333328125 0.4671875 0.5645833328125 0.478125 0.59375 0.4609375 0.6083333328125 0.45625 0.63125 0.4390625 0.6333333328124999 0.434375 0.6416666671875 0.4125 0.6375 0.4078125 0.64375 0.4078125 0.6375 0.3921875 0.63125 0.359375 0.6333333328124999 0.35 0.625 0.3484375 0.54375 0.3296875 0.5416666671875 0.290625 0.5416666671875 0.28125 0.5541666671875001 0.2671875 0.55625 0.265625 0.6375 0.259375 0.6541666671875 0.24375 0.65 0.2375 0.6375 0.2421875 0.5791666671875 0.246875 0.575 0.240625 0.5541666671875001 0.23125 0.5541666671875001 0.228125 0.5708333328124999 0.2046875 0.5791666671875 0.203125 0.6083333328125 0.196875 0.61875 0.165625 0.60625 0.1546875 0.6166666671875001 0.0828125 0.6229166671875 0.075 0.6333333328124999 0.0703125 0.6645833328124999 0.0515625 0.6583333328125 0.0484375 0.6291666671875 0.0359375 0.6208333328125 0.0328125 0.60625 0 0.60625 0 0.9979166671874999
7 0.20625 0.25625 0.209375 0.2479166671875 0.196875 0.23958333281250002 0.1890625 0.23958333281250002 0.165625 0.23958333281250002 0.1640625 0.24583333281250003 0.1734375 0.25625 0.20625 0.25625
7 0.2203125 0.2708333328125 0.2125 0.2708333328125 0.2046875 0.2708333328125 0.2046875 0.2770833328125 0.2203125 0.28125 0.2203125 0.2708333328125
7 0.5 0.13125 0.5046875 0.10833333281249999 0.4859375 0.0958333328125 0.47760416718750004 0.0958333328125 0.4484375 0.1020833328125 0.446875 0.13333333281249998 0.4671875 0.1395833328125 0.5 0.13125
7 0.703125 0.2166666671875 0.7328125 0.20416666718749998 0.728125 0.1875 0.7140625 0.1833333328125 0.703125 0.1833333328125 0.684375 0.1875 0.675 0.1979166671875 0.675 0.20833333281250002 0.703125 0.2166666671875
7 0.3015625 0.3104166671875 0.3 0.32083333281250004 0.3109375 0.32083333281250004 0.3078125 0.3104166671875 0.3015625 0.3104166671875
10 0.4796875 0.4604166671875 0.490625 0.44375 0.4734375 0.40833333281249995 0.46875 0.40833333281249995 0.459375 0.4895833328125 0.4625 0.5166666671875 0.478125 0.5125 0.4796875 0.4604166671875
16 0.6703125 0.6520833328125 0.6875 0.6854166671875 0.759375 0.775 0.925 0.7791666671875 0.9421875 0.7666666671875 0.940625 0.7166666671875 0.9234375 0.70625 0.921875 0.2708333328125 0.8703125 0.2625 0.8671875 0.2625 0.765625 0.2645833328125 0.6796875 0.3604166671875 0.6796875 0.5979166671875 0.6703125 0.6520833328125
10 0.6109375 0.5125 0.6109375 0.46458333281249997 0.63125 0.44166666718750003 0.6203125 0.4166666671875 0.6171875 0.4166666671875 0.6015625 0.4375 0.60625 0.4479166671875 0.60625 0.5208333328125 0.6109375 0.5125
10 0.328125 0.2541666671875 0.3265625 0.2708333328125 0.3375 0.2916666671875 0.35 0.3 0.353125 0.325 0.353125 0.3770833328125 0.3609375 0.41875 0.353125 0.525 0.35625 0.6208333328125 0.371875 0.6229166671875 0.396875 0.6104166671875 0.403125 0.6270833328125 0.428125 0.6291666671875 0.45625 0.6208333328125 0.4359375 0.6020833328124999 0.425 0.575 0.425 0.5020833328125 0.4328125 0.48333333281249996 0.440625 0.3645833328125 0.421875 0.17916666718750002 0.434375 0.16458333281249998 0.446875 0.1166666671875 0.4234375 0.0958333328125 0.4140625 0.0958333328125 0.4015625 0.11041666718750001 0.3921875 0.14791666718750002 0.359375 0.1875 0.328125 0.2541666671875
11 0.7875 0 0.7859375 0.0083333328125 0.790625 0.1020833328125 0.7859375 0.25833333281250004 0.8828125 0.25833333281250004 0.9171875 0.2625 0.925 0.2708333328125 0.9265625 0.7 0.9453125 0.71875 0.946875 0.7625 0.953125 0.775 0.9984375 0.775 0.9984375 0 0.990625 0 0.7875 0
11 0.08125 0.1208333328125 0.09375 0.12291666718750001 0.1078125 0.1416666671875 0.1109375 0.28125 0.11875 0.2770833328125 0.115625 0.2541666671875 0.1203125 0.23958333281250002 0.1421875 0.2270833328125 0.1421875 0.05 0.1390625 0.0375 0.125 0.029166667187500002 0.1171875 0.029166667187500002 0.0515625 0.0354166671875 0.0515625 0.14375 0.059375 0.1270833328125 0.08125 0.1208333328125
14 0.0953125 0.5041666671875 0.0921875 0.5395833328124999 0.071875 0.5875 0.0796875 0.5916666671875 0.10625 0.5770833328125 0.125 0.59375 0.184375 0.5979166671875 0.1859375 0.5770833328125 0.171875 0.5583333328125 0.15625 0.5041666671875 0.159375 0.45416666718750004 0.15 0.44166666718750003 0.153125 0.4375 0.11875 0.44166666718750003 0.11875 0.46458333281249997 0.1125 0.46666666718750005 0.1078125 0.43541666718750005 0.10625 0.43541666718750005 0.0953125 0.44166666718750003 0.1015625 0.45416666718750004 0.1015625 0.5041666671875 0.0953125 0.5041666671875
5 0.575 0.3458333328125 0.5671875 0.3458333328125 0.4921875 0.3479166671875 0.4953125 0.5145833328125 0.575 0.5104166671875 0.575 0.3458333328125
14 0.3140625 0.5375 0.3375 0.5375 0.346875 0.5333333328125 0.3359375 0.49583333281249997 0.34375 0.4458333328125 0.328125 0.43958333281249995 0.31953125 0.43958333281249995 0.30625 0.44375 0.3125 0.48333333281249996 0.3046875 0.5291666671875 0.3140625 0.5375
10 0.3234375 0.41875 0.3140625 0.3958333328125 0.3109375 0.3958333328125 0.303125 0.42291666718750004 0.3078125 0.4375 0.3234375 0.4375 0.3234375 0.41875