11 0.07265625 0.44765625 0.1453125 0.3875
5 0.796875 0.43046875 0.0375 0.16015625
5 0.67421875 0.43203125 0.0484375 0.14765625
12 0.90625 0.46796875 0.184375 0.24765625
15 0.49921875 0.74921875 0.9984375 0.49375
7 0.13046875 0.01484375 0.0671875 0.02890625
7 0.9421875 0.078125 0.0875 0.04765625
7 0.61015625 0.32890625 0.0171875 0.025
7 0.146875 0.18125 0.04375 0.02109375
7 0.34765625 0.25390625 0.0328125 0.01640625
7 0.23515625 0.15 0.0671875 0.03359375
7 0.4015625 0.28828125 0.0375 0.01875
7 0.15078125 0.153125 0.0296875 0.01875
7 0.26171875 0.22734375 0.0390625 0.02109375
7 0.4140625 0.26015625 0.01875 0.0125
7 0.9421875 0.05234375 0.0875 0.10390625
7 0.28671875 0.19921875 0.0234375 0.01484375
7 0.32421875 0.27578125 0.0234375 0.01484375
10 0.2828125 0.39140625 0.08125 0.36640625
10 0.5515625 0.33984375 0.16875 0.67890625
10 0.17109375 0.409375 0.0703125 0.33984375
10 0.4 0.43828125 0.046875 0.19375