7 0.059375 0.2666666671875 0.05625 0.25625 0.04375 0.2520833328125 0.0348958328125 0.2520833328125 0.0171875 0.2520833328125 0.0109375 0.2604166671875 0.025 0.2708333328125 0.059375 0.2666666671875
15 0 0.9979166671874999 0.75625 0.9979166671874999 0.746875 0.96875 0.671875 0.8604166671875 0.675 0.85625 0.6625 0.8458333328125001 0.6421875 0.7979166671875 0.640625 0.7208333328125 0.6546875 0.7145833328125 0.6546875 0.5958333328125 0.6296875 0.5958333328125 0.4859375 0.5208333328125 0.4328125 0.5208333328125 0.4296875 0.5208333328125 0.321875 0.5333333328125 0.3140625 0.5916666671875 0.3171875 0.60625 0.3421875 0.63125 0.340625 0.65 0.33125 0.6583333328125 0.2859375 0.6604166671875 0.2953125 0.6854166671875 0.28125 0.7104166671875001 0.215625 0.725 0.1875 0.725 0.16875 0.7083333328125 0.1328125 0.7125 0.1125 0.7020833328125 0.1234375 0.6625 0.1140625 0.5708333328124999 0.1078125 0.5791666671875 0.034375 0.5708333328124999 0.0296875 0.6020833328124999 0.0109375 0.6270833328125 0 0.6875 0 0.9979166671874999
16 0.846875 0 0.8296875 0.029166667187500002 0.8140625 0.0333333328125 0.809375 0.058333332812500006 0.7703125 0.0958333328125 0.746875 0.1354166671875 0.7171875 0.16458333281249998 0.665625 0.2375 0.665625 0.7145833328125 0.6625 0.725 0.6515625 0.725 0.646875 0.7354166671875 0.646875 0.7916666671875 0.771875 0.9979166671874999 0.9984375 0.9979166671874999 0.9984375 0 0.9904605265624999 0 0.846875 0
7 0.6578125 0.0979166671875 0.709375 0.0916666671875 0.725 0.0770833328125 0.725 0.0645833328125 0.71875 0.05208333281250001 0.7015625 0.04375 0.6921875 0.04375 0.65 0.05208333281250001 0.6375 0.06875 0.6359375 0.08333333281250001 0.6578125 0.0979166671875
7 0 0.2104166671875 0.0203125 0.21875 0.0578125 0.21458333281250003 0.053125 0.2 0.0203125 0.19375 0.015625 0.19375 0 0.2 0 0.2104166671875
7 0.3640625 0.09375 0.4046875 0.08541666718749999 0.4078125 0.060416667187499995 0.3765625 0.0416666671875 0.36875 0.0416666671875 0.3375 0.0479166671875 0.325 0.0645833328125 0.325 0.0770833328125 0.3640625 0.09375
7 0.075 0.23541666718749998 0.0625 0.23541666718749998 0.0578125 0.24375 0.065625 0.25 0.0796875 0.24583333281250003 0.075 0.23541666718749998
5 0.3828125 0.43958333281249995 0.3734375 0.4583333328125 0.38125 0.5145833328125 0.4453125 0.5125 0.45 0.50625 0.4546875 0.5125 0.4859375 0.5125 0.4875 0.3333333328125 0.3421875 0.3291666671875 0.340625 0.3291666671875 0.353125 0.4166666671875 0.3546875 0.40208333281249997 0.3625 0.39791666718749996 0.3828125 0.43958333281249995
7 0.3609375 0.34375 0.3578125 0.35208333281250004 0.375 0.36666666718749996 0.3640625 0.34375 0.3609375 0.34375
10 0.084375 0.35208333281250004 0.0921875 0.3708333328125 0.090625 0.43541666718750005 0.0984375 0.51875 0.09375 0.55 0.08125 0.5604166671875 0.0875 0.5666666671875 0.109375 0.5625 0.1109375 0.5229166671875001 0.11875 0.5208333328125 0.128125 0.4604166671875 0.128125 0.3604166671875 0.1109375 0.2833333328125 0.109375 0.2833333328125 0.1046875 0.3 0.1109375 0.3083333328125 0.0921875 0.3291666671875 0.084375 0.35208333281250004
7 0.1015625 0.29375 0.09140625 0.29375 0.075 0.2979166671875 0.08125 0.30625 0.1 0.30625 0.1015625 0.29375
14 0 0.5875 0.0234375 0.59375 0.028125 0.5833333328125 0.0125 0.5583333328125 0.0015625 0.5166666671875 0.0015625 0.43541666718750005 0.0109375 0.39791666718749996 0.0265625 0.36875 0.009375 0.3583333328125 0 0.3583333328125 0 0.5875
14 0.0296875 0.5333333328125 0.0140625 0.5520833328125 0.01875 0.5625 0.075 0.5625 0.0921875 0.5479166671875 0.0765625 0.5 0.0765625 0.45416666718750004 0.0890625 0.41041666718750003 0.065625 0.40416666718750005 0.056640625 0.40416666718750005 0.021875 0.40833333281249995 0.0359375 0.45416666718750004 0.0375 0.5041666671875 0.0296875 0.5333333328125
10 0.125 0 0.1046875 0.05 0.10625 0.1770833328125 0.1203125 0.21875 0.1125 0.2791666671875 0.128125 0.3333333328125 0.1328125 0.40416666718750005 0.1203125 0.5666666671875 0.1296875 0.6479166671875001 0.1296875 0.6666666671875 0.11875 0.69375 0.121875 0.7020833328125 0.153125 0.7020833328125 0.184375 0.6791666671875001 0.1796875 0.7083333328125 0.1859375 0.7145833328125 0.2640625 0.7083333328125 0.2890625 0.6916666671875 0.2859375 0.6791666671875001 0.25625 0.6708333328125 0.2390625 0.6541666671875 0.23125 0.6166666671875001 0.234375 0.51875 0.2484375 0.46875 0.2515625 0.3895833328125 0.265625 0.3020833328125 0.2578125 0.25833333281250004 0.259375 0.1583333328125 0.2453125 0.0791666671875 0.2421875 0 0.234375 0 0.125 0
12 0.525 0.53125 0.63125 0.5895833328125 0.6609375 0.5916666671875 0.6609375 0.38125 0.6484375 0.38125 0.621875 0.3875 0.53125 0.4479166671875 0.5265625 0.45416666718750004 0.525 0.53125
7 0.4234375 0.1854166671875 0.421875 0.16875 0.39375 0.1625 0.3848958328125 0.1625 0.3609375 0.16458333281249998 0.359375 0.18125 0.3859375 0.19583333281249998 0.4234375 0.1854166671875
7 0.6109375 0.19583333281249998 0.65 0.1895833328125 0.65625 0.1770833328125 0.6421875 0.1625 0.6328125 0.1625 0.6015625 0.1666666671875 0.59375 0.1729166671875 0.59375 0.1895833328125 0.6109375 0.19583333281249998