5 0.333984375 0.4700520828125 0.345703125 0.49609375 0.345703125 0.5169270828125 0.3486328125 0.5234375 0.390625 0.5221354171875 0.3984375 0.5169270828125 0.39453125 0.3528645828125 0.3369140625 0.3515625 0.333984375 0.4700520828125
12 1 0.0013020828125 0.8623046875 0 0.654296875 0.30859375 0.5703125 0.41796875 0.568359375 0.51953125 0.580078125 0.5533854171875 0.5966796875 0.5729166671875 0.6044921875 0.5729166671875 0.6142578125 0.5885416671875 0.6357421875 0.59375 0.6787109375 0.6302083328125 0.6845703125 0.6458333328125 0.6884765625 0.6380208328125 0.693359375 0.64453125 0.681640625 0.6731770828125 0.7021484375 0.6901041671875 0.7060546875 0.6796875 0.7080078125 0.6927083328125 0.7158203125 0.6796875 0.720703125 0.6861979171875 0.716796875 0.7018229171875 0.7275390625 0.7135416671875 0.732421875 0.6809895828125 0.7119140625 0.6692708328125 0.703125 0.65234375 0.7314453125 0.671875 0.740234375 0.6861979171875 0.734375 0.6888020828125 0.736328125 0.71484375 0.7275390625 0.71875 0.728515625 0.7252604171875 0.7783203125 0.7942708328125 0.7900390625 0.796875 0.7939453125 0.8098958328125001 0.8154296875 0.828125 0.8251953125 0.8515625 0.8408203125 0.8541666671874999 0.8427734375 0.8671875 0.9580078125 0.9895833328125001 1 0.99609375 1 0.9049479171874999 0.9921875 0.8997395828125001 1 0.8971354171874999 1 0.0013020828125
15 0.7666015625 0.8020833328125001 0.7275390625 0.7421875 0.6943359375 0.7161458328125 0.6513671875 0.6666666671875 0.572265625 0.5638020828125 0.5634765625 0.53125 0.5283203125 0.5364583328125 0.5166015625 0.5260416671875 0.4111328125 0.5286458328125 0.2587890625 0.5442708328125 0.2353515625 0.5546875 0.1455078125 0.5572916671875 0.1337890625 0.5729166671875 0.1220703125 0.5651041671875 0.0498046875 0.5625 0 0.5924479171875 0.0029296875 0.9973958328125001 0.2333984375 0.9895833328125001 0.2763671875 0.9973958328125001 0.7294921875 0.9973958328125001 0.7333984375 0.9895833328125001 0.7548828125 0.9973958328125001 0.939453125 0.99609375 0.943359375 0.9908854171874999 0.9267578125 0.96875 0.8154296875 0.859375 0.7666015625 0.8020833328125001
7 0.013671875 0.26171875 0.0146484375 0.24739583281250002 0 0.24869791718749998 0.0009765625 0.2630208328125 0.013671875 0.26171875
7 0.037109375 0.24088541718749998 0.0498046875 0.2552083328125 0.083984375 0.25390625 0.087890625 0.24088541718749998 0.0771484375 0.234375 0.0439453125 0.234375 0.037109375 0.24088541718749998
5 0.40234375 0.5169270828125 0.458984375 0.51953125 0.458984375 0.3580729171875 0.4560546875 0.3515625 0.4033203125 0.3541666671875 0.40234375 0.5169270828125
7 0.375 0.33203125 0.37890625 0.3268229171875 0.3603515625 0.3020833328125 0.345703125 0.30078125 0.375 0.33203125
7 0.662109375 0.00390625 0.66015625 0.0299479171875 0.6650390625 0.0390625 0.6787109375 0.046875 0.71875 0.0455729171875 0.7509765625 0.03125 0.7578125 0.01953125 0.755859375 0.00390625 0.662109375 0.00390625
7 0.3251953125 0 0.314453125 0.01171875 0.314453125 0.0325520828125 0.3310546875 0.046875 0.3828125 0.05338541718749999 0.3955078125 0.05208333281250001 0.41015625 0.03515625 0.408203125 0.0169270828125 0.3935546875 0 0.3251953125 0
7 0.0595703125 0.8411458328125001 0.080078125 0.8424479171874999 0.09375 0.8268229171874999 0.0693359375 0.8229166671874999 0.052734375 0.8294270828125001 0.0595703125 0.8411458328125001
7 0.71875 0.3268229171875 0.7421875 0.30078125 0.7412109375 0.2942708328125 0.708984375 0.32421875 0.71875 0.3268229171875
7 0.0478515625 0.2109375 0.06640625 0.20963541718749998 0.0703125 0.19921875 0.0615234375 0.1927083328125 0.041015625 0.19921875 0.0478515625 0.2109375
7 0.45703125 0.23567708281250002 0.46484375 0.23307291718749998 0.4619140625 0.22135416718749998 0.447265625 0.22786458281250002 0.45703125 0.23567708281250002
10 0.1279296875 0.5625 0.13671875 0.55859375 0.13671875 0.4127604171875 0.146484375 0.37890625 0.134765625 0.3450520828125 0.1103515625 0.3203125 0.1015625 0.3268229171875 0.099609375 0.34765625 0.080078125 0.3736979171875 0.080078125 0.38671875 0.09765625 0.4153645828125 0.09375 0.5611979171875 0.107421875 0.5638020828125 0.10546875 0.5455729171875 0.1181640625 0.4817708328125 0.125 0.5559895828125 0.1279296875 0.5625
10 0.04296875 0.55859375 0.05078125 0.48046875 0.0419921875 0.4739583328125 0.037109375 0.5325520828125 0.04296875 0.55859375
10 0.068359375 0.4049479171875 0.0703125 0.3841145828125 0.06640625 0.3684895828125 0.0546875 0.3580729171875 0.0556640625 0.3229166671875 0.0419921875 0.3229166671875 0.0390625 0.3502604171875 0.0224609375 0.3567708328125 0.013671875 0.3736979171875 0.015625 0.4544270828125 0.021484375 0.45703125 0.0283203125 0.4479166671875 0.05859375 0.4440104171875 0.05859375 0.41796875 0.068359375 0.4049479171875
10 0.2509765625 0.3802083328125 0.232421875 0.41015625 0.232421875 0.4309895828125 0.2353515625 0.4401041671875 0.26171875 0.4388020828125 0.267578125 0.4231770828125 0.2578125 0.4075520828125 0.259765625 0.38671875 0.2509765625 0.3802083328125
11 0.564453125 0.06640625 0.5693359375 0.0859375 0.65625 0.08463541718749999 0.662109375 0.06640625 0.6572265625 0 0.56640625 0.0013020828125 0.564453125 0.06640625