11 0.2140625 0.33046875 0.090625 0.58515625
11 0.34453125 0.46640625 0.1578125 0.32890625
5 0.7890625 0.4125 0.0875 0.23359375
15 0.4984375 0.75703125 0.996875 0.47734375
7 0.1375 0.04921875 0.075 0.05234375
7 0.7671875 0.265625 0.025 0.05234375
7 0.44453125 0.19765625 0.0578125 0.02890625
7 0.32890625 0.115625 0.0515625 0.03125
7 0.44140625 0.12734375 0.0296875 0.02109375
7 0.3125 0.17265625 0.04375 0.025
7 0.38203125 0.21796875 0.0234375 0.01484375
7 0.92421875 0.12265625 0.0265625 0.02109375
7 0.83515625 0.25234375 0.0296875 0.02109375
10 0.40078125 0.39765625 0.0890625 0.375
10 0.15 0.41796875 0.053125 0.32734375
10 0.709375 0.42109375 0.0375 0.25859375
10 0.665625 0.42109375 0.078125 0.30390625
10 0.29609375 0.41796875 0.0609375 0.28125