11 0.1015625 0.45390625 0.203125 0.4125
11 0.69453125 0.41953125 0.0359375 0.22265625
11 0.609375 0.27421875 0.040625 0.54765625
18 0.471875 0.315625 0.24375 0.38515625
12 0.86640625 0.4625 0.2640625 0.43359375
15 0.49921875 0.75859375 0.9953125 0.475
7 0.4421875 0.08828125 0.08125 0.04375
7 0.725 0.0875 0.08125 0.04609375
7 0.184375 0.08359375 0.040625 0.0375
7 0.1046875 0.15 0.04375 0.17109375
7 0.725 0.05546875 0.084375 0.11015625
7 0.44296875 0.05546875 0.0828125 0.11015625
10 0.65 0.4375 0.065625 0.2375
10 0.271875 0.41328125 0.090625 0.34375
10 0.03125 0.259375 0.0625 0.44375