14 0.1890625 0.5729166671875 0.2078125 0.5791666671875 0.209375 0.5958333328125 0.21875 0.6 0.221875 0.5833333328125 0.23125 0.575 0.271875 0.5791666671875 0.2734375 0.46875 0.2953125 0.4604166671875 0.3109375 0.46458333281249997 0.3203125 0.4875 0.3265625 0.5895833328125 0.334375 0.5916666671875 0.334375 0.45416666718750004 0.3421875 0.45 0.34375 0.43333333281249997 0.2578125 0.4270833328125 0.25 0.4145833328125 0.259375 0.3958333328125 0.253125 0.3875 0.171875 0.3854166671875 0.1578125 0.36666666718749996 0.1515625 0.36666666718749996 0.1515625 0.56875 0.1671875 0.58125 0.1828125 0.58125 0.1890625 0.5729166671875
15 0 0.9979166671874999 0.9984375 0.9979166671874999 0.9984375 0.6104166671875 0.9203125 0.5958333328125 0.9078125 0.5875 0.909375 0.5770833328125 0.88125 0.5625 0.828125 0.5625 0.825 0.5708333328124999 0.796875 0.5625 0.7828125 0.5645833328125 0.775 0.58125 0.7796875 0.6041666671875 0.775 0.64375 0.6265625 0.6416666671875 0.5921875 0.60625 0.5921875 0.5708333328124999 0.5984375 0.5666666671875 0.59375 0.5479166671875 0.5765625 0.5395833328124999 0.5625 0.5479166671875 0.553125 0.53125 0.5234375 0.5208333328125 0.5171875 0.5208333328125 0.46875 0.5291666671875 0.475 0.5791666671875 0.459375 0.5916666671875 0.43125 0.5979166671875 0.415625 0.5916666671875 0.3890625 0.5958333328125 0.38125 0.575 0.3859375 0.5520833328125 0.36875 0.5354166671875 0.35625 0.5479166671875 0.34375 0.5479166671875 0.34375 0.5895833328125 0.334375 0.6020833328124999 0.3171875 0.59375 0.31875 0.5625 0.309375 0.5583333328125 0.3171875 0.55625 0.315625 0.54375 0.28125 0.5541666671875001 0.284375 0.5729166671875 0.275 0.5979166671875 0.2703125 0.5875 0.2671875 0.5958333328125 0.2546875 0.5854166671875001 0.23125 0.5875 0.2203125 0.6083333328125 0.2125 0.6083333328125 0.2015625 0.59375 0.165625 0.59375 0.1453125 0.58125 0.0484375 0.58125 0.04375 0.575 0.0359375 0.5833333328125 0.028125 0.5645833328125 0.0171875 0.575 0.0140625 0.56875 0 0.5729166671875 0 0.9979166671874999
10 0.29375 0.5104166671875 0.2875 0.4604166671875 0.2828125 0.4604166671875 0.2765625 0.4770833328125 0.278125 0.525 0.290625 0.54375 0.29375 0.5104166671875
7 0.3875 0.0791666671875 0.4109375 0.0875 0.4484375 0.0875 0.465625 0.0791666671875 0.4703125 0.06875 0.465625 0.0479166671875 0.4328125 0.03125 0.428125 0.03125 0.3890625 0.0395833328125 0.378125 0.05 0.3765625 0.0625 0.3875 0.0791666671875
7 0.215625 0.2791666671875 0.2015625 0.275 0.1921875 0.275 0.1890625 0.2854166671875 0.1953125 0.2916666671875 0.2171875 0.2875 0.215625 0.2791666671875
7 0.1203125 0.2854166671875 0.1109375 0.2854166671875 0.10625 0.28958333281250004 0.1140625 0.2979166671875 0.1203125 0.2979166671875 0.1203125 0.2854166671875
7 0.103125 0.21458333281250003 0.1 0.20208333281250002 0.0796875 0.19583333281249998 0.07083333281250001 0.19583333281249998 0.053125 0.19583333281249998 0.0453125 0.20625 0.071875 0.21875 0.103125 0.21458333281250003
7 0.246875 0.325 0.240625 0.325 0.2328125 0.33125 0.24375 0.3375 0.2578125 0.3333333328125 0.246875 0.325
10 0.2953125 0.41875 0.2953125 0.3895833328125 0.2859375 0.3583333328125 0.2828125 0.3583333328125 0.259375 0.40208333281249997 0.2640625 0.425 0.2875 0.4270833328125 0.2953125 0.41875
7 0.2765625 0.3458333328125 0.2640625 0.35208333281250004 0.290625 0.3541666671875 0.2875 0.3458333328125 0.2765625 0.3458333328125
7 0.2890625 0.3333333328125 0.2890625 0.3416666671875 0.2984375 0.3416666671875 0.2984375 0.3333333328125 0.2890625 0.3333333328125
7 0.209375 0.3 0.2125 0.3083333328125 0.2234375 0.3083333328125 0.2234375 0.3 0.209375 0.3
7 0 0.23958333281250002 0.0296875 0.23541666718749998 0.028125 0.225 0.003125 0.2166666671875 0 0.2166666671875 0 0.23958333281250002
10 0.3875 0.3604166671875 0.396875 0.39375 0.3953125 0.43541666718750005 0.4 0.4458333328125 0.3921875 0.5833333328125 0.415625 0.575 0.434375 0.5854166671875001 0.446875 0.575 0.440625 0.5666666671875 0.4390625 0.525 0.4515625 0.4583333328125 0.4484375 0.3916666671875 0.453125 0.3875 0.453125 0.35625 0.4484375 0.30416666718749996 0.434375 0.28125 0.434375 0.2416666671875 0.4265625 0.23125 0.415625 0.23125 0.4078125 0.23958333281250002 0.4109375 0.27291666718749996 0.3875 0.3145833328125 0.3875 0.3604166671875
10 0.578125 0.4583333328125 0.5640625 0.4270833328125 0.5625 0.4270833328125 0.5484375 0.45625 0.559375 0.5291666671875 0.5703125 0.5208333328125 0.578125 0.4583333328125
10 0.35625 0.5270833328125 0.3671875 0.5041666671875 0.365625 0.47083333281249995 0.3515625 0.4458333328125 0.3484375 0.4458333328125 0.3390625 0.49375 0.340625 0.5270833328125 0.346875 0.53125 0.35625 0.5270833328125
10 0.3875 0.525 0.3953125 0.43958333281249995 0.3859375 0.4145833328125 0.3796875 0.4145833328125 0.365625 0.4479166671875 0.375 0.4604166671875 0.375 0.4895833328125 0.3875 0.525
10 0.0328125 0.5354166671875 0.0359375 0.4875 0.0484375 0.4770833328125 0.0546875 0.48125 0.046875 0.49583333281249997 0.053125 0.5041666671875 0.0546875 0.5333333328125 0.071875 0.5354166671875 0.078125 0.49375 0.0671875 0.48125 0.0609375 0.43333333281249997 0.053125 0.43333333281249997 0.0203125 0.48333333281249996 0.0140625 0.5270833328125 0.0203125 0.5395833328124999 0.0328125 0.5354166671875
7 0.615625 0.058333332812500006 0.6140625 0.05625 0.5796875 0.0666666671875 0.6703125 0.06875 0.66875 0.060416667187499995 0.615625 0.058333332812500006
7 0 0.11875 0.0390625 0.1354166671875 0.0625 0.1354166671875 0.075 0.1270833328125 0.0703125 0.1125 0.034375 0.1 0.02421875 0.1 0 0.1041666671875 0 0.11875
7 0.8140625 0 0.8078125 0.0166666671875 0.7921875 0.03125 0.8015625 0.04375 0.8015625 0.058333332812500006 0.79375 0.07083333281250001 0.8328125 0.0645833328125 0.815625 0.060416667187499995 0.85625 0 0.8478125000000001 0 0.8140625 0
7 0.5984375 0 0.5921875 0.0354166671875 0.6109375 0.0416666671875 0.6703125 0.0395833328125 0.671875 0 0.663715278125 0 0.5984375 0
16 0.5984375 0.59375 0.625 0.63125 0.7125 0.6291666671875 0.7125 0.6041666671875 0.7046875 0.58125 0.7046875 0.42291666718750004 0.696875 0.3916666671875 0.6884765625 0.3916666671875 0.6296875 0.3916666671875 0.603125 0.42083333281249996 0.603125 0.5729166671875 0.5984375 0.59375
11 0.1265625 0.55 0.146875 0.5479166671875 0.14375 0.3958333328125 0.15 0.34375 0.15 0.23541666718749998 0.1609375 0.22291666718749997 0.184375 0.21875 0.1890625 0.225 0.190625 0.2166666671875 0.190625 0.14791666718750002 0.178125 0.13333333281249998 0.16953125 0.13333333281249998 0.1265625 0.13333333281249998 0.121875 0.1520833328125 0.1203125 0.54375 0.1265625 0.55
11 0.75880681875 0 0.6734375 0.0041666671875 0.6671875 0.375 0.671875 0.3875 0.696875 0.3875 0.709375 0.40416666718750005 0.74375 0.40416666718750005 0.7484375 0.41041666718750003 0.7453125 0.42083333281249996 0.73125 0.42083333281249996 0.7046875 0.44166666718750003 0.7078125 0.5958333328125 0.71875 0.6020833328124999 0.7640625 0.6020833328124999 0.765625 0.5895833328125 0.7640625 0.3916666671875 0.7734375 0.0270833328125 0.7734375 0.0041666671875 0.7671875 0 0.75880681875 0