5 0.412109375 0.51171875 0.45703125 0.51171875 0.462890625 0.5091145828125 0.458984375 0.37109375 0.4130859375 0.3697916671875 0.412109375 0.51171875
12 0.5986328125 0.40625 0.5751953125 0.4348958328125 0.56640625 0.4309895828125 0.5625 0.45703125 0.564453125 0.51953125 0.5693359375 0.5286458328125 0.7099609375 0.59375 0.7373046875 0.6041666671875 0.763671875 0.6028645828125 0.9990234375 0.5963541671875 1 0.2955729171875 0.7333984375 0.2994791671875 0.5986328125 0.40625
15 0.8564453125 0.65625 0.7392578125 0.65625 0.7216796875 0.6354166671875 0.6435546875 0.5963541671875 0.5673828125 0.5416666671875 0.5458984375 0.5364583328125 0.5419921875 0.5208333328125 0.5185546875 0.5234375 0.5009765625 0.515625 0.2509765625 0.5416666671875 0.2421875 0.55078125 0.23828125 0.58203125 0.2216796875 0.5911458328125 0.2060546875 0.5729166671875 0.1962890625 0.5885416671875 0.1767578125 0.59375 0.1552734375 0.5598958328125 0.1220703125 0.5598958328125 0.111328125 0.5690104171875 0.12890625 0.6263020828125 0.1484375 0.7408854171875 0.166015625 0.7747395828125 0.1796875 0.8450520828125001 0.0888671875 0.9010416671874999 0.0185546875 0.9166666671874999 0.001953125 0.8919270828125001 0.0029296875 0.9973958328125001 0.3212890625 0.9973958328125001 0.3271484375 0.9895833328125001 0.3388671875 0.9973958328125001 1 0.99609375 0.9990234375 0.640625 0.9833984375 0.6588541671875 0.9716796875 0.6432291671875 0.9658203125 0.6536458328125 0.9130859375 0.6484375 0.8564453125 0.65625
7 0.62890625 0.1080729171875 0.62890625 0.1236979171875 0.6357421875 0.1302083328125 0.67578125 0.1315104171875 0.703125 0.1184895828125 0.6982421875 0.09635416718749999 0.6611328125 0.09114583281250001 0.62890625 0.1080729171875
7 0.3515625 0.10546875 0.3515625 0.1184895828125 0.3623046875 0.1302083328125 0.412109375 0.1341145828125 0.427734375 0.1236979171875 0.4208984375 0.1015625 0.3681640625 0.09635416718749999 0.3515625 0.10546875
7 0.9326171875 0.09635416718749999 0.91015625 0.1080729171875 0.9169921875 0.1276041671875 0.947265625 0.12890625 0.9814453125 0.1197916671875 0.98828125 0.1080729171875 0.9658203125 0.09375 0.9326171875 0.09635416718749999
10 0.3583984375 0.3802083328125 0.353515625 0.3971354171875 0.359375 0.5221354171875 0.3671875 0.5221354171875 0.3701171875 0.4791666671875 0.37890625 0.5247395828125 0.3828125 0.50390625 0.376953125 0.44921875 0.388671875 0.4231770828125 0.3583984375 0.3802083328125
7 0.3681640625 0.3229166671875 0.361328125 0.3268229171875 0.3828125 0.3502604171875 0.3681640625 0.3229166671875
10 0 0.55859375 0.0234375 0.5638020828125 0.099609375 0.7643229171875 0.09765625 0.77734375 0.072265625 0.8033854171874999 0.068359375 0.82421875 0.04296875 0.83984375 0.05078125 0.84765625 0.0478515625 0.8567708328125001 0.0185546875 0.8671875 0.005859375 0.8841145828125001 0.005859375 0.89453125 0.0205078125 0.9088541671874999 0.05078125 0.9075520828125001 0.1474609375 0.8645833328125001 0.177734375 0.83984375 0.169921875 0.7981770828125 0.15234375 0.76953125 0.142578125 0.7330729171875 0.119140625 0.59765625 0.091796875 0.53515625 0.1298828125 0.5130208328125 0.1845703125 0.5182291671875 0.19140625 0.5091145828125 0.11328125 0.1002604171875 0.1396484375 0.09375 0.1689453125 0.07291666718749999 0.19140625 0.0325520828125 0.1982421875 0 0 0.0013020828125 0 0.55859375
7 0.16015625 0.29296875 0.1591796875 0.28125 0.146484375 0.2825520828125 0.1513671875 0.2942708328125 0.16015625 0.29296875
7 0.15625 0.2643229171875 0.1572265625 0.2552083328125 0.142578125 0.25390625 0.1474609375 0.265625 0.15625 0.2643229171875
7 0.0810546875 0 0.111328125 0.09505208281250001 0.12109375 0.09765625 0.1416015625 0.09375 0.1728515625 0.0703125 0.201171875 0.0013020828125 0.0810546875 0
10 0.529296875 0.43359375 0.53515625 0.4361979171875 0.544921875 0.5143229171875 0.552734375 0.51953125 0.5546875 0.44140625 0.56640625 0.42578125 0.5458984375 0.3932291671875 0.529296875 0.43359375
10 0.2294921875 0.5807291671875 0.23828125 0.5690104171875 0.21875 0.4856770828125 0.234375 0.4361979171875 0.2265625 0.3997395828125 0.2294921875 0.3880208328125 0.24609375 0.4205729171875 0.25 0.44921875 0.259765625 0.4466145828125 0.236328125 0.34765625 0.212890625 0.3190104171875 0.2060546875 0.2760416671875 0.1904296875 0.2760416671875 0.18359375 0.28515625 0.18359375 0.3268229171875 0.169921875 0.3450520828125 0.16796875 0.36328125 0.193359375 0.4986979171875 0.185546875 0.5611979171875 0.169921875 0.57421875 0.19140625 0.5872395828125 0.2099609375 0.5338541671875 0.22265625 0.5533854171875 0.2177734375 0.5807291671875 0.2294921875 0.5807291671875