12 0.5171875 0.46458333281249997 0.528125 0.46875 0.534375 0.45416666718750004 0.5453125 0.45208333281249996 0.5484375 0.475 0.5625 0.48333333281249996 0.5625 0.5125 0.540625 0.5229166671875001 0.525 0.5166666671875 0.53125 0.5270833328125 0.51875 0.53125 0.5203125 0.5395833328124999 0.5390625 0.5458333328125 0.5484375 0.5604166671875 0.5734375 0.5625 0.58125 0.5729166671875 0.5875 0.5666666671875 0.5921875 0.5791666671875 0.6140625 0.5854166671875001 0.6953125 0.5875 0.7 0.55625 0.7 0.38333333281250004 0.696875 0.375 0.6828125 0.3729166671875 0.68125 0.3729166671875 0.6125 0.38333333281250004 0.546875 0.4375 0.525 0.4458333328125 0.5171875 0.46458333281249997
15 0 0.9979166671874999 0.6734375 0.9979166671874999 0.675 0.9770833328125 0.6859375 0.9708333328125001 0.675 0.9416666671874999 0.671875 0.84375 0.675 0.8354166671875 0.6984375 0.825 0.6984375 0.7979166671875 0.690625 0.7833333328125 0.6984375 0.7729166671875001 0.6984375 0.60625 0.6234375 0.6083333328125 0.6 0.5895833328125 0.5484375 0.56875 0.528125 0.55 0.5078125 0.5479166671875 0.496875 0.5291666671875 0.425 0.525 0.4234375 0.5229166671875001 0.290625 0.5375 0.278125 0.5479166671875 0.25 0.5416666671875 0.23125 0.5604166671875 0.196875 0.5520833328125 0.184375 0.5625 0.15625 0.5625 0.1546875 0.5770833328125 0.1453125 0.5833333328125 0.1421875 0.61875 0.1546875 0.625 0.15625 0.6520833328125 0.171875 0.6583333328125 0.171875 0.6854166671875 0.159375 0.7166666671875 0.1984375 0.7333333328125 0.20625 0.7583333328124999 0.1921875 0.775 0.090625 0.7958333328125 0.05 0.7854166671875 0.040625 0.76875 0 0.7791666671875 0 0.9979166671874999
7 0.5828125 0.1854166671875 0.6265625 0.1895833328125 0.64375 0.1770833328125 0.6421875 0.1625 0.628125 0.15 0.628125 0.10833333281249999 0.6265625 0.10625 0.6203125 0.1270833328125 0.625 0.14791666718750002 0.58125 0.16458333281249998 0.5828125 0.1854166671875
7 0.59375 0.1895833328125 0.6171875 0.1895833328125 0.64375 0.1770833328125 0.6390625 0.1604166671875 0.61875 0.1541666671875 0.6171875 0.1541666671875 0.5921875 0.1583333328125 0.5796875 0.16875 0.5796875 0.17916666718750002 0.59375 0.1895833328125
7 0.6546875 0.0875 0.7109375 0.07291666718749999 0.7171875 0.060416667187499995 0.7140625 0.0416666671875 0.684375 0.0270833328125 0.675 0.0270833328125 0.6328125 0.0416666671875 0.6234375 0.060416667187499995 0.625 0.07291666718749999 0.6546875 0.0875
16 0.771875 0 0.734375 0.05 0.7328125 0.0645833328125 0.7015625 0.11875 0.703125 0.8333333328125001 0.6765625 0.84375 0.6765625 0.9354166671874999 0.7 0.9979166671874999 0.9984375 0.9979166671874999 0.9984375 0.15 0.99375 0 0.9858258921875 0 0.771875 0
7 0.8625 0.49583333281249997 0.865625 0.38333333281250004 0.8609375 0.3791666671875 0.8546875 0.3791666671875 0.8375 0.3916666671875 0.840625 0.48541666718750004 0.846875 0.5041666671875 0.8625 0.49583333281249997
7 0.4015625 0.18125 0.403125 0.1625 0.3734375 0.1541666671875 0.3645833328125 0.1541666671875 0.340625 0.15625 0.3375 0.1708333328125 0.3640625 0.1875 0.4015625 0.18125
7 0.678125 0.39791666718749996 0.671875 0.3875 0.659375 0.3875 0.646875 0.39375 0.6453125 0.40208333281249997 0.66875 0.40833333281249995 0.678125 0.39791666718749996
5 0.2984375 0.3875 0.30625 0.39375 0.3109375 0.44166666718750003 0.328125 0.45208333281249996 0.3328125 0.4479166671875 0.334375 0.40416666718750005 0.340625 0.3958333328125 0.3484375 0.4 0.365625 0.4375 0.35625 0.4625 0.3625 0.5166666671875 0.4734375 0.5125 0.4734375 0.33541666718749996 0.34375 0.33125 0.33541666718749996 0.33125 0.284375 0.3333333328125 0.2828125 0.3729166671875 0.2859375 0.3916666671875 0.2984375 0.3875
10 0.35625 0.5208333328125 0.353125 0.4583333328125 0.3625 0.4375 0.34375 0.39791666718749996 0.340625 0.39791666718749996 0.334375 0.4291666671875 0.3375 0.5208333328125 0.3484375 0.5125 0.35625 0.5208333328125
7 0.340625 0.34375 0.340625 0.35625 0.35625 0.36666666718749996 0.3453125 0.34375 0.340625 0.34375
7 0.678125 0.6020833328124999 0.6765625 0.5854166671875001 0.66875 0.5854166671875001 0.653125 0.5854166671875001 0.6515625 0.6 0.6734375 0.60625 0.678125 0.6020833328124999
10 0.1390625 0.1916666671875 0.1484375 0.2104166671875 0.1546875 0.2520833328125 0.1421875 0.38125 0.14375 0.4583333328125 0.1265625 0.5166666671875 0.1234375 0.5854166671875001 0.1234375 0.6375 0.128125 0.6416666671875 0.1234375 0.6645833328124999 0.134375 0.6916666671875 0.146875 0.69375 0.140625 0.7 0.1625 0.6979166671875 0.1671875 0.6625 0.134375 0.6375 0.1390625 0.5375 0.14375 0.5229166671875001 0.171875 0.5354166671875 0.178125 0.5270833328125 0.1828125 0.4145833328125 0.1734375 0.2666666671875 0.19375 0.25833333281250004 0.20625 0.2708333328125 0.21875 0.2708333328125 0.2359375 0.1916666671875 0.2265625 0.1729166671875 0.21875 0.1729166671875 0.21875 0.21458333281250003 0.2125 0.2208333328125 0.2046875 0.21458333281250003 0.2125 0.1916666671875 0.2109375 0.1604166671875 0.19375 0.0458333328125 0.184375 0.0166666671875 0.175 0.0083333328125 0.1640625 0.0083333328125 0.1484375 0.010416667187500001 0.1328125 0.0270833328125 0.140625 0.1041666671875 0.1390625 0.1916666671875
10 0.5109375 0.46458333281249997 0.5265625 0.43958333281249995 0.5140625 0.40833333281249995 0.5109375 0.40833333281249995 0.49375 0.44375 0.5015625 0.525 0.5109375 0.5208333328125 0.5109375 0.46458333281249997
10 0 0 0 0.2770833328125 0.009375 0.30625 0.0140625 0.3875 0.0140625 0.425 0 0.49375 0 0.7645833328125 0.0296875 0.7645833328125 0.0578125 0.7479166671875 0.0515625 0.7770833328125 0.0625 0.7833333328125 0.1609375 0.7770833328125 0.19375 0.7666666671875 0.2015625 0.75625 0.196875 0.7395833328125 0.175 0.7354166671875 0.14375 0.7145833328125 0.1265625 0.6895833328125 0.128125 0.6770833328125 0.11875 0.6604166671875 0.1234375 0.53125 0.140625 0.46666666718750005 0.140625 0.375 0.153125 0.2770833328125 0.146875 0.2125 0.1359375 0.1916666671875 0.1296875 0.1583333328125 0.1390625 0.15 0.1390625 0.1270833328125 0.128125 0 0.1201171875 0 0 0
10 0.2140625 0.525 0.221875 0.5416666671875 0.234375 0.5333333328125 0.2296875 0.5291666671875 0.2359375 0.51875 0.24375 0.42291666718750004 0.225 0.375 0.21875 0.375 0.20625 0.40833333281249995 0.2125 0.49791666718750005 0.2046875 0.5416666671875 0.2140625 0.525
7 0.3375 0.0791666671875 0.38125 0.07291666718749999 0.3859375 0.0458333328125 0.35 0.0229166671875 0.33984375 0.0229166671875 0.3046875 0.03125 0.296875 0.0479166671875 0.296875 0.0666666671875 0.3375 0.0791666671875