12 0.8193359375 0 0.76171875 0.07161458281250001 0.61328125 0.2877604171875 0.59375 0.3268229171875 0.5390625 0.3893229171875 0.52734375 0.41015625 0.529296875 0.47265625 0.517578125 0.47265625 0.515625 0.52734375 0.53125 0.5690104171875 0.54296875 0.5768229171875 0.5810546875 0.6380208328125 0.6005859375 0.6484375 0.7041015625 0.78125 0.8427734375 0.9322916671874999 0.9130859375 0.9921875 1 0.99609375 1 0.00390625 0.8935546875 0.0078125 0.8857421875 0 0.8193359375 0
5 0.279296875 0.4596354171875 0.28125 0.4830729171875 0.291015625 0.4986979171875 0.291015625 0.51953125 0.341796875 0.5221354171875 0.341796875 0.35546875 0.3369140625 0.3489583328125 0.2822265625 0.3489583328125 0.279296875 0.4596354171875
5 0.349609375 0.51953125 0.396484375 0.5221354171875 0.408203125 0.5169270828125 0.40625 0.35546875 0.3486328125 0.3515625 0.349609375 0.51953125
15 0.6669921875 0.7395833328125 0.5673828125 0.6328125 0.517578125 0.5638020828125 0.5107421875 0.5338541671875 0.4990234375 0.53125 0.4814453125 0.5442708328125 0.4638671875 0.5286458328125 0.4462890625 0.5260416671875 0.3623046875 0.5286458328125 0.3349609375 0.5364583328125 0.1904296875 0.5442708328125 0.1787109375 0.5546875 0.0947265625 0.5598958328125 0.0771484375 0.5729166671875 0.0615234375 0.5651041671875 0 0.5716145828125 0.0009765625 0.9973958328125001 0.873046875 0.99609375 0.8828125 0.9908854171874999 0.8505859375 0.9505208328125001 0.7060546875 0.7994791671875 0.6669921875 0.7395833328125
7 0.6923828125 0.0078125 0.6669921875 0 0.6357421875 0.0026041671875 0.6181640625 0.010416667187500001 0.607421875 0.0299479171875 0.607421875 0.04296875 0.6220703125 0.05729166718749999 0.662109375 0.05859375 0.6845703125 0.05208333281250001 0.69921875 0.0377604171875 0.69921875 0.01953125 0.6923828125 0.0078125
7 0.2666015625 0 0.259765625 0.009114582812499999 0.26171875 0.0299479171875 0.2783203125 0.0442708328125 0.3017578125 0.05208333281250001 0.337890625 0.05078125 0.357421875 0.0377604171875 0.35546875 0.01953125 0.3388671875 0 0.2666015625 0
7 0.0009765625 0.24739583281250002 0.021484375 0.24609375 0.02734375 0.24348958281250002 0.0224609375 0.22916666718749998 0 0.22786458281250002 0.0009765625 0.24739583281250002
7 0.32421875 0.3294270828125 0.3017578125 0.296875 0.291015625 0.2981770828125 0.3095703125 0.3229166671875 0.32421875 0.3294270828125
7 0.412109375 0.23307291718749998 0.4111328125 0.22395833281250002 0.39453125 0.22786458281250002 0.3955078125 0.234375 0.412109375 0.23307291718749998
10 0.216796875 0.3736979171875 0.232421875 0.39453125 0.232421875 0.4127604171875 0.21875 0.4518229171875 0.234375 0.4388020828125 0.244140625 0.5013020828125 0.240234375 0.53515625 0.25390625 0.53515625 0.259765625 0.4075520828125 0.251953125 0.38671875 0.2255859375 0.3619791671875 0.216796875 0.3736979171875
10 0.1923828125 0.3776041671875 0.189453125 0.3919270828125 0.17578125 0.4049479171875 0.17578125 0.4309895828125 0.1806640625 0.4401041671875 0.205078125 0.4388020828125 0.2109375 0.4231770828125 0.201171875 0.4049479171875 0.201171875 0.3815104171875 0.1923828125 0.3776041671875
10 0.509765625 0.41796875 0.51171875 0.52734375 0.525390625 0.54296875 0.52734375 0.4075520828125 0.537109375 0.3919270828125 0.5341796875 0.3723958328125 0.509765625 0.41796875
10 0 0.3971354171875 0.021484375 0.40234375 0.02734375 0.5377604171875 0.03125 0.55859375 0.044921875 0.5638020828125 0.0478515625 0.4713541671875 0.056640625 0.4830729171875 0.068359375 0.55859375 0.0810546875 0.5625 0.0859375 0.5533854171875 0.078125 0.54296875 0.07421875 0.4700520828125 0.05859375 0.41796875 0.05859375 0.3971354171875 0.0703125 0.39453125 0.06640625 0.35546875 0.0458984375 0.3177083328125 0.0341796875 0.3177083328125 0.025390625 0.3372395828125 0 0.36328125 0 0.3971354171875
10 0.171875 0.4205729171875 0.1396484375 0.4140625 0.12109375 0.4622395828125 0.1171875 0.5169270828125 0.099609375 0.5481770828125 0.1640625 0.55078125 0.177734375 0.5481770828125 0.158203125 0.50390625 0.158203125 0.4518229171875 0.171875 0.4205729171875
10 0.1015625 0.4127604171875 0.09765625 0.4440104171875 0.0830078125 0.453125 0.07421875 0.4700520828125 0.076171875 0.4934895828125 0.09375 0.4986979171875 0.125 0.4466145828125 0.123046875 0.4127604171875 0.1142578125 0.4010416671875 0.1015625 0.4127604171875
11 0.078125 0.20442708281250002 0.08203125 0.1575520828125 0.0751953125 0.1510416671875 0.0263671875 0.1510416671875 0.0234375 0.3138020828125 0.0263671875 0.3203125 0.0439453125 0.3151041671875 0.0556640625 0.328125 0.0732421875 0.328125 0.08203125 0.3372395828125 0.09375 0.33203125 0.095703125 0.2877604171875 0.09375 0.22526041718749998 0.078125 0.20442708281250002