5 0.4671875 0.25 0.4828125 0.2833333328125 0.4859375 0.35625 0.4984375 0.35625 0.5109375 0.3708333328125 0.5015625 0.40625 0.503125 0.4270833328125 0.5171875 0.43541666718750005 0.5296875 0.4583333328125 0.553125 0.46666666718750005 0.565625 0.4895833328125 0.565625 0.5395833328124999 0.5578125 0.5479166671875 0.5625 0.5583333328125 0.6078125 0.5604166671875 0.6796875 0.5458333328125 0.8203125 0.5354166671875 0.9109375 0.5375 0.90625 0.4125 0.9078125 0.029166667187500002 0.8984375 0.029166667187500002 0.4421875 0.10625 0.4421875 0.20833333281250002 0.4640625 0.2208333328125 0.4671875 0.25
7 0.6265625 0.21458333281250003 0.628125 0.20416666718749998 0.5953125 0.1583333328125 0.5875 0.1583333328125 0.5859375 0.16875 0.6 0.1895833328125 0.6171875 0.2125 0.6265625 0.21458333281250003
10 0.434375 0.27291666718749996 0.4390625 0.28125 0.440625 0.3625 0.4296875 0.3875 0.446875 0.4270833328125 0.4515625 0.4875 0.4609375 0.5083333328124999 0.4625 0.5416666671875 0.4546875 0.575 0.4859375 0.575 0.490625 0.5666666671875 0.486382584375 0.5158717546875 0.472173703125 0.49176822031249995 0.4773405859375 0.45905624375 0.4875 0.375 0.4796875 0.3645833328125 0.48125 0.28958333281250004 0.4546875 0.24375 0.4421875 0.2479166671875 0.428125 0.225 0.41875 0.225 0.4109375 0.23541666718749998 0.409375 0.2541666671875 0.4203125 0.2708333328125 0.434375 0.27291666718749996
14 0.084375 0.43125 0.0796875 0.5375 0.065625 0.5833333328125 0.040625 0.6166666671875001 0.0421875 0.6291666671875 0.071875 0.625 0.0875 0.6416666671875 0.1015625 0.6416666671875 0.1515625 0.625 0.225 0.6229166671875 0.190625 0.5645833328125 0.171875 0.48125 0.175 0.38125 0.1875 0.3333333328125 0.2 0.31875 0.2015625 0.30625 0.1953125 0.2979166671875 0.15 0.2833333328125 0.14140625 0.2833333328125 0.0625 0.2875 0.0421875 0.3 0.0671875 0.3541666671875 0.084375 0.43125
10 0.2046875 0.30625 0.2046875 0.3166666671875 0.1875 0.3458333328125 0.1875 0.40833333281249995 0.196875 0.4291666671875 0.1984375 0.45625 0.1953125 0.54375 0.2 0.5583333328125 0.1953125 0.5645833328125 0.20737019218750002 0.6019558859374999 0.2422467734375 0.5967907953125 0.21899571875 0.5571921125 0.228125 0.47291666718750003 0.2265625 0.4166666671875 0.2140625 0.3791666671875 0.215625 0.2979166671875 0.2109375 0.29375 0.2125 0.2625 0.2390625 0.23125 0.228125 0.2104166671875 0.2140625 0.2104166671875 0.20625 0.2166666671875 0.2 0.25625 0.184375 0.2791666671875 0.2046875 0.30625
10 0.2109375 0.27291666718749996 0.2109375 0.29375 0.2171875 0.3 0.2125 0.3291666671875 0.215625 0.3958333328125 0.2296875 0.41875 0.2390625 0.59375 0.2609375 0.59375 0.2671875 0.5833333328125 0.2578125 0.575 0.253125 0.53125 0.2625 0.45416666718750004 0.2765625 0.46666666718750005 0.284375 0.4895833328125 0.29375 0.59375 0.3421875 0.59375 0.340625 0.5854166671875001 0.3125 0.5708333328124999 0.3046875 0.475 0.3109375 0.46666666718750005 0.3125 0.4291666671875 0.296875 0.3895833328125 0.2734375 0.2416666671875 0.275 0.2104166671875 0.2625 0.19375 0.253125 0.19375 0.24375 0.20833333281250002 0.24375 0.23125 0.215625 0.25833333281250004 0.2109375 0.27291666718749996
11 0 0 0 0.6041666671875 0.0234375 0.6083333328125 0.028125 0.625 0.034375 0.625 0.0640625 0.58125 0.075 0.5375 0.0703125 0.38333333281250004 0.0640625 0.35 0.040625 0.30416666718749996 0.0515625 0.2854166671875 0.0421875 0.23333333281250002 0.05625 0.23125 0.0625 0.2125 0.0671875 0.1166666671875 0.0609375 0.0625 0.0640625 0 0.0560546875 0 0 0
11 0.9125 0 0.9078125 0.0479166671875 0.91523515625 0.5020983390625 0.915625 0.5520833328125 0.9703125 0.5604166671875 0.9734375 0.5125 0.9625 0.3104166671875 0.9640625 0.0166666671875 0.9578125 0 0.9487500000000001 0 0.9125 0
7 0.634375 0.21875 0.6296875 0.2270833328125 0.6421875 0.23333333281250002 0.6359375 0.2208333328125 0.634375 0.21875
7 0.078125 0.060416667187499995 0.1328125 0.0625 0.1203125 0.0458333328125 0.090625 0.0375 0.0828125 0.0375 0.0625 0.0416666671875 0.0671875 0.07291666718749999 0.0734375 0.07291666718749999 0.078125 0.060416667187499995
10 0.34375 0.3729166671875 0.3546875 0.38125 0.35 0.40625 0.35625 0.41041666718750003 0.396875 0.40625 0.4 0.3479166671875 0.4140625 0.375 0.4234375 0.36666666718749996 0.4171875 0.34375 0.396875 0.3145833328125 0.3984375 0.2791666671875 0.390625 0.26875 0.3828125 0.26875 0.375 0.3020833328125 0.35625 0.3125 0.346875 0.33541666718749996 0.34375 0.3729166671875
4 0.3109375 0.5354166671875 0.31875 0.5666666671875 0.44375 0.5645833328125 0.4515625 0.5354166671875 0.4421875 0.4270833328125 0.425 0.43541666718750005 0.4 0.4291666671875 0.384375 0.4145833328125 0.3453125 0.41041666718750003 0.3328125 0.41041666718750003 0.3078125 0.41875 0.315625 0.4291666671875 0.3078125 0.4770833328125 0.3109375 0.5354166671875
15 0 0.9979166671874999 0.9984375 0.9979166671874999 0.9984375 0.5604166671875 0.9703125 0.5625 0.9453125 0.5791666671875 0.9390625 0.56875 0.9125 0.5625 0.903125 0.5395833328124999 0.8546875 0.5458333328125 0.846875 0.5395833328124999 0.8140625 0.55 0.809375 0.5395833328124999 0.80625 0.5395833328124999 0.79375 0.5416666671875 0.7921875 0.55 0.7234375 0.5416666671875 0.721875 0.5520833328125 0.6671875 0.5625 0.5546875 0.5666666671875 0.478125 0.5895833328125 0.378125 0.5875 0.3765625 0.5979166671875 0.3453125 0.6 0.340625 0.6083333328125 0.28125 0.6125 0.265625 0.6 0.23125 0.6083333328125 0.2328125 0.6229166671875 0.2171875 0.6395833328125 0.190625 0.6354166671875 0.15 0.6479166671875001 0.1296875 0.6416666671875 0.1265625 0.6479166671875001 0.0875 0.6520833328125 0.075 0.6416666671875 0.0359375 0.6354166671875 0.0203125 0.6458333328125 0.0125 0.6375 0.0046875 0.6416666671875 0 0.6458333328125 0 0.9979166671874999