5 0.7359375 0.5520833328125 0.75625 0.55 0.7578125 0.5583333328125 0.775 0.5583333328125 0.7828125 0.5458333328125 0.875 0.5395833328124999 0.88125 0.5291666671875 0.8984375 0.5416666671875 0.9984375 0.5416666671875 0.9984375 0.1291666671875 0.9875 0.1291666671875 0.909375 0.14375 0.8125 0.1458333328125 0.740625 0.1583333328125 0.7359375 0.5520833328125
7 0.96875 0.1375 0.959375 0.1375 0.9515625 0.1520833328125 0.953125 0.175 0.9625 0.1708333328125 0.96875 0.1375
15 0 0.9979166671874999 0.9984375 0.9979166671874999 0.9984375 0.5625 0.9328125 0.5583333328125 0.9296875 0.5583333328125 0.8984375 0.5604166671875 0.8890625 0.5854166671875001 0.615625 0.5875 0.58125 0.59375 0.571875 0.60625 0.5359375 0.6020833328124999 0.4625 0.625 0.4390625 0.6145833328125 0.3796875 0.6166666671875001 0.3734375 0.625 0.3328125 0.625 0.29375 0.6416666671875 0.2359375 0.65 0.209375 0.625 0.175 0.64375 0.1359375 0.6395833328125 0.1234375 0.65625 0.1109375 0.6541666671875 0.109375 0.6833333328125 0.0984375 0.7020833328125 0.0796875 0.7083333328125 0.0328125 0.7 0.0265625 0.7083333328125 0.0203125 0.7041666671875 0.0171875 0.7145833328125 0.0046875 0.7041666671875 0 0.7229166671875 0 0.9979166671874999
7 0.703125 0.1895833328125 0.6859375 0.1666666671875 0.684375 0.1666666671875 0.6796875 0.1708333328125 0.684375 0.1875 0.7015625 0.20208333281250002 0.703125 0.1895833328125
7 0.6796875 0.1583333328125 0.6765625 0.1416666671875 0.653125 0.1020833328125 0.6484375 0.1020833328125 0.64375 0.1145833328125 0.65625 0.1395833328125 0.6671875 0.1583333328125 0.6796875 0.1583333328125
10 0.1578125 0.2 0.15625 0.2770833328125 0.1734375 0.31875 0.175 0.3541666671875 0.1828125 0.375 0.1828125 0.43125 0.165625 0.5104166671875 0.159375 0.625 0.1921875 0.6145833328125 0.184375 0.60625 0.1921875 0.525 0.2109375 0.45416666718750004 0.2234375 0.43333333281249997 0.2296875 0.44166666718750003 0.2328125 0.63125 0.278125 0.63125 0.2921875 0.6270833328125 0.29375 0.61875 0.2828125 0.6166666671875001 0.2640625 0.5958333328125 0.2609375 0.5354166671875 0.2671875 0.4270833328125 0.25625 0.41875 0.2625 0.4145833328125 0.2578125 0.4 0.265625 0.39791666718749996 0.275 0.3791666671875 0.271875 0.36875 0.2859375 0.35 0.2859375 0.3333333328125 0.265625 0.1625 0.2578125 0.14791666718750002 0.2390625 0.1375 0.24375 0.10625 0.228125 0.07291666718749999 0.215625 0.07291666718749999 0.20625 0.08125 0.20625 0.125 0.1640625 0.16458333281249998 0.1578125 0.2
7 0.9828125 0.08125 0.978125 0.08125 0.965625 0.0875 0.965625 0.125 0.9796875 0.1166666671875 0.9828125 0.08125
7 0.790625 0.19583333281249998 0.8109375 0.20625 0.8390625 0.20416666718749998 0.8546875 0.19375 0.853125 0.16875 0.853125 0.1666666671875 0.825 0.16875 0.821875 0.17916666718750002 0.796875 0.1854166671875 0.790625 0.19583333281249998
10 0.465625 0.21458333281250003 0.4609375 0.25833333281250004 0.440625 0.2666666671875 0.4375 0.2791666671875 0.4390625 0.2854166671875 0.459375 0.2854166671875 0.4578125 0.46458333281249997 0.48125 0.5520833328125 0.4765625 0.575 0.4484375 0.5958333328125 0.490625 0.60625 0.5109375 0.59375 0.503125 0.55625 0.4953125 0.4270833328125 0.509375 0.3541666671875 0.509375 0.2375 0.5 0.1895833328125 0.4765625 0.1770833328125 0.46875 0.1541666671875 0.4578125 0.14375 0.45 0.14375 0.4359375 0.14791666718750002 0.4296875 0.18125 0.446875 0.20416666718749998 0.465625 0.21458333281250003
10 0.340625 0.2979166671875 0.3375 0.3375 0.3546875 0.3479166671875 0.346875 0.3791666671875 0.353125 0.38333333281250004 0.4203125 0.38125 0.4203125 0.3729166671875 0.403125 0.36875 0.40625 0.34375 0.41875 0.3458333328125 0.415625 0.325 0.4125 0.3375 0.403125 0.3291666671875 0.4078125 0.3125 0.4109375 0.3083333328125 0.4265625 0.3291666671875 0.43125 0.35 0.4546875 0.3125 0.45 0.3 0.4359375 0.29375 0.4375 0.2708333328125 0.409375 0.2708333328125 0.4109375 0.21875 0.3953125 0.20416666718749998 0.3921875 0.20416666718749998 0.38125 0.225 0.3796875 0.2520833328125 0.353125 0.2645833328125 0.340625 0.2979166671875
10 0.125 0.30625 0.1234375 0.375 0.134375 0.40208333281249997 0.134375 0.6020833328124999 0.1625 0.5666666671875 0.165625 0.49375 0.1796875 0.43541666718750005 0.18125 0.3854166671875 0.1734375 0.3645833328125 0.171875 0.3229166671875 0.1546875 0.28125 0.1578125 0.1729166671875 0.1921875 0.1375 0.178125 0.1166666671875 0.16953125 0.1166666671875 0.153125 0.1270833328125 0.1453125 0.1666666671875 0.1140625 0.2208333328125 0.125 0.30625
4 0.26875 0.45416666718750004 0.2671875 0.5916666671875 0.4484375 0.5895833328125 0.4671875 0.575 0.46875 0.5208333328125 0.45625 0.46875 0.4546875 0.4 0.41875 0.3916666671875 0.434375 0.40416666718750005 0.425 0.41041666718750003 0.39375 0.40208333281249997 0.3859375 0.3875 0.3078125 0.38333333281250004 0.30625 0.38125 0.290625 0.3854166671875 0.284375 0.45 0.275 0.4604166671875 0.26875 0.45416666718750004
14 0 0.6875 0.0765625 0.6854166671875 0.0984375 0.6916666671875 0.1015625 0.66875 0.0640625 0.6104166671875 0.046875 0.5645833328125 0.0328125 0.45 0.0359375 0.36875 0.046875 0.3125 0.071875 0.2541666671875 0.0953125 0.22291666718749997 0.0953125 0.20833333281250002 0.0890625 0.1979166671875 0.0546875 0.17916666718750002 0.003125 0.16458333281249998 0 0.16458333281249998 0 0.6875
1 0.0640625 0.275 0.0453125 0.33125 0.05625 0.33541666718749996 0.06875 0.325 0.071875 0.3125 0.0796875 0.3145833328125 0.0734375 0.3166666671875 0.0734375 0.33125 0.0671875 0.3333333328125 0.071875 0.3395833328125 0.0625 0.35625 0.0375 0.375 0.034375 0.44166666718750003 0.0484375 0.5645833328125 0.084375 0.6395833328125 0.09375 0.6375 0.0890625 0.63125 0.090625 0.23958333281250002 0.090625 0.23333333281250002 0.0796875 0.24375 0.075 0.2604166671875 0.0796875 0.2666666671875 0.0640625 0.275
1 0 0 0 0.1625 0.0375 0.16875 0.0921875 0.19375 0.09375 0 0.0859375 0 0 0