5 0.609375 0.55 0.740625 0.5520833328125 0.74375 0.1208333328125 0.7354166671875 0.1208333328125 0.596875 0.1416666671875 0.59375 0.4583333328125 0.60625 0.47083333281249995 0.609375 0.55
5 0.7640625 0.3333333328125 0.7546875 0.3604166671875 0.7546875 0.3916666671875 0.7625 0.4 0.7609375 0.5229166671875001 0.765625 0.5604166671875 0.778125 0.5666666671875 0.7921875 0.5625 0.8 0.5708333328124999 0.79375 0.575 0.825 0.5645833328125 0.83125 0.5770833328125 0.840625 0.56875 0.8390625 0.575 0.8484375 0.5791666671875 0.85625 0.56875 0.859375 0.5791666671875 0.9234375 0.5791666671875 0.9234375 0.4166666671875 0.9171875 0.4375 0.9109375 0.4145833328125 0.915625 0.375 0.9109375 0.36666666718749996 0.91875 0.35208333281250004 0.909375 0.3291666671875 0.915625 0.3166666671875 0.9125 0.25833333281250004 0.91875 0.2541666671875 0.921875 0.2604166671875 0.9234375 0.25 0.9140625 0.2520833328125 0.909375 0.20416666718749998 0.9140625 0.15625 0.9265625 0.1520833328125 0.9265625 0.1416666671875 0.915625 0.1416666671875 0.9125 0.13333333281249998 0.9265625 0.1145833328125 0.915625 0.10833333281249999 0.9140625 0.10833333281249999 0.9078125 0.1166666671875 0.7671875 0.1291666671875 0.7625 0.15 0.7640625 0.3333333328125
7 0.8546875 0.175 0.853125 0.1666666671875 0.840625 0.1625 0.832421875 0.1625 0.79375 0.1666666671875 0.7875 0.18125 0.8234375 0.1875 0.8546875 0.175
15 0.603125 0.5979166671875 0.5828125 0.60625 0.5703125 0.6020833328124999 0.5640625 0.6166666671875001 0.55 0.6020833328124999 0.54375 0.61875 0.49375 0.625 0.48125 0.6395833328125 0.4484375 0.6520833328125 0.390625 0.6354166671875 0.3609375 0.64375 0.35625 0.6333333328124999 0.2578125 0.65625 0.2203125 0.6458333328125 0.2109375 0.65 0.2171875 0.6625 0.2015625 0.6791666671875001 0.153125 0.69375 0.1109375 0.6916666671875 0.0984375 0.6625 0.025 0.6833333328125 0.0140625 0.6729166671875 0.0140625 0.65625 0.003125 0.65625 0 0.9979166671874999 0.9984375 0.9979166671874999 0.9984375 0.5604166671875 0.9359375 0.55625 0.934375 0.55625 0.9265625 0.59375 0.80625 0.5875 0.6875 0.6041666671875 0.603125 0.5979166671875
7 0.6984375 0.1729166671875 0.696875 0.1541666671875 0.6765625 0.1208333328125 0.671875 0.1208333328125 0.66875 0.13333333281249998 0.6796875 0.15625 0.690625 0.1729166671875 0.6984375 0.1729166671875
7 0.9890625 0.11875 0.9984375 0.1166666671875 0.9921875 0.11041666718750001 0.9984375 0.1041666671875 0.9984375 0.0791666671875 0.990625 0.0791666671875 0.98125 0.0875 0.971875 0.1416666671875 0.978125 0.1416666671875 0.9890625 0.11875
10 0.425 0.1458333328125 0.4234375 0.2208333328125 0.3921875 0.2645833328125 0.3921875 0.2791666671875 0.403125 0.2791666671875 0.41875 0.2645833328125 0.4203125 0.2854166671875 0.3921875 0.3229166671875 0.38125 0.3541666671875 0.3953125 0.35625 0.4140625 0.325 0.4203125 0.325 0.4265625 0.3875 0.425 0.45625 0.45 0.5520833328125 0.44375 0.5979166671875 0.434375 0.59375 0.40625 0.6229166671875 0.409375 0.6291666671875 0.43125 0.6270833328125 0.4375 0.6395833328125 0.4609375 0.6395833328125 0.4875 0.6208333328125 0.478125 0.56875 0.4765625 0.48125 0.46875 0.43541666718750005 0.4875 0.3083333328125 0.4796875 0.25 0.4796875 0.18125 0.46875 0.125 0.4546875 0.1041666671875 0.4328125 0.1020833328125 0.4234375 0.075 0.4078125 0.0625 0.3953125 0.0625 0.3828125 0.0791666671875 0.378125 0.1041666671875 0.396875 0.1395833328125 0.425 0.1458333328125
10 0.140625 0 0.1375 0.0229166671875 0.1234375 0.0083333328125 0.1078125 0.0083333328125 0.06875 0.0395833328125 0.040625 0.075 0.0328125 0.1041666671875 0.0296875 0.2 0.025 0.20833333281250002 0.0359375 0.2416666671875 0.0328125 0.2854166671875 0.05 0.30416666718749996 0.0515625 0.3583333328125 0.0484375 0.425 0.0328125 0.49375 0.0296875 0.6708333328125 0.04375 0.6583333328125 0.0484375 0.6645833328124999 0.0671875 0.6583333328125 0.0609375 0.6541666671875 0.0671875 0.6416666671875 0.0609375 0.6270833328125 0.0625 0.5083333328124999 0.06875 0.48541666718750004 0.075 0.4895833328125 0.0796875 0.47083333281249995 0.090625 0.46666666718750005 0.096875 0.43333333281249997 0.109375 0.4458333328125 0.1078125 0.5666666671875 0.1171875 0.6520833328125 0.1125 0.6770833328125 0.1890625 0.6729166671875 0.2046875 0.6583333328125 0.184375 0.6541666671875 0.1796875 0.6416666671875 0.1578125 0.625 0.15 0.5395833328124999 0.159375 0.43125 0.153125 0.4 0.134375 0.40625 0.125 0.3958333328125 0.153125 0.31875 0.1640625 0.3291666671875 0.15625 0.3375 0.1578125 0.3729166671875 0.1671875 0.38333333281250004 0.18125 0.3729166671875 0.1875 0.3395833328125 0.178125 0.3083333328125 0.16875 0.19375 0.1625 0.058333332812500006 0.16875 0.0125 0.1625 0 0.1515625 0 0.140625 0
10 0.2890625 0.22916666718749998 0.278125 0.26875 0.278125 0.3083333328125 0.2984375 0.3125 0.3015625 0.32083333281250004 0.3546875 0.3229166671875 0.3578125 0.2854166671875 0.3671875 0.2708333328125 0.3875 0.2979166671875 0.3875 0.3229166671875 0.4015625 0.28125 0.390625 0.275 0.3890625 0.2625 0.3625 0.225 0.3578125 0.20625 0.3640625 0.1625 0.3484375 0.1458333328125 0.3390625 0.1458333328125 0.3265625 0.1729166671875 0.328125 0.20416666718749998 0.3 0.21458333281250003 0.2890625 0.22916666718749998
7 0.6703125 0.1020833328125 0.6484375 0.05625 0.640625 0.05625 0.6375 0.06875 0.653125 0.1020833328125 0.6671875 0.11041666718750001 0.6703125 0.1020833328125
10 0 0.3645833328125 0.0078125 0.3791666671875 0.0140625 0.4479166671875 0.0078125 0.5604166671875 0.0171875 0.64375 0.025 0.6395833328125 0.0265625 0.625 0.0265625 0.5270833328125 0.0453125 0.4291666671875 0.0484375 0.3479166671875 0.0453125 0.30625 0.028125 0.29375 0.0328125 0.24583333281250003 0.0234375 0.21458333281250003 0.028125 0.1208333328125 0.0359375 0.0791666671875 0.071875 0.0333333328125 0.065625 0.0270833328125 0.05625 0.0270833328125 0.0328125 0.0416666671875 0.0265625 0.075 0 0.1145833328125 0 0.3645833328125
4 0.203125 0.3895833328125 0.184375 0.4479166671875 0.1703125 0.4625 0.1703125 0.54375 0.1640625 0.5645833328125 0.1671875 0.5791666671875 0.1609375 0.58125 0.16875 0.60625 0.1640625 0.6145833328125 0.1859375 0.6208333328125 0.403125 0.6020833328124999 0.4328125 0.5895833328125 0.4359375 0.5125 0.421875 0.45625 0.4234375 0.3958333328125 0.41875 0.38125 0.4078125 0.3854166671875 0.403125 0.39791666718749996 0.4 0.3770833328125 0.396875 0.3958333328125 0.3640625 0.3895833328125 0.3390625 0.38125 0.3296875 0.3583333328125 0.30625 0.3625 0.2375 0.3541666671875 0.2359375 0.35208333281250004 0.1890625 0.35625 0.2015625 0.3604166671875 0.196875 0.3645833328125 0.203125 0.3895833328125