10 0 0 0 0.5458333328125 0.01875 0.49375 0.0234375 0.43125 0.0484375 0.3416666671875 0.059375 0.3645833328125 0.0640625 0.3958333328125 0.0765625 0.4166666671875 0.075 0.45625 0.084375 0.47291666718750003 0.084375 0.61875 0.09375 0.68125 0.090625 0.7291666671875 0.1 0.7541666671875 0.0890625 0.80625 0.0953125 0.8145833328125001 0.1578125 0.8083333328125001 0.1921875 0.7958333328125 0.2109375 0.775 0.2078125 0.7583333328124999 0.1875 0.75 0.1640625 0.7208333328125 0.165625 0.6958333328124999 0.159375 0.6729166671875 0.15625 0.3291666671875 0.1625 0.2979166671875 0.1640625 0.2208333328125 0.18125 0.19375 0.1859375 0.2 0.18125 0.20416666718749998 0.19375 0.21458333281250003 0.215625 0.22291666718749997 0.2265625 0.2166666671875 0.2546875 0.17916666718750002 0.28125 0.125 0.2765625 0.1125 0.259375 0.10625 0.2640625 0.11041666718750001 0.2578125 0.1166666671875 0.2609375 0.1291666671875 0.25 0.1604166671875 0.221875 0.1895833328125 0.209375 0.1916666671875 0.1890625 0.175 0.1765625 0.15625 0.1578125 0 0.149921875 0 0 0
10 0.2671875 0.49375 0.271875 0.5020833328125 0.2671875 0.53125 0.2828125 0.5166666671875 0.2796875 0.4166666671875 0.284375 0.40208333281249997 0.26875 0.36666666718749996 0.259375 0.36666666718749996 0.2453125 0.40208333281249997 0.253125 0.42083333281249996 0.2515625 0.53125 0.2671875 0.49375
5 0.3578125 0.40833333281249995 0.3609375 0.44375 0.3765625 0.4583333328125 0.378125 0.42291666718750004 0.3734375 0.4125 0.3859375 0.39375 0.396875 0.39791666718749996 0.4125 0.43125 0.403125 0.45625 0.4078125 0.5145833328125 0.521875 0.5104166671875 0.521875 0.3270833328125 0.3390625 0.3270833328125 0.3375 0.325 0.3296875 0.3333333328125 0.3328125 0.40416666718750005 0.35 0.3916666671875 0.3578125 0.40833333281249995
10 0.4 0.45416666718750004 0.409375 0.43541666718750005 0.3921875 0.3958333328125 0.3859375 0.3958333328125 0.3796875 0.43958333281249995 0.3875 0.5208333328125 0.403125 0.5145833328125 0.4 0.45416666718750004
10 0.5515625 0.5229166671875001 0.559375 0.5166666671875 0.5609375 0.4583333328125 0.56875 0.43958333281249995 0.55625 0.40625 0.553125 0.40625 0.5359375 0.4375 0.546875 0.48333333281249996 0.5453125 0.5166666671875 0.5515625 0.5229166671875001
14 0.3328125 0.5270833328125 0.3203125 0.5 0.325 0.4458333328125 0.321875 0.4458333328125 0.303125 0.4770833328125 0.3046875 0.4895833328125 0.2875 0.53125 0.3328125 0.5270833328125
10 0.3046875 0.47083333281249995 0.321875 0.43958333281249995 0.321875 0.41875 0.309375 0.39375 0.3078125 0.39375 0.29375 0.43125 0.303125 0.44375 0.29375 0.46458333281249997 0.3046875 0.47083333281249995
15 0 0.9979166671874999 0.8625 0.9958333328125001 0.8625 0.6145833328125 0.7546875 0.6125 0.753125 0.5958333328125 0.7484375 0.6125 0.68125 0.6145833328125 0.6609375 0.59375 0.625 0.58125 0.559375 0.5375 0.5546875 0.5416666671875 0.546875 0.5270833328125 0.490625 0.5166666671875 0.48125 0.5166666671875 0.290625 0.5395833328124999 0.278125 0.5541666671875001 0.25625 0.5520833328125 0.2515625 0.54375 0.215625 0.5541666671875001 0.171875 0.5541666671875001 0.165625 0.6145833328125 0.1765625 0.68125 0.1734375 0.7083333328125 0.1859375 0.71875 0.1921875 0.7458333328125 0.2125 0.7520833328125 0.2171875 0.7833333328125 0.2015625 0.8041666671875 0.1578125 0.8145833328125001 0.121875 0.8333333328125001 0.0953125 0.8333333328125001 0.08125 0.8020833328125001 0.0890625 0.7854166671875 0.090625 0.7416666671875001 0.0828125 0.7229166671875 0.084375 0.6958333328124999 0.06875 0.6833333328125 0.0765625 0.6770833328125 0.0703125 0.66875 0.078125 0.6458333328125 0.075 0.5791666671875 0.0171875 0.5708333328124999 0.015625 0.5916666671875 0.009375 0.5958333328125 0.015625 0.60625 0.0078125 0.6104166671875 0.0078125 0.64375 0.015625 0.6520833328125 0.0171875 0.6791666671875001 0.025 0.6833333328125 0.0171875 0.6916666671875 0.0296875 0.6958333328124999 0.021875 0.7083333328125 0.0296875 0.7125 0.0328125 0.7291666671875 0.04375 0.73125 0.0515625 0.74375 0.075 0.7458333328125 0.084375 0.7625 0.0765625 0.7979166671875 0 0.8125 0 0.9979166671874999
12 0.5640625 0.5291666671875 0.609375 0.5666666671875 0.6765625 0.5958333328125 0.7015625 0.5895833328125 0.74375 0.6 0.7515625 0.5895833328125 0.8640625 0.59375 0.8640625 0.3604166671875 0.740625 0.3625 0.7390625 0.3604166671875 0.6765625 0.36875 0.5734375 0.4375 0.5671875 0.45416666718750004 0.5640625 0.5291666671875
7 0.684375 0.29375 0.678125 0.29375 0.671875 0.3 0.6765625 0.3083333328125 0.6875 0.30625 0.684375 0.29375
7 0.2109375 0.28125 0.20234375 0.28125 0.1921875 0.2833333328125 0.196875 0.2958333328125 0.209375 0.2958333328125 0.2109375 0.28125
7 0.2078125 0.3 0.19375 0.3 0.1921875 0.2979166671875 0.1703125 0.30625 0.1859375 0.3166666671875 0.209375 0.3145833328125 0.2078125 0.3
7 0.696875 0.16875 0.7 0.1520833328125 0.684375 0.1395833328125 0.67421875 0.1395833328125 0.6375 0.15 0.634375 0.16875 0.65 0.1770833328125 0.696875 0.16875
7 0.7046875 0.0666666671875 0.728125 0.0666666671875 0.775 0.0479166671875 0.7796875 0.0375 0.775 0.014583332812499999 0.7421875 0.0020833328125000002 0.7359375 0.0020833328125000002 0.690625 0.01875 0.68125 0.0354166671875 0.68125 0.05208333281250001 0.7046875 0.0666666671875
14 0.1875 0.4583333328125 0.1921875 0.46458333281249997 0.184375 0.475 0.1875 0.5208333328125 0.1796875 0.54375 0.2234375 0.5458333328125 0.2375 0.5395833328124999 0.2265625 0.5166666671875 0.2234375 0.48333333281249996 0.2296875 0.45208333281249996 0.240625 0.45 0.2328125 0.4479166671875 0.2328125 0.4270833328125 0.2171875 0.425 0.208984375 0.425 0.18125 0.4270833328125 0.1890625 0.45416666718750004 0.184375 0.46458333281249997 0.1875 0.4583333328125
14 0.225 0.3875 0.21875 0.3791666671875 0.2109375 0.39791666718749996 0.1890625 0.4166666671875 0.18125 0.3729166671875 0.1796875 0.3729166671875 0.18125 0.42291666718750004 0.228125 0.42291666718750004 0.221875 0.4 0.225 0.3875