5 0.3859375 0.51875 0.4375 0.5125 0.434375 0.33125 0.4258928578125 0.33125 0.371875 0.3333333328125 0.371875 0.46666666718750005 0.3796875 0.4791666671875 0.3859375 0.51875
7 0.0265625 0.21458333281250003 0.021875 0.21458333281250003 0.0125 0.2270833328125 0.0296875 0.23333333281250002 0.0359375 0.2208333328125 0.0265625 0.21458333281250003
7 0.090625 0.225 0.090625 0.2 0.08125 0.2 0.0625 0.2 0.0546875 0.2125 0.0609375 0.2208333328125 0.090625 0.225
10 0.2171875 0.39375 0.2453125 0.39791666718749996 0.23125 0.43958333281249995 0.23125 0.4791666671875 0.2421875 0.5208333328125 0.259375 0.5375 0.271875 0.5229166671875001 0.259375 0.4125 0.2765625 0.40416666718750005 0.2671875 0.39791666718749996 0.2609375 0.36666666718749996 0.2453125 0.3333333328125 0.24375 0.3333333328125 0.2328125 0.35625 0.2078125 0.3645833328125 0.20625 0.375 0.2171875 0.39375
5 0.503125 0.5083333328124999 0.5046875 0.3458333328125 0.5 0.3333333328125 0.49114583281249996 0.3333333328125 0.44375 0.3375 0.44375 0.5041666671875 0.45 0.5145833328125 0.503125 0.5083333328124999
15 0 0.9979166671874999 0.9984375 0.9979166671874999 0.9984375 0.9666666671874999 0.98125 0.94375 0.9546875 0.925 0.9578125 0.91875 0.9015625 0.8541666671874999 0.8609375 0.83125 0.8609375 0.8229166671874999 0.84375 0.8166666671874999 0.846875 0.8083333328125001 0.8140625 0.7895833328124999 0.796875 0.76875 0.8046875 0.7625 0.7890625 0.74375 0.778125 0.7416666671875001 0.7703125 0.7270833328124999 0.753125 0.71875 0.740625 0.6958333328124999 0.7203125 0.6854166671875 0.7140625 0.66875 0.6890625 0.6458333328125 0.6640625 0.60625 0.6375 0.5854166671875001 0.625 0.5645833328125 0.621875 0.53125 0.59375 0.5333333328125 0.5828125 0.5458333328125 0.5671875 0.5229166671875001 0.5421875 0.525 0.540625 0.5229166671875001 0.28125 0.5395833328124999 0.259375 0.54375 0.253125 0.5520833328125 0.1796875 0.5520833328125 0.1703125 0.5625 0.14375 0.55625 0.121875 0.575 0.10625 0.5666666671875 0.071875 0.5729166671875 0.04375 0.5645833328125 0.0171875 0.575 0.0125 0.5895833328125 0 0.5979166671875 0 0.9979166671874999
10 0.2953125 0.40833333281249995 0.28125 0.3583333328125 0.2765625 0.3583333328125 0.259375 0.41875 0.2640625 0.43958333281249995 0.2890625 0.44166666718750003 0.2953125 0.40833333281249995
7 0.325 0.33541666718749996 0.3265625 0.35208333281250004 0.340625 0.35208333281250004 0.3390625 0.33541666718749996 0.325 0.33541666718749996
7 0.39375 0.27291666718749996 0.3890625 0.27291666718749996 0.3875 0.2854166671875 0.41875 0.3145833328125 0.4203125 0.30416666718749996 0.39375 0.27291666718749996
7 0.5 0.1875 0.496875 0.20416666718749998 0.5125 0.20416666718749998 0.5125 0.1875 0.5 0.1875
7 0.08125 0.1583333328125 0.075 0.1520833328125 0.06640625 0.1520833328125 0.0546875 0.1541666671875 0.053125 0.16458333281249998 0.0765625 0.1708333328125 0.08125 0.1583333328125
10 0.0125 0.4291666671875 0.028125 0.43541666718750005 0.03125 0.4291666671875 0.059375 0.4291666671875 0.059375 0.4 0.06875 0.38333333281250004 0.0703125 0.3458333328125 0.053125 0.325 0.0515625 0.2875 0.040625 0.2875 0.0359375 0.31875 0.0171875 0.3270833328125 0.009375 0.3416666671875 0.0125 0.4291666671875
10 0.0843257875 0.54309383125 0.096875 0.5333333328125 0.1015625 0.4875 0.1109375 0.5479166671875 0.1234375 0.5479166671875 0.125 0.36666666718749996 0.1359375 0.33541666718749996 0.1171875 0.2833333328125 0.10625 0.2708333328125 0.103125 0.2708333328125 0.090625 0.28125 0.090625 0.30416666718749996 0.075 0.3291666671875 0.08125 0.35208333281250004 0.075 0.41875 0.0843257875 0.54309383125
3 0.1265625 0.48541666718750004 0.1484375 0.4916666671875 0.153125 0.54375 0.15625 0.4895833328125 0.1609375 0.5395833328124999 0.1703125 0.54375 0.16875 0.4604166671875 0.1765625 0.48125 0.1734375 0.4895833328125 0.184375 0.49583333281249997 0.1890625 0.45416666718750004 0.1828125 0.4375 0.18125 0.43541666718750005 0.1625 0.4625 0.1578125 0.4895833328125 0.1453125 0.4770833328125 0.1265625 0.48541666718750004
10 0.1265625 0.4875 0.1640625 0.48333333281249996 0.165625 0.4625 0.1796875 0.45625 0.18125 0.44166666718750003 0.1953125 0.43125 0.203125 0.3875 0.1921875 0.36875 0.18125 0.36875 0.175 0.40208333281249997 0.15625 0.43125 0.1265625 0.4479166671875 0.1265625 0.4875
12 0.9359375 0 0.6671875 0.3625 0.6359375 0.3875 0.6390625 0.3916666671875 0.628125 0.40625 0.625 0.5229166671875001 0.6296875 0.5583333328125 0.646875 0.58125 0.6953125 0.63125 0.7015625 0.6458333328125 0.73125 0.6666666671875 0.7359375 0.6625 0.746875 0.6791666671875001 0.75625 0.6770833328125 0.75625 0.6895833328125 0.8046875 0.74375 0.8046875 0.7541666671875 0.8125 0.7583333328124999 0.809375 0.7666666671875 0.83125 0.7875 0.8296875 0.79375 0.8921875 0.8375 0.9546875 0.9125 0.959375 0.9270833328125001 0.9703125 0.9291666671875 0.971875 0.9416666671874999 0.9984375 0.9645833328125001 0.9984375 0 0.990625 0 0.9359375 0
10 0.6578125 0.35 0.653125 0.35 0.6296875 0.3916666671875 0.6296875 0.40208333281249997 0.6609375 0.3625 0.6578125 0.35
14 0.0421875 0.4583333328125 0.046875 0.5541666671875001 0.0546875 0.5583333328125 0.0578125 0.4479166671875 0.0640625 0.45208333281249996 0.0703125 0.43958333281249995 0.059375 0.43125 0.0109375 0.43541666718750005 0.0078125 0.4270833328125 0 0.4270833328125 0.003125 0.5395833328124999 0.0125 0.5270833328125 0.0125 0.46666666718750005 0.0421875 0.4583333328125
11 0.0921875 0.27291666718749996 0.109375 0.27291666718749996 0.134375 0.3229166671875 0.1359375 0.4375 0.153125 0.4291666671875 0.1671875 0.40416666718750005 0.1640625 0.1854166671875 0.1484375 0.1708333328125 0.1484375 0.1125 0.140625 0.11041666718750001 0.1315625 0.11041666718750001 0.0921875 0.1145833328125 0.0953125 0.21458333281250003 0.090625 0.25625 0.0921875 0.27291666718749996