7 0.678125 0.14375 0.6765625 0.1416666671875 0.671875 0.15625 0.696875 0.1895833328125 0.696875 0.1708333328125 0.678125 0.14375
7 0.671875 0.1208333328125 0.6484375 0.0770833328125 0.6421875 0.0770833328125 0.6390625 0.0916666671875 0.6546875 0.1270833328125 0.6703125 0.13333333281249998 0.671875 0.1208333328125
10 0.078125 0.10833333281249999 0.071875 0.1458333328125 0.065625 0.24375 0.0890625 0.29375 0.0921875 0.3333333328125 0.1046875 0.3541666671875 0.1046875 0.425 0.0890625 0.4916666671875 0.075 0.6458333328125 0.0828125 0.65 0.121875 0.6375 0.121875 0.625 0.1109375 0.61875 0.10625 0.59375 0.1171875 0.5229166671875001 0.121875 0.5375 0.1234375 0.5041666671875 0.15 0.41041666718750003 0.1546875 0.4145833328125 0.1578125 0.46666666718750005 0.1546875 0.6541666671875 0.2203125 0.6541666671875 0.2359375 0.6416666671875 0.1984375 0.6145833328125 0.19375 0.5604166671875 0.2046875 0.3583333328125 0.2109375 0.3479166671875 0.203125 0.24583333281250003 0.2328125 0.3145833328125 0.2484375 0.3229166671875 0.2546875 0.3625 0.2671875 0.3645833328125 0.26875 0.3416666671875 0.2140625 0.1770833328125 0.203125 0.09375 0.184375 0.0791666671875 0.1890625 0.0666666671875 0.184375 0.0333333328125 0.1765625 0.0208333328125 0.153125 0.0083333328125 0.15 0.0083333328125 0.1375 0.01875 0.1390625 0.0458333328125 0.1328125 0.0625 0.078125 0.10833333281249999
7 0.1671875 0.075 0.1890625 0.0791666671875 0.1921875 0.05625 0.1859375 0.029166667187500002 0.15625 0.0020833328125000002 0.153125 0.0020833328125000002 0.1359375 0.0166666671875 0.1375 0.05625 0.1515625 0.05625 0.1671875 0.075
7 0.9984375 0.0479166671875 0.9953125 0.0479166671875 0.9828125 0.0645833328125 0.9828125 0.0958333328125 0.9984375 0.0895833328125 0.9984375 0.0479166671875
10 0.440625 0.1729166671875 0.434375 0.2479166671875 0.421875 0.26875 0.425 0.2833333328125 0.4328125 0.2854166671875 0.4328125 0.30416666718749996 0.4015625 0.3479166671875 0.3984375 0.3645833328125 0.4125 0.36666666718749996 0.4234375 0.3416666671875 0.4359375 0.34375 0.4359375 0.47083333281249995 0.45625 0.5416666671875 0.4546875 0.5770833328125 0.459375 0.5770833328125 0.4515625 0.5916666671875 0.434375 0.5958333328125 0.41875 0.6145833328125 0.440625 0.6145833328125 0.4453125 0.6291666671875 0.4640625 0.6291666671875 0.49375 0.6145833328125 0.484375 0.5666666671875 0.4765625 0.44166666718750003 0.4921875 0.3375 0.4890625 0.19583333281249998 0.478125 0.15 0.465625 0.13333333281249998 0.4515625 0.13125 0.4421875 0.1041666671875 0.4296875 0.0895833328125 0.41875 0.0895833328125 0.4078125 0.0979166671875 0.4015625 0.1291666671875 0.4171875 0.1625 0.440625 0.1729166671875
10 0.30625 0.25 0.296875 0.3166666671875 0.3171875 0.325 0.3203125 0.3333333328125 0.36875 0.33541666718749996 0.3734375 0.2916666671875 0.38125 0.2854166671875 0.396875 0.3083333328125 0.403125 0.33125 0.4265625 0.28125 0.4171875 0.27291666718749996 0.403125 0.2833333328125 0.375 0.23958333281250002 0.3765625 0.1833333328125 0.3625 0.16875 0.353125 0.16875 0.3421875 0.1979166671875 0.3453125 0.2208333328125 0.3171875 0.23333333281250002 0.30625 0.25
10 0.08125 0.09375 0.11875 0.075 0.11875 0.0666666671875 0.1046875 0.058333332812500006 0.09375 0.058333332812500006 0.0796875 0.0645833328125 0.071875 0.0791666671875 0.071875 0.12291666718750001 0.08125 0.09375
10 0.1125 0.5875 0.11875 0.5958333328125 0.1265625 0.5958333328125 0.1390625 0.5791666671875 0.140625 0.5458333328125 0.1515625 0.5354166671875 0.1546875 0.47291666718750003 0.1421875 0.45 0.1421875 0.4375 0.1421875 0.43541666718750005 0.1390625 0.475 0.1265625 0.5 0.1171875 0.5458333328125 0.1125 0.5875
10 0.040625 0.3541666671875 0.0546875 0.3875 0.0546875 0.6270833328125 0.0671875 0.625 0.075 0.6104166671875 0.0828125 0.575 0.0859375 0.5041666671875 0.103125 0.41875 0.103125 0.3604166671875 0.0921875 0.34375 0.090625 0.30416666718749996 0.0609375 0.2416666671875 0.0703125 0.1833333328125 0.0703125 0.14375 0.0640625 0.1375 0.0546875 0.1375 0.0375 0.1583333328125 0.0296875 0.1854166671875 0.04375 0.27291666718749996 0.040625 0.3541666671875
4 0.2421875 0.38333333281250004 0.23125 0.3604166671875 0.2109375 0.35625 0.20625 0.3625 0.1984375 0.5208333328125 0.2015625 0.60625 0.215625 0.6208333328125 0.2265625 0.6125 0.2390625 0.6208333328125 0.24375 0.6104166671875 0.2515625 0.6208333328125 0.25625 0.6145833328125 0.2515625 0.6041666671875 0.390625 0.59375 0.403125 0.6 0.440625 0.5895833328125 0.4453125 0.5229166671875001 0.4328125 0.46458333281249997 0.4328125 0.3916666671875 0.421875 0.3895833328125 0.415625 0.40416666718750005 0.40625 0.39791666718749996 0.4140625 0.3875 0.409375 0.3791666671875 0.4046875 0.39791666718749996 0.3703125 0.3895833328125 0.371875 0.3770833328125 0.3640625 0.3895833328125 0.3515625 0.3708333328125 0.2953125 0.36666666718749996 0.2765625 0.3458333328125 0.2734375 0.3458333328125 0.2671875 0.36666666718749996 0.2578125 0.36875 0.246875 0.3583333328125 0.2421875 0.38333333281250004
10 0.371875 0.3375 0.3640625 0.33541666718749996 0.355 0.33541666718749996 0.31875 0.33541666718749996 0.3125 0.3625 0.36875 0.3625 0.371875 0.3375
14 0.540625 0.60625 0.5421875 0.59375 0.5328125 0.5854166671875001 0.5109375 0.5291666671875 0.5046875 0.4625 0.5109375 0.38333333281250004 0.5328125 0.325 0.5046875 0.3145833328125 0.496875 0.3145833328125 0.478125 0.4145833328125 0.4859375 0.5604166671875 0.4921875 0.59375 0.540625 0.60625
15 0 0.9979166671874999 0.9984375 0.9979166671874999 0.9984375 0.5666666671875 0.9203125 0.5625 0.91875 0.5604166671875 0.90625 0.6 0.884375 0.5895833328125 0.821875 0.5875 0.6625 0.6020833328124999 0.6078125 0.5958333328125 0.5796875 0.6020833328124999 0.571875 0.5958333328125 0.5640625 0.6166666671875001 0.5515625 0.6 0.54375 0.61875 0.5390625 0.6125 0.5015625 0.6145833328125 0.496875 0.625 0.46875 0.6395833328125 0.4375 0.6395833328125 0.4109375 0.6270833328125 0.39375 0.63125 0.371875 0.6166666671875001 0.35 0.6229166671875 0.3078125 0.61875 0.3 0.63125 0.278125 0.6333333328124999 0.2625 0.6208333328125 0.2578125 0.6375 0.2515625 0.6270833328125 0.24375 0.63125 0.2421875 0.65 0.2328125 0.6604166671875 0.175 0.6729166671875 0.1578125 0.6729166671875 0.1515625 0.6645833328124999 0.1453125 0.625 0.134375 0.6270833328125 0.1234375 0.65625 0.059375 0.6583333328125 0.0578125 0.6416666671875 0.05 0.6416666671875 0.04375 0.625 0.03125 0.6229166671875 0.04375 0.6125 0.0296875 0.60625 0.040625 0.5979166671875 0.04375 0.5791666671875 0.0359375 0.5708333328124999 0.0171875 0.5708333328124999 0.0140625 0.5895833328125 0.0015625 0.5979166671875 0 0.6520833328125 0.03125 0.6625 0.028125 0.6708333328125 0.0171875 0.66875 0 0.6854166671875 0 0.9979166671874999
5 0.753125 0.5291666671875 0.7578125 0.5479166671875 0.7671875 0.5541666671875001 0.8890625 0.5604166671875 0.8921875 0.5458333328125 0.903125 0.55625 0.9078125 0.54375 0.9984375 0.54375 0.9984375 0.5145833328125 0.984375 0.5104166671875 0.9796875 0.3791666671875 0.9828125 0.175 0.975 0.1729166671875 0.98125 0.16875 0.953125 0.175 0.95 0.1416666671875 0.9140625 0.14375 0.9109375 0.1291666671875 0.90625 0.1291666671875 0.896875 0.1395833328125 0.8765625 0.14375 0.7640625 0.15625 0.753125 0.5291666671875