5 0.70546875 0.44140625 0.0515625 0.15
12 0.91875 0.48046875 0.159375 0.22734375
15 0.4984375 0.753125 0.996875 0.48515625
7 0.64296875 0.33984375 0.0171875 0.025
7 0.20859375 0.05546875 0.0609375 0.03515625
7 0.9625 0.103125 0.071875 0.04765625
7 0.05 0.58125 0.028125 0.06640625
7 0.29375 0.17734375 0.0625 0.02890625
7 0.2109375 0.20390625 0.040625 0.02109375
7 0.4421875 0.3 0.0375 0.01640625
7 0.678125 0.12890625 0.075 0.04140625
7 0.31328125 0.24375 0.0390625 0.02109375
7 0.21640625 0.17890625 0.0265625 0.01640625
10 0.3421875 0.40546875 0.071875 0.33125
10 0.03359375 0.36015625 0.0671875 0.52890625
10 0.4421875 0.446875 0.04375 0.18125
10 0.57890625 0.45546875 0.0296875 0.15234375
10 0.60703125 0.45234375 0.0234375 0.14609375
10 0.2421875 0.41328125 0.0625 0.31484375