10 0.1203125 0.4458333328125 0.128125 0.45 0.1375 0.43333333281249997 0.140625 0.4375 0.1375 0.45416666718750004 0.1515625 0.5041666671875 0.14375 0.53125 0.159375 0.53125 0.1640625 0.39375 0.1328125 0.35625 0.128125 0.35625 0.1234375 0.36666666718749996 0.1375 0.3854166671875 0.1375 0.40625 0.1203125 0.4458333328125
5 0.1640625 0.4770833328125 0.184375 0.4770833328125 0.1828125 0.34375 0.1484375 0.3416666671875 0.1421875 0.3416666671875 0.14375 0.36666666718749996 0.1515625 0.36875 0.1640625 0.3916666671875 0.1640625 0.4770833328125
15 0 0.9979166671874999 0.8265625 0.99375 0.8203125 0.98125 0.8046875 0.975 0.8015625 0.9625 0.784375 0.95625 0.775 0.9333333328125001 0.734375 0.9145833328125 0.7296875 0.90625 0.7359375 0.9020833328125001 0.7203125 0.8958333328125001 0.7171875 0.8833333328125 0.6890625 0.8770833328125001 0.6734375 0.8625 0.678125 0.85625 0.6578125 0.8416666671874999 0.6484375 0.8166666671874999 0.6265625 0.8104166671874999 0.621875 0.7875 0.5953125 0.7729166671875001 0.584375 0.74375 0.5171875 0.675 0.51875 0.66875 0.4609375 0.59375 0.453125 0.5895833328125 0.446875 0.5979166671875 0.4359375 0.5916666671875 0.434375 0.5708333328124999 0.41875 0.53125 0.4125 0.5395833328124999 0.403125 0.5375 0.4046875 0.54375 0.3921875 0.55625 0.3890625 0.5375 0.378125 0.5229166671875001 0.3765625 0.5208333328125 0.0953125 0.5458333328125 0.071875 0.5645833328125 0.04375 0.5604166671875 0.0109375 0.575 0.0046875 0.5708333328124999 0.009375 0.5791666671875 0 0.5833333328125 0 0.9979166671874999
5 0.31875 0.5125 0.31875 0.3479166671875 0.2953125 0.3458333328125 0.286328125 0.3458333328125 0.259375 0.3458333328125 0.2546875 0.35208333281250004 0.2625 0.5166666671875 0.31875 0.5125
7 0.553125 0.0625 0.603125 0.05208333281250001 0.6109375 0.0395833328125 0.6078125 0.0208333328125 0.5859375 0.0041666671875 0.57734375 0.0041666671875 0.5328125 0.0125 0.5203125 0.03125 0.521875 0.0479166671875 0.553125 0.0625
7 0.171875 0 0.1703125 0.0083333328125 0.175 0.0229166671875 0.203125 0.0395833328125 0.25625 0.04375 0.2703125 0.029166667187500002 0.265625 0 0.2578125 0 0.171875 0
7 0.6 0.29375 0.584375 0.2916666671875 0.58125 0.2916666671875 0.5640625 0.325 0.584375 0.32083333281250004 0.6015625 0.3020833328125 0.6 0.29375
7 0.6375 0.7020833328125 0.6203125 0.6854166671875 0.6140625 0.6854166671875 0.6171875 0.71875 0.6296875 0.7291666671875 0.6390625 0.7166666671875 0.6375 0.7020833328125
14 0.0140625 0.47291666718750003 0.009375 0.47083333281249995 0.0078125 0.4895833328125 0.0203125 0.4875 0.021875 0.5041666671875 0 0.54375 0.0375 0.5520833328125 0.0796875 0.55 0.0828125 0.54375 0.0640625 0.5125 0.059375 0.48333333281249996 0.0609375 0.4458333328125 0.0734375 0.4125 0.0453125 0.40833333281249995 0.04375 0.40833333281249995 0.021875 0.4604166671875 0.0234375 0.48125 0.0125 0.48333333281249996 0.0140625 0.47291666718750003
10 0.1125 0.4270833328125 0.0984375 0.3708333328125 0.09375 0.3708333328125 0.0890625 0.3895833328125 0.078125 0.39791666718749996 0.08125 0.43333333281249997 0.1125 0.4270833328125
10 0.0296875 0.44166666718750003 0.0265625 0.41875 0.0328125 0.425 0.0375 0.41875 0.034375 0.3916666671875 0.028125 0.3875 0.0203125 0.3875 0.003125 0.4125 0 0.49791666718750005 0.00625 0.46875 0.0296875 0.44166666718750003
10 0.06875 0.3791666671875 0.053125 0.3458333328125 0.0515625 0.3458333328125 0.0296875 0.38333333281250004 0.0421875 0.40625 0.0734375 0.40833333281249995 0.06875 0.3791666671875