5 0.4640625 0.2770833328125 0.4828125 0.2854166671875 0.5046875 0.2833333328125 0.5171875 0.3125 0.553125 0.3458333328125 0.5484375 0.40416666718750005 0.5390625 0.40833333281249995 0.5359375 0.43958333281249995 0.5390625 0.4583333328125 0.559375 0.48541666718750004 0.5625 0.5229166671875001 0.6328125 0.525 0.6453125 0.5145833328125 0.725 0.51875 0.7828125 0.5125 0.790625 0.5104166671875 0.7859375 0.4604166671875 0.7828125 0.45 0.7703125 0.45 0.76875 0.425 0.778125 0.35 0.79375 0.3333333328125 0.784375 0.325 0.81875 0.29375 0.815625 0.1416666671875 0.8140625 0.1416666671875 0.8015625 0.15 0.684375 0.16875 0.4625 0.1916666671875 0.4640625 0.2770833328125
7 0.6234375 0.2708333328125 0.5828125 0.21875 0.5796875 0.21875 0.575 0.23333333281250002 0.5890625 0.2520833328125 0.6125 0.27291666718749996 0.6234375 0.2708333328125
7 0.0328125 0.15 0.053125 0.1416666671875 0.0515625 0.1291666671875 0.0296875 0.1208333328125 0.02109375 0.1208333328125 0.00625 0.12291666718750001 0 0.13333333281249998 0.0125 0.1458333328125 0.0328125 0.15
7 0.1296875 0.0666666671875 0.125 0.0666666671875 0.11875 0.07083333281250001 0.125 0.0875 0.1328125 0.08333333281250001 0.1296875 0.0666666671875
10 0.7734375 0.4145833328125 0.775 0.44375 0.78125 0.41041666718750003 0.7859375 0.4145833328125 0.796875 0.4916666671875 0.7953125 0.5375 0.803125 0.5458333328125 0.8109375 0.5458333328125 0.8265625 0.5270833328125 0.8265625 0.4604166671875 0.8328125 0.43541666718750005 0.828125 0.4166666671875 0.8375 0.3895833328125 0.8328125 0.3583333328125 0.8171875 0.3333333328125 0.81875 0.3083333328125 0.8125 0.3083333328125 0.803125 0.3125 0.803125 0.3333333328125 0.78125 0.3583333328125 0.7734375 0.4145833328125
10 0.16875 0.4 0.1625 0.41875 0.140625 0.42291666718750004 0.1375 0.43333333281249997 0.1453125 0.43958333281249995 0.134375 0.45416666718750004 0.08125 0.4875 0.0703125 0.5583333328125 0.05625 0.5895833328125 0.071875 0.5916666671875 0.0828125 0.5833333328125 0.0953125 0.5166666671875 0.0984375 0.5104166671875 0.1078125 0.5145833328125 0.1140625 0.49791666718750005 0.1234375 0.50625 0.11875 0.525 0.125 0.5479166671875 0.1359375 0.5604166671875 0.134375 0.5875 0.1421875 0.59375 0.1546875 0.5895833328125 0.15625 0.5520833328125 0.140625 0.5333333328125 0.1375 0.5125 0.1234375 0.49791666718750005 0.1625 0.49375 0.1671875 0.4625 0.178125 0.45416666718750004 0.1765625 0.4479166671875 0.2109375 0.43333333281249997 0.2078125 0.4270833328125 0.228125 0.41041666718750003 0.225 0.3875 0.234375 0.3645833328125 0.228125 0.3270833328125 0.21875 0.3145833328125 0.2109375 0.3145833328125 0.196875 0.3229166671875 0.1921875 0.3416666671875 0.2 0.375 0.16875 0.4
10 0.49375 0.54375 0.509375 0.5375 0.5171875 0.46875 0.525 0.5 0.525 0.54375 0.5328125 0.54375 0.54375 0.5333333328125 0.534375 0.53125 0.5328125 0.40625 0.5484375 0.36875 0.55 0.3479166671875 0.515625 0.3166666671875 0.5 0.2854166671875 0.49375 0.2854166671875 0.4859375 0.30625 0.5046875 0.33125 0.5015625 0.5208333328125 0.49375 0.54375
10 0.2484375 0.36666666718749996 0.253125 0.45416666718750004 0.253125 0.48541666718750004 0.240625 0.5083333328124999 0.2265625 0.5729166671875 0.2359375 0.6020833328124999 0.2515625 0.5979166671875 0.2453125 0.5645833328125 0.2734375 0.49583333281249997 0.284375 0.42083333281249996 0.303125 0.47291666718750003 0.31875 0.5916666671875 0.3421875 0.59375 0.3484375 0.5875 0.334375 0.55625 0.3234375 0.43125 0.3078125 0.3625 0.321875 0.375 0.3390625 0.4270833328125 0.3484375 0.4291666671875 0.353125 0.41875 0.31875 0.33541666718749996 0.3140625 0.2916666671875 0.2828125 0.19583333281249998 0.2703125 0.19583333281249998 0.2375 0.275 0.234375 0.2979166671875 0.2375 0.3458333328125 0.2484375 0.36666666718749996
10 0.34375 0.39375 0.3546875 0.4125 0.359375 0.5604166671875 0.4 0.5541666671875001 0.396875 0.4125 0.4046875 0.3958333328125 0.4046875 0.3375 0.384375 0.3125 0.3828125 0.2833333328125 0.375 0.2833333328125 0.3671875 0.3104166671875 0.3484375 0.32083333281250004 0.3390625 0.36666666718749996 0.34375 0.39375
10 0.43125 0.40625 0.4390625 0.3958333328125 0.4390625 0.3708333328125 0.428125 0.35625 0.428125 0.3333333328125 0.4203125 0.3229166671875 0.41875 0.32083333281250004 0.4109375 0.3270833328125 0.40625 0.3541666671875 0.40625 0.40625 0.43125 0.40625
15 0 0.9979166671874999 0.9984375 0.9979166671874999 0.9984375 0.6416666671875 0.9890625 0.6416666671875 0.98125 0.6270833328125 0.9625 0.63125 0.9515625 0.6083333328125 0.9234375 0.5958333328125 0.903125 0.5375 0.840625 0.5416666671875 0.796875 0.5541666671875001 0.7875 0.53125 0.7765625 0.525 0.7265625 0.53125 0.671875 0.525 0.6609375 0.525 0.6390625 0.5416666671875 0.559375 0.5416666671875 0.5359375 0.55625 0.48125 0.5541666671875001 0.3765625 0.5708333328124999 0.353125 0.5791666671875 0.353125 0.5916666671875 0.334375 0.6083333328125 0.31875 0.6083333328125 0.3109375 0.5854166671875001 0.25625 0.5875 0.2578125 0.6041666671875 0.2484375 0.6145833328125 0.228125 0.6083333328125 0.2203125 0.5875 0.184375 0.5875 0.1796875 0.6 0.1640625 0.5895833328125 0.15 0.6166666671875001 0.11875 0.5979166671875 0.1140625 0.6041666671875 0.0875 0.6 0.0828125 0.6083333328125 0.0453125 0.6104166671875 0.0390625 0.6041666671875 0.0390625 0.6291666671875 0.05625 0.6916666671875 0.090625 0.70625 0.0984375 0.7229166671875 0.125 0.725 0.1359375 0.74375 0.1359375 0.75625 0.125 0.7729166671875001 0.0921875 0.7875 0.028125 0.80625 0 0.8041666671875 0 0.9979166671874999
10 0 0.6916666671875 0.0109375 0.7291666671875 0.0078125 0.7895833328124999 0.0234375 0.7979166671875 0.1140625 0.7708333328125 0.13125 0.7541666671875 0.125 0.7354166671875 0.09375 0.7333333328125 0.0875 0.7166666671875 0.059375 0.7125 0.053125 0.7041666671875 0.034375 0.6375 0.0234375 0.5375 0.015625 0.51875 0.01875 0.4895833328125 0.0125 0.47083333281249995 0.0125 0.43541666718750005 0.009375 0.41875 0.0015625 0.4125 0 0.4125 0 0.6916666671875
10 0.0765625 0.5020833328125 0.075 0.4604166671875 0.0625 0.4604166671875 0.0546875 0.46875 0.0625 0.49791666718750005 0.0640625 0.54375 0.0765625 0.5020833328125
10 0 0.3604166671875 0.0109375 0.3791666671875 0.0140625 0.4125 0.046875 0.4125 0.0546875 0.4270833328125 0.071875 0.4270833328125 0.0640625 0.3916666671875 0.071875 0.3875 0.0828125 0.31875 0.0765625 0.29375 0.0515625 0.275 0.0515625 0.24375 0.04375 0.22291666718749997 0.0359375 0.22291666718749997 0.0234375 0.23125 0.028125 0.27291666718749996 0 0.29375 0 0.3604166671875
12 0.9171875 0.40416666718750005 0.909375 0.4270833328125 0.915625 0.43958333281249995 0.91875 0.55625 0.9265625 0.5729166671875 0.9765625 0.6041666671875 0.9890625 0.6229166671875 0.9984375 0.6229166671875 0.9984375 0.22916666718749998 0.996875 0.22916666718749998 0.9578125 0.2791666671875 0.925 0.3083333328125 0.915625 0.3416666671875 0.9171875 0.40416666718750005
4 0.4765625 0.4375 0.4484375 0.4458333328125 0.4046875 0.43333333281249997 0.3984375 0.43333333281249997 0.403125 0.5458333328125 0.4734375 0.5375 0.471875 0.44166666718750003 0.4765625 0.4375