16 1 0.07942708281250001 0.9951171875 0.07552083281250001 0.8759765625 0.078125 0.677734375 0.3111979171875 0.6796875 0.6028645828125 0.677734375 0.6653645828125 0.66796875 0.6705729171875 0.66796875 0.71484375 0.8603515625 0.9895833328125001 0.896484375 0.99609375 1 0.9934895828125001 1 0.07942708281250001
7 0.71875 0 0.7171875 0.054166667187499996 0.6828125 0.075 0.678125 0.0958333328125 0.6859375 0.10625 0.7390625 0.10625 0.759375 0.0958333328125 0.765625 0.08333333281250001 0.759375 0.0645833328125 0.721875 0.054166667187499996 0.725 0 0.71875 0
7 0.6796875 0.1 0.703125 0.11041666718750001 0.7515625 0.1020833328125 0.765625 0.08333333281250001 0.7578125 0.0645833328125 0.7453125 0.058333332812500006 0.73671875 0.058333332812500006 0.7109375 0.058333332812500006 0.6859375 0.07083333281250001 0.678125 0.08541666718749999 0.6796875 0.1
10 0.216796875 0.52734375 0.212890625 0.4075520828125 0.220703125 0.3502604171875 0.20703125 0.3346354171875 0.2041015625 0.3072916671875 0.193359375 0.3111979171875 0.19140625 0.3372395828125 0.1796875 0.3450520828125 0.171875 0.3841145828125 0.181640625 0.40234375 0.185546875 0.5377604171875 0.169921875 0.5559895828125 0.1953125 0.55859375 0.2001953125 0.4947916671875 0.2041015625 0.5572916671875 0.21484375 0.5533854171875 0.216796875 0.52734375
7 0.234375 0.3166666671875 0.2171875 0.325 0.2515625 0.3291666671875 0.2453125 0.3166666671875 0.234375 0.3166666671875
7 0.078125 0.1416666671875 0.0625 0.1354166671875 0.05234375 0.1354166671875 0.0390625 0.1375 0.040625 0.15625 0.0796875 0.15625 0.078125 0.1416666671875
7 0.671875 0.20208333281250002 0.696875 0.19375 0.696875 0.1770833328125 0.68125 0.16875 0.6734375 0.16875 0.6453125 0.175 0.6390625 0.18125 0.6390625 0.19583333281249998 0.671875 0.20208333281250002
7 0.1328125 0.2825520828125 0.1298828125 0.2708333328125 0.091796875 0.2721354171875 0.1025390625 0.2838541671875 0.1328125 0.2825520828125
7 0.146875 0.2520833328125 0.1421875 0.2520833328125 0.1375 0.2625 0.153125 0.2645833328125 0.1546875 0.25625 0.146875 0.2520833328125
7 0.4125 0.1125 0.4484375 0.11041666718750001 0.4609375 0.0979166671875 0.4609375 0.08541666718749999 0.4390625 0.0666666671875 0.4291666671875 0.0666666671875 0.4015625 0.06875 0.384375 0.08333333281250001 0.3796875 0.0979166671875 0.4125 0.1125
10 0.345703125 0.55078125 0.345703125 0.50390625 0.357421875 0.4700520828125 0.36328125 0.4075520828125 0.376953125 0.3528645828125 0.375 0.23046875 0.36328125 0.1705729171875 0.361328125 0.1158854171875 0.3359375 0.07682291718749999 0.341796875 0.05859375 0.337890625 0.0013020828125 0.2880859375 0 0.29296875 0.05859375 0.263671875 0.1002604171875 0.244140625 0.14453125 0.24609375 0.24609375 0.263671875 0.2981770828125 0.26171875 0.3450520828125 0.271484375 0.3971354171875 0.271484375 0.4622395828125 0.259765625 0.5299479171875 0.263671875 0.6263020828125 0.2578125 0.6549479171875 0.2822265625 0.6588541671875 0.3056640625 0.6510416671875 0.3134765625 0.6666666671875 0.337890625 0.6653645828125 0.38671875 0.6575520828125 0.3837890625 0.6458333328125 0.349609375 0.62109375 0.345703125 0.55078125
7 0.189453125 0.3059895828125 0.2041015625 0.3020833328125 0.205078125 0.2955729171875 0.17578125 0.2955729171875 0.189453125 0.3059895828125
7 0.25625 0.3 0.24375 0.3 0.240625 0.30625 0.2453125 0.3104166671875 0.25625 0.3104166671875 0.25625 0.3
14 0.14453125 0.38671875 0.14453125 0.3606770828125 0.0009765625 0.3489583328125 0 0.42578125 0.0146484375 0.4296875 0.0166015625 0.4375 0.05859375 0.4440104171875 0.056640625 0.62890625 0.0615234375 0.6380208328125 0.072265625 0.6263020828125 0.07421875 0.4518229171875 0.0810546875 0.4583333328125 0.0849609375 0.4505208328125 0.0869140625 0.4583333328125 0.0947265625 0.4453125 0.09765625 0.44921875 0.099609375 0.68359375 0.107421875 0.6888020828125 0.1162109375 0.6875 0.119140625 0.6783854171875 0.1171875 0.3997395828125 0.14453125 0.38671875
7 0.0859375 0.22265625 0.0966796875 0.23697916718749998 0.1328125 0.23828125 0.138671875 0.22786458281250002 0.1279296875 0.21875 0.0986328125 0.21614583281250002 0.0859375 0.22265625
7 0.17578125 0.31640625 0.1708984375 0.3046875 0.1484375 0.30859375 0.1533203125 0.3177083328125 0.17578125 0.31640625
15 0.6640625 0.58984375 0.5732421875 0.5364583328125 0.5654296875 0.5234375 0.4873046875 0.5182291671875 0.3759765625 0.53125 0.376953125 0.5611979171875 0.3896484375 0.5833333328125 0.4033203125 0.5859375 0.41796875 0.6158854171875 0.4052734375 0.6276041671875 0.3779296875 0.6302083328125 0.390625 0.6471354171875 0.390625 0.6575520828125 0.3662109375 0.6692708328125 0.3115234375 0.671875 0.3017578125 0.6588541671875 0.2568359375 0.6640625 0.2578125 0.55078125 0.2373046875 0.5416666671875 0.2216796875 0.5442708328125 0.2099609375 0.5625 0.1416015625 0.5598958328125 0.138671875 0.58203125 0.123046875 0.5924479171875 0.123046875 0.66796875 0.1162109375 0.6953125 0.09765625 0.6940104171875 0.0927734375 0.5885416671875 0.078125 0.58984375 0.078125 0.6236979171875 0.0654296875 0.6432291671875 0.0517578125 0.6302083328125 0.0224609375 0.6276041671875 0.0166015625 0.6432291671875 0 0.64453125 0.0009765625 0.9947916671874999 0.84765625 0.99609375 0.85546875 0.9908854171874999 0.83984375 0.96484375 0.666015625 0.7200520828125 0.6640625 0.58984375
5 0.373046875 0.3971354171875 0.384765625 0.40234375 0.38671875 0.4466145828125 0.4052734375 0.4453125 0.40625 0.4309895828125 0.4267578125 0.4036458328125 0.435546875 0.4309895828125 0.43359375 0.5169270828125 0.46875 0.5169270828125 0.537109375 0.51171875 0.5390625 0.3424479171875 0.3818359375 0.3385416671875 0.373046875 0.3971354171875
10 0.40625 0.44921875 0.4140625 0.4622395828125 0.41796875 0.51953125 0.431640625 0.51953125 0.435546875 0.4309895828125 0.4267578125 0.4036458328125 0.41015625 0.42578125 0.40625 0.44921875
10 0.3046875 0.6002604171875 0.310546875 0.58203125 0.3017578125 0.5260416671875 0.296875 0.5690104171875 0.3046875 0.6002604171875
10 0.3603515625 0.4635416671875 0.34765625 0.4934895828125 0.345703125 0.51953125 0.34765625 0.55078125 0.3671875 0.59765625 0.365234375 0.6184895828125 0.41015625 0.62109375 0.4140625 0.6080729171875 0.3857421875 0.5911458328125 0.373046875 0.5611979171875 0.3603515625 0.4635416671875
10 0.58203125 0.4231770828125 0.58203125 0.4153645828125 0.5791015625 0.4114583328125 0.57421875 0.4153645828125 0.57421875 0.4283854171875 0.5712890625 0.4296875 0.564453125 0.44140625 0.564453125 0.45703125 0.56640625 0.4596354171875 0.56640625 0.48828125 0.5703125 0.4986979171875 0.5703125 0.5221354171875 0.576171875 0.5221354171875 0.576171875 0.4544270828125 0.58984375 0.4440104171875 0.58984375 0.4309895828125 0.58203125 0.4231770828125
14 0.177734375 0.41796875 0.1357421875 0.4140625 0.1318359375 0.4270833328125 0.123046875 0.4283854171875 0.12890625 0.5091145828125 0.12109375 0.5455729171875 0.1298828125 0.5546875 0.16796875 0.5533854171875 0.177734375 0.5403645828125 0.166015625 0.5091145828125 0.1640625 0.46484375 0.177734375 0.41796875
14 0.5595703125 0.3411458328125 0.560546875 0.3815104171875 0.580078125 0.3841145828125 0.6337890625 0.3828125 0.63671875 0.36328125 0.6162109375 0.3411458328125 0.5595703125 0.3411458328125
5 0.49609375 0.0013020828125 0.5029296875 0.1432291671875 0.775390625 0.1419270828125 0.8154296875 0.140625 0.818359375 0.1341145828125 0.8154296875 0 0.49609375 0.0013020828125