5 0.7109375 0.43203125 0.1 0.19375
5 0.66484375 0.43359375 0.1953125 0.2
15 0.49921875 0.75859375 0.9953125 0.475
7 0.9734375 0.040625 0.05 0.06484375
7 0.271875 0.125 0.05 0.02890625
7 0.0703125 0.12890625 0.021875 0.03359375
7 0.33046875 0.271875 0.0421875 0.01875
7 0.6484375 0.06015625 0.090625 0.05859375
7 0.628125 0.36328125 0.015625 0.02265625
7 0.925 0.16328125 0.075 0.03984375
7 0.36015625 0.25234375 0.0203125 0.0125
7 0.44453125 0.321875 0.0328125 0.01484375
7 0.18359375 0.221875 0.0515625 0.05625
7 0.01015625 0.05078125 0.0203125 0.02734375
7 0.32734375 0.21875 0.0546875 0.025
7 0.37421875 0.31015625 0.0203125 0.0125
7 0.4078125 0.29375 0.01875 0.0125
7 0.66328125 0.17734375 0.0671875 0.03359375
7 0.459375 0.30078125 0.015625 0.01015625
10 0.040625 0.35390625 0.08125 0.5125
10 0.384375 0.425 0.0625 0.275
10 0.45078125 0.4625 0.0359375 0.15859375
10 0.5921875 0.471875 0.025 0.13515625
10 0.56796875 0.47109375 0.0328125 0.14140625