7 0.6453125 0.08333333281250001 0.678125 0.08333333281250001 0.7109375 0.07083333281250001 0.7140625 0.0395833328125 0.7046875 0.029166667187500002 0.68125 0.0229166671875 0.6734375 0.0229166671875 0.634375 0.0354166671875 0.6234375 0.054166667187499996 0.6234375 0.06875 0.6453125 0.08333333281250001
7 0.340625 0.075 0.371875 0.07083333281250001 0.3828125 0.060416667187499995 0.3828125 0.0395833328125 0.3765625 0.03125 0.340625 0.014583332812499999 0.334375 0.014583332812499999 0.3015625 0.025 0.2921875 0.0416666671875 0.29375 0.060416667187499995 0.340625 0.075
16 0.765625 0 0.7203125 0.06875 0.725 0.8854166671874999 0.740625 0.925 0.7640625 0.9479166671874999 0.7640625 0.9604166671875 0.771875 0.9625 0.7671875 0.9708333328125001 0.7734375 0.98125 0.796875 0.9979166671874999 0.9984375 0.9979166671874999 0.9984375 0 0.9904094828125001 0 0.765625 0
7 0.9125 0.5104166671875 0.928125 0.5104166671875 0.934375 0.5 0.9359375 0.3583333328125 0.921875 0.3583333328125 0.9046875 0.36666666718749996 0.8984375 0.3791666671875 0.90625 0.5041666671875 0.9125 0.5104166671875
5 0.3609375 0.4375 0.353125 0.45625 0.359375 0.51875 0.4703125 0.5104166671875 0.4703125 0.3333333328125 0.46193181875 0.3333333328125 0.378125 0.3333333328125 0.3765625 0.3791666671875 0.340625 0.3916666671875 0.3609375 0.4375
10 0.3375 0.51875 0.3453125 0.49791666718750005 0.353125 0.5208333328125 0.35 0.45625 0.359375 0.4375 0.3375 0.39791666718749996 0.3359375 0.39791666718749996 0.33125 0.40208333281249997 0.33125 0.48125 0.3375 0.49375 0.3375 0.51875
7 0.3375 0.34375 0.3375 0.3541666671875 0.353125 0.36666666718749996 0.3421875 0.34375 0.3375 0.34375
10 0.5109375 0.5208333328125 0.5140625 0.44375 0.525 0.43125 0.5078125 0.425 0.50625 0.41041666718750003 0.5046875 0.40833333281249995 0.490625 0.43541666718750005 0.4953125 0.5208333328125 0.5015625 0.5270833328125 0.5109375 0.5208333328125
10 0.2015625 0.4270833328125 0.20625 0.4791666671875 0.2 0.5416666671875 0.2125 0.525 0.215625 0.54375 0.2296875 0.5479166671875 0.2375 0.4291666671875 0.215625 0.3729166671875 0.2125 0.3729166671875 0.196875 0.40833333281249995 0.2 0.425 0.1921875 0.4291666671875 0.2015625 0.4270833328125
15 0 0.9979166671874999 0.7796875 0.9979166671874999 0.71875 0.9020833328125001 0.71875 0.6145833328125 0.70625 0.6083333328125 0.71875 0.60625 0.71875 0.5979166671875 0.7015625 0.59375 0.7 0.6083333328125 0.6953125 0.59375 0.6640625 0.59375 0.65625 0.5958333328125 0.6546875 0.6083333328125 0.6203125 0.6104166671875 0.525 0.5479166671875 0.5015625 0.5541666671875001 0.496875 0.53125 0.48125 0.5375 0.465625 0.5229166671875001 0.4328125 0.525 0.43125 0.5229166671875001 0.4265625 0.53125 0.34375 0.53125 0.2890625 0.5395833328124999 0.2859375 0.5458333328125 0.24375 0.5458333328125 0.23125 0.5625 0.215625 0.5625 0.196875 0.55 0.184375 0.5625 0.1265625 0.5625 0.1265625 0.6395833328125 0.1375 0.6395833328125 0.1421875 0.6541666671875 0.15625 0.6604166671875 0.1515625 0.7125 0.14375 0.7208333328125 0.1265625 0.7208333328125 0.1265625 0.73125 0.140625 0.7458333328125 0.1703125 0.7479166671875 0.18125 0.75625 0.184375 0.7791666671875 0.1546875 0.8041666671875 0.040625 0.81875 0.0203125 0.8125 0.00625 0.7875 0 0.7875 0 0.9979166671874999
10 0 0 0 0.7770833328125 0.01875 0.7708333328125 0.015625 0.79375 0.0328125 0.8041666671875 0.13125 0.7979166671875 0.1640625 0.7875 0.1796875 0.7708333328125 0.1734375 0.7583333328124999 0.1296875 0.7479166671875 0.1015625 0.71875 0.090625 0.6666666671875 0.0984375 0.54375 0.1078125 0.49375 0.1203125 0.46666666718750005 0.121875 0.3729166671875 0.1359375 0.2854166671875 0.1375 0.22916666718749998 0.11875 0.1729166671875 0.09375 0.0208333328125 0.096875 0.0125 0.10625 0.01875 0.10625 0.00625 0.0984375 0 0.0953125 0.014583332812499999 0.0890625 0 0.080965909375 0 0 0
10 0.121875 0 0.1109375 0.0166666671875 0.121875 0.1145833328125 0.1203125 0.16875 0.140625 0.23125 0.140625 0.2625 0.1234375 0.375 0.121875 0.46666666718750005 0.109375 0.4916666671875 0.103125 0.5333333328125 0.1015625 0.6520833328125 0.09375 0.66875 0.0984375 0.6854166671875 0.1078125 0.6895833328125 0.103125 0.7083333328125 0.1265625 0.7 0.125 0.7083333328125 0.1328125 0.70625 0.1390625 0.7020833328125 0.1359375 0.6916666671875 0.15 0.6791666671875001 0.15 0.66875 0.134375 0.6645833328124999 0.1140625 0.6458333328125 0.115625 0.5479166671875 0.1328125 0.53125 0.184375 0.5375 0.1890625 0.5291666671875 0.1515625 0.27291666718749996 0.16875 0.25625 0.1921875 0.2770833328125 0.2015625 0.2625 0.2078125 0.21875 0.215625 0.20416666718749998 0.1859375 0.1604166671875 0.1671875 0.0479166671875 0.146875 0 0.1385416671875 0 0.121875 0
7 0.628125 0.1854166671875 0.6421875 0.175 0.6375 0.1583333328125 0.6171875 0.1520833328125 0.6109375 0.1520833328125 0.58125 0.1625 0.578125 0.1770833328125 0.6 0.1895833328125 0.628125 0.1854166671875