1 0.509375 0.20833333281250002 0.496875 0.20833333281250002 0.496875 0.58125 0.5984375 0.5708333328124999 0.5953125 0.2166666671875 0.509375 0.20833333281250002
11 0 0 0 0.625 0.0046875 0.63125 0.0546875 0.6333333328124999 0.0640625 0.6229166671875 0.06875 0.6270833328125 0.0734375 0.6145833328125 0.06875 0.5479166671875 0.06875 0 0.06015625 0 0 0
1 0.60625 0.4770833328125 0.6140625 0.4916666671875 0.615625 0.56875 0.696875 0.5729166671875 0.7015625 0.5666666671875 0.7015625 0.5166666671875 0.6828125 0.5166666671875 0.678125 0.5083333328124999 0.6828125 0.4 0.6765625 0.3645833328125 0.6828125 0.33125 0.703125 0.3083333328125 0.7078125 0.28125 0.721875 0.2625 0.71875 0.21875 0.709375 0.21875 0.615625 0.2270833328125 0.6171875 0.425 0.615625 0.46666666718750005 0.60625 0.4770833328125
10 0.678125 0.3604166671875 0.6859375 0.41041666718750003 0.6796875 0.5083333328124999 0.6828125 0.5145833328125 0.703125 0.5145833328125 0.703125 0.575 0.715625 0.58125 0.725 0.58125 0.740625 0.5645833328125 0.740625 0.45 0.728125 0.375 0.734375 0.3375 0.725 0.2666666671875 0.71875 0.2666666671875 0.7078125 0.2833333328125 0.7046875 0.3083333328125 0.684375 0.33125 0.678125 0.3604166671875
10 0.25625 0.3583333328125 0.2734375 0.3791666671875 0.2703125 0.42083333281249996 0.2796875 0.4270833328125 0.2828125 0.45 0.2875 0.45 0.2828125 0.46458333281249997 0.2921875 0.46875 0.29375 0.48541666718750004 0.30625 0.4895833328125 0.309375 0.5041666671875 0.3078125 0.5395833328124999 0.2984375 0.5479166671875 0.3078125 0.5583333328125 0.29375 0.5625 0.2890625 0.59375 0.3125 0.5895833328125 0.309375 0.51875 0.315625 0.475 0.3265625 0.4875 0.3234375 0.5895833328125 0.35625 0.59375 0.3609375 0.5895833328125 0.35 0.5770833328125 0.3421875 0.54375 0.3484375 0.41875 0.3328125 0.3770833328125 0.3359375 0.2875 0.3265625 0.2708333328125 0.325 0.225 0.3109375 0.2104166671875 0.30625 0.2104166671875 0.29375 0.225 0.29375 0.2625 0.265625 0.2958333328125 0.25625 0.3583333328125
1 0.290625 0.5604166671875 0.2625 0.5479166671875 0.25625 0.5479166671875 0.253125 0.5854166671875001 0.2796875 0.5875 0.2828125 0.5958333328125 0.290625 0.5604166671875
1 0.278125 0.43125 0.26875 0.42083333281249996 0.2703125 0.3791666671875 0.25625 0.3604166671875 0.2578125 0.31875 0.26875 0.2875 0.2921875 0.2625 0.29375 0.2208333328125 0.30625 0.20833333281250002 0.3265625 0.21875 0.325 0.1770833328125 0.28125 0.1583333328125 0.27291666718749996 0.1583333328125 0.2515625 0.1625 0.2546875 0.5166666671875 0.278125 0.4479166671875 0.278125 0.43125
10 0.39375 0.30416666718749996 0.3921875 0.3604166671875 0.4015625 0.40625 0.3984375 0.43958333281249995 0.4078125 0.48333333281249996 0.4109375 0.5479166671875 0.40625 0.5916666671875 0.44375 0.5791666671875 0.421875 0.5729166671875 0.434375 0.46666666718750005 0.4453125 0.5 0.4515625 0.5916666671875 0.4640625 0.59375 0.46875 0.58125 0.4625 0.56875 0.4625 0.48541666718750004 0.4703125 0.43333333281249997 0.4671875 0.40625 0.475 0.30625 0.46875 0.28125 0.44375 0.2541666671875 0.4453125 0.2125 0.434375 0.2 0.428125 0.2 0.4140625 0.21458333281250003 0.421875 0.25625 0.4 0.2770833328125 0.39375 0.30416666718749996
14 0.775 0.4604166671875 0.771875 0.5270833328125 0.7515625 0.575 0.765625 0.5833333328125 0.790625 0.5770833328125 0.8578125 0.5833333328125 0.8390625 0.5416666671875 0.8296875 0.4916666671875 0.8328125 0.42083333281249996 0.853125 0.3708333328125 0.8453125 0.35625 0.84375 0.35625 0.7515625 0.3708333328125 0.75 0.3791666671875 0.76875 0.4125 0.775 0.4604166671875
10 0.8390625 0.43958333281249995 0.8375 0.43958333281249995 0.8328125 0.45416666718750004 0.8359375 0.49791666718750005 0.8421875 0.45625 0.8390625 0.43958333281249995
10 0.8453125 0.35208333281250004 0.8453125 0.3395833328125 0.8234375 0.3104166671875 0.81875 0.28125 0.8109375 0.2708333328125 0.803125 0.2708333328125 0.79375 0.28125 0.790625 0.32083333281250004 0.778125 0.3604166671875 0.8453125 0.35208333281250004
10 0.8734375 0.25625 0.8671875 0.2770833328125 0.8671875 0.3020833328125 0.88125 0.3333333328125 0.88125 0.3708333328125 0.871875 0.5604166671875 0.8609375 0.575 0.871875 0.575 0.878125 0.59375 0.8875 0.5916666671875 0.9 0.4875 0.915625 0.4291666671875 0.9265625 0.4791666671875 0.934375 0.5916666671875 0.9671875 0.5958333328125 0.9734375 0.5854166671875001 0.953125 0.5520833328125 0.9546875 0.4291666671875 0.9484375 0.3791666671875 0.953125 0.36666666718749996 0.946875 0.3333333328125 0.9625 0.3020833328125 0.9625 0.2833333328125 0.953125 0.24583333281250003 0.9359375 0.2375 0.9234375 0.21458333281250003 0.9328125 0.1895833328125 0.9203125 0.1770833328125 0.9109375 0.1770833328125 0.9 0.19375 0.90625 0.2125 0.9046875 0.23541666718749998 0.8734375 0.25625
1 0.9578125 0.4291666671875 0.9546875 0.55 0.9609375 0.56875 0.965625 0.5645833328125 0.9625 0.3020833328125 0.9625 0.2958333328125 0.9515625 0.3291666671875 0.9609375 0.3583333328125 0.953125 0.3770833328125 0.9578125 0.4291666671875
1 0.9296875 0.5729166671875 0.9234375 0.5354166671875 0.928125 0.5166666671875 0.91875 0.4375 0.9109375 0.4375 0.9 0.49583333281249997 0.8953125 0.56875 0.925 0.5770833328125 0.9296875 0.5729166671875
1 0.90625 0.2166666671875 0.91875 0.21875 0.9546875 0.24583333281250003 0.9625 0.2875 0.965625 0.175 0.9625 0.1666666671875 0.9484375 0.1625 0.9401041671874999 0.1625 0.8828125 0.1729166671875 0.8828125 0.24375 0.9046875 0.23541666718749998 0.90625 0.2166666671875