15 0 0.9979166671874999 0.89375 0.9979166671874999 0.890625 0.6041666671875 0.8640625 0.6041666671875 0.85625 0.6208333328125 0.8484375 0.6208333328125 0.8453125 0.60625 0.8328125 0.6208333328125 0.8265625 0.6145833328125 0.8125 0.6208333328125 0.759375 0.6145833328125 0.6890625 0.61875 0.5953125 0.56875 0.575 0.55 0.559375 0.54375 0.5484375 0.5541666671875001 0.5421875 0.53125 0.5109375 0.5208333328125 0.5015625 0.5208333328125 0.2890625 0.5395833328124999 0.278125 0.5541666671875001 0.2515625 0.5520833328125 0.24375 0.54375 0.228125 0.5520833328125 0.165625 0.55 0.1578125 0.6291666671875 0.1640625 0.6875 0.1578125 0.71875 0.1609375 0.7291666671875 0.18125 0.725 0.1875 0.73125 0.16875 0.7395833328125 0.196875 0.76875 0.2015625 0.78125 0.1984375 0.8020833328125001 0.153125 0.8291666671875 0.090625 0.8416666671874999 0.0703125 0.8416666671874999 0.0609375 0.8291666671875 0.0609375 0.8125 0.0515625 0.8041666671875 0 0.8166666671874999 0 0.9979166671874999
7 0.4125 0.1770833328125 0.4484375 0.1708333328125 0.446875 0.15 0.4203125 0.14375 0.41197916718750005 0.14375 0.3875 0.1458333328125 0.38125 0.1604166671875 0.3890625 0.1708333328125 0.4125 0.1770833328125
7 0.646875 0.1770833328125 0.690625 0.1708333328125 0.696875 0.1541666671875 0.6828125 0.1416666671875 0.6729166671875 0.1416666671875 0.640625 0.1458333328125 0.63125 0.15625 0.63125 0.16875 0.646875 0.1770833328125
4 0.3578125 0.5208333328125 0.359375 0.47083333281249995 0.3484375 0.4625 0.3390625 0.4625 0.3171875 0.46666666718750005 0.3171875 0.5041666671875 0.33125 0.5291666671875 0.3578125 0.5208333328125
10 0.3875 0.48541666718750004 0.390625 0.4895833328125 0.4 0.5208333328125 0.396875 0.45208333281249996 0.4046875 0.4375 0.3875 0.39375 0.384375 0.39375 0.3765625 0.41875 0.378125 0.48541666718750004 0.3828125 0.49791666718750005 0.3875 0.48541666718750004
7 0.390625 0.3395833328125 0.3859375 0.3395833328125 0.384375 0.3479166671875 0.4015625 0.3645833328125 0.4015625 0.3541666671875 0.390625 0.3395833328125
7 0.2796875 0.1166666671875 0.25625 0.1 0.2546875 0.0979166671875 0.246875 0.10625 0.253125 0.1354166671875 0.259375 0.1395833328125 0.2796875 0.1166666671875
10 0.2421875 0.49375 0.2359375 0.5354166671875 0.2421875 0.5354166671875 0.2515625 0.5166666671875 0.2546875 0.48333333281249996 0.2625 0.5354166671875 0.2765625 0.5416666671875 0.265625 0.4375 0.271875 0.4 0.25625 0.3625 0.2515625 0.3625 0.2328125 0.3958333328125 0.2390625 0.40833333281249995 0.2359375 0.4458333328125 0.2421875 0.49375
10 0 0 0 0.5104166671875 0.009375 0.4916666671875 0.0109375 0.43958333281249995 0.0484375 0.3229166671875 0.0609375 0.35208333281250004 0.084375 0.46458333281249997 0.0765625 0.575 0.0765625 0.6541666671875 0.0828125 0.69375 0.075 0.7270833328124999 0.0828125 0.76875 0.0703125 0.8166666671874999 0.0703125 0.825 0.08125 0.83125 0.153125 0.81875 0.184375 0.80625 0.1953125 0.79375 0.1921875 0.7729166671875001 0.153125 0.7375 0.15 0.7041666671875 0.1578125 0.5083333328124999 0.1671875 0.4479166671875 0.16875 0.2979166671875 0.175 0.2833333328125 0.1796875 0.21875 0.1734375 0.1875 0.1765625 0.0125 0.1640625 0 0.15625 0 0 0
12 0.66875 0.3854166671875 0.64375 0.40416666718750005 0.6375 0.39791666718749996 0.6 0.43333333281249997 0.5703125 0.44166666718750003 0.5625 0.45625 0.565625 0.4791666671875 0.559375 0.48541666718750004 0.5578125 0.53125 0.5796875 0.5520833328125 0.6734375 0.6 0.7046875 0.5895833328125 0.8921875 0.5958333328125 0.8953125 0.3875 0.8609375 0.38125 0.8515625 0.3875 0.85 0.3770833328125 0.846875 0.3770833328125 0.8453125 0.3854166671875 0.7671875 0.38125 0.7140625 0.3916666671875 0.66875 0.3854166671875
10 0.5578125 0.4479166671875 0.5640625 0.44375 0.553125 0.40625 0.5515625 0.40625 0.534375 0.43541666718750005 0.5484375 0.5270833328125 0.55625 0.51875 0.5578125 0.4479166671875
14 0.1734375 0.54375 0.2296875 0.5395833328124999 0.21875 0.49791666718750005 0.221875 0.4583333328125 0.2359375 0.45208333281249996 0.228125 0.425 0.2203125 0.425 0.18125 0.425 0.175 0.43125 0.1859375 0.46458333281249997 0.1734375 0.54375
10 0.1703125 0.36875 0.16875 0.43125 0.18125 0.40416666718750005 0.1734375 0.36875 0.1703125 0.36875
10 0.2234375 0.42291666718750004 0.215625 0.3770833328125 0.2125 0.3770833328125 0.2078125 0.3958333328125 0.1921875 0.40625 0.1890625 0.42291666718750004 0.2234375 0.42291666718750004
14 0.315625 0.49791666718750005 0.3203125 0.44375 0.3171875 0.44375 0.296875 0.4791666671875 0.2828125 0.5333333328125 0.3265625 0.53125 0.315625 0.49791666718750005
10 0.3046875 0.39375 0.303125 0.39375 0.290625 0.43125 0.30625 0.4583333328125 0.31875 0.4291666671875 0.3046875 0.39375
10 0.3296875 0.4625 0.3328125 0.4375 0.325 0.41041666718750003 0.31875 0.41041666718750003 0.3203125 0.4375 0.3265625 0.44166666718750003 0.3234375 0.45416666718750004 0.3296875 0.4625
7 0.35 0.05625 0.36875 0.060416667187499995 0.4109375 0.060416667187499995 0.4265625 0.05208333281250001 0.43125 0.0416666671875 0.428125 0.025 0.3953125 0.00625 0.38515625 0.00625 0.359375 0.0083333328125 0.34375 0.01875 0.3375 0.04375 0.35 0.05625
7 0.696875 0.0625 0.728125 0.0645833328125 0.759375 0.05625 0.775 0.0416666671875 0.7765625 0.025 0.7703125 0.010416667187500001 0.7265625 0.0041666671875 0.725 0.0020833328125000002 0.690625 0.0166666671875 0.6796875 0.0354166671875 0.6796875 0.05 0.696875 0.0625