15 0.49921875 0.75390625 0.9953125 0.48359375
7 0.47578125 0.16015625 0.0359375 0.025
7 0.09296875 0.00859375 0.0640625 0.01640625
7 0.3453125 0.12578125 0.046875 0.03515625
7 0.29296875 0.16796875 0.0640625 0.03125
7 0.5109375 0.23671875 0.05 0.02265625
7 0.61015625 0.325 0.0359375 0.01640625
7 0.25 0.109375 0.034375 0.02265625
7 0.509375 0.25703125 0.05 0.06875
7 0.79140625 0.35859375 0.0203125 0.025
7 0.62578125 0.30625 0.0203125 0.0125
7 0.5375 0.26484375 0.021875 0.0125
7 0.57265625 0.30078125 0.0296875 0.01484375
7 0.50625 0.28203125 0.040625 0.01875
7 0.54609375 0.315625 0.0265625 0.01484375
14 0.43984375 0.5 0.3328125 0.40859375
10 0.31484375 0.38046875 0.0984375 0.39375