11 0.53515625 0.27734375 0.0484375 0.55390625
11 0.64140625 0.3875 0.0453125 0.28359375
18 0.371875 0.26875 0.2875 0.44140625
15 0.49921875 0.75859375 0.9953125 0.475
7 0.33359375 0.01015625 0.0953125 0.0203125
7 0.66875 0.01640625 0.09375 0.0328125
7 0.95 0.028125 0.015625 0.03125
7 0.80703125 0.29453125 0.0421875 0.01484375
10 0.58515625 0.41328125 0.0890625 0.30234375
10 0.0453125 0.34296875 0.090625 0.58984375
10 0.21953125 0.421875 0.0484375 0.24375
10 0.7328125 0.478125 0.028125 0.13984375
10 0.28671875 0.42734375 0.0828125 0.25