11 0.5171875 0.27578125 0.05 0.5515625
18 0.35078125 0.26796875 0.2921875 0.44375
15 0.49921875 0.75703125 0.9953125 0.47734375
7 0.3125 0.009375 0.09375 0.01875
7 0.93515625 0.03125 0.0171875 0.03359375
7 0.65234375 0.01796875 0.0953125 0.03515625
7 0.75625 0.24375 0.015625 0.01640625
7 0.7140625 0.46953125 0.015625 0.02734375
10 0.19375 0.425 0.053125 0.25390625
10 0.5640625 0.41171875 0.078125 0.30625
10 0.2640625 0.428125 0.08125 0.25625
10 0.7203125 0.47734375 0.034375 0.1375
10 0.02265625 0.3875 0.0453125 0.50390625