14 0.6484375 0.4361979171875 0.662109375 0.39453125 0.6025390625 0.390625 0.599609375 0.4309895828125 0.607421875 0.48046875 0.595703125 0.53515625 0.6005859375 0.546875 0.63671875 0.5559895828125 0.669921875 0.5533854171875 0.654296875 0.5247395828125 0.646484375 0.4934895828125 0.6484375 0.4361979171875
11 0.658203125 0.5247395828125 0.658203125 0.4544270828125 0.6513671875 0.4401041671875 0.646484375 0.4908854171875 0.658203125 0.5247395828125
18 0.73046875 0.4388020828125 0.73046875 0.34765625 0.736328125 0.3346354171875 0.7265625 0.3138020828125 0.9365234375 0.1875 0.939453125 0.1080729171875 0.9345703125 0.09635416718749999 0.5546875 0.08984375 0.556640625 0.30078125 0.56640625 0.2955729171875 0.5732421875 0.2760416671875 0.5869140625 0.2734375 0.59375 0.28515625 0.591796875 0.3059895828125 0.6083984375 0.3125 0.615234375 0.3059895828125 0.6181640625 0.2604166671875 0.6533203125 0.2604166671875 0.662109375 0.3138020828125 0.66015625 0.3736979171875 0.671875 0.4049479171875 0.671875 0.4127604171875 0.66015625 0.4205729171875 0.66015625 0.4830729171875 0.70703125 0.4856770828125 0.720703125 0.4830729171875 0.716796875 0.4674479171875 0.728515625 0.4544270828125 0.73046875 0.4388020828125
11 0.6513671875 0.2604166671875 0.6171875 0.2643229171875 0.6171875 0.3841145828125 0.62890625 0.38671875 0.6396484375 0.3776041671875 0.65625 0.3815104171875 0.65625 0.2669270828125 0.6513671875 0.2604166671875
11 0.5546875 0.3138020828125 0.552734375 0.0013020828125 0.5107421875 0 0.513671875 0.5247395828125 0.515625 0.54296875 0.5244140625 0.5520833328125 0.5546875 0.5533854171875 0.5546875 0.44140625 0.546875 0.41796875 0.546875 0.33203125 0.5546875 0.3138020828125
18 0.2431640625 0.3046875 0.2705078125 0.2994791671875 0.326171875 0.3059895828125 0.328125 0.3606770828125 0.341796875 0.3815104171875 0.328125 0.4466145828125 0.4404296875 0.453125 0.4541015625 0.4869791671875 0.509765625 0.4856770828125 0.509765625 0.08723958281250001 0.2353515625 0.07291666718749999 0.236328125 0.29296875 0.2431640625 0.3046875
18 0.4775390625 0.3177083328125 0.47265625 0.3268229171875 0.4697265625 0.4140625 0.4609375 0.3372395828125 0.46484375 0.31640625 0.4560546875 0.3151041671875 0.4501953125 0.328125 0.4482421875 0.3203125 0.4208984375 0.328125 0.3994140625 0.3203125 0.390625 0.3268229171875 0.3935546875 0.3333333328125 0.4501953125 0.3307291671875 0.455078125 0.3372395828125 0.4365234375 0.34375 0.3681640625 0.3411458328125 0.361328125 0.3841145828125 0.369140625 0.4127604171875 0.3583984375 0.4166666671875 0.3515625 0.3059895828125 0.509765625 0.3059895828125 0.5078125 0.08723958281250001 0.2373046875 0.07291666718749999 0.232421875 0.07942708281250001 0.232421875 0.17578125 0.23828125 0.2981770828125 0.328125 0.3059895828125 0.326171875 0.3606770828125 0.3359375 0.37890625 0.3291015625 0.4505208328125 0.4423828125 0.4557291671875 0.44921875 0.4856770828125 0.46484375 0.48828125 0.5107421875 0.4869791671875 0.513671875 0.48046875 0.51171875 0.32421875 0.4775390625 0.3177083328125
15 1 0.70703125 0.8798828125 0.6614583328125 0.8603515625 0.6614583328125 0.8466796875 0.6770833328125 0.8359375 0.66796875 0.8359375 0.6497395828125 0.8232421875 0.6354166671875 0.7705078125 0.6145833328125 0.76171875 0.6158854171875 0.759765625 0.64453125 0.7490234375 0.6484375 0.744140625 0.6106770828125 0.73046875 0.5924479171875 0.73046875 0.55859375 0.7109375 0.5455729171875 0.716796875 0.53515625 0.7138671875 0.5286458328125 0.6669921875 0.53125 0.671875 0.54296875 0.6689453125 0.5598958328125 0.6201171875 0.5598958328125 0.6083984375 0.5677083328125 0.5244140625 0.5572916671875 0.5107421875 0.53125 0.4541015625 0.53125 0.4462890625 0.5442708328125 0.4345703125 0.53125 0.3974609375 0.53125 0.388671875 0.5377604171875 0.3837890625 0.5572916671875 0.3740234375 0.5338541671875 0.3427734375 0.5338541671875 0.3359375 0.5377604171875 0.3369140625 0.5572916671875 0.3115234375 0.5625 0.2666015625 0.5625 0.2470703125 0.5364583328125 0.24609375 0.5533854171875 0.2392578125 0.5598958328125 0.2001953125 0.5572916671875 0.212890625 0.5638020828125 0.1787109375 0.5677083328125 0.1123046875 0.5911458328125 0.0869140625 0.6380208328125 0.0712890625 0.6380208328125 0.0615234375 0.6223958328125 0.0478515625 0.6223958328125 0.0400390625 0.6354166671875 0.0263671875 0.6354166671875 0.0205078125 0.6276041671875 0 0.6315104171875 0.0009765625 0.9973958328125001 1 0.99609375 1 0.70703125
7 0.2900390625 0 0.283203125 0.01171875 0.2880859375 0.0260416671875 0.3095703125 0.0390625 0.359375 0.0403645828125 0.380859375 0.0221354171875 0.3623046875 0 0.2900390625 0
7 0.6435546875 0 0.6240234375 0.010416667187500001 0.615234375 0.0247395828125 0.615234375 0.0377604171875 0.6279296875 0.0494791671875 0.673828125 0.05078125 0.6943359375 0.0442708328125 0.70703125 0.0299479171875 0.7001953125 0.0052083328125 0.6435546875 0
7 0.76953125 0.26171875 0.7705078125 0.24739583281250002 0.7578125 0.24869791718749998 0.7587890625 0.2604166671875 0.76953125 0.26171875
7 0.939453125 0.06119791718749999 0.94140625 0.0403645828125 0.9345703125 0.0338541671875 0.927734375 0.05078125 0.939453125 0.06119791718749999
10 0.59765625 0.38671875 0.60546875 0.3606770828125 0.587890625 0.30859375 0.591796875 0.28515625 0.5830078125 0.2734375 0.572265625 0.2825520828125 0.546875 0.3372395828125 0.546875 0.4153645828125 0.556640625 0.4466145828125 0.5546875 0.52734375 0.5634765625 0.5598958328125 0.611328125 0.5611979171875 0.615234375 0.5559895828125 0.595703125 0.5403645828125 0.603515625 0.4986979171875 0.59765625 0.38671875
10 0 0.3528645828125 0.0263671875 0.3645833328125 0.033203125 0.40234375 0.05859375 0.4153645828125 0.0556640625 0.4244791671875 0.041015625 0.4309895828125 0.041015625 0.4830729171875 0.06640625 0.62109375 0.0732421875 0.6302083328125 0.0859375 0.62890625 0.08203125 0.3919270828125 0.083984375 0.3658854171875 0.107421875 0.30859375 0.109375 0.27734375 0.08203125 0.1940104171875 0.046875 0.16796875 0.052734375 0.1106770828125 0.0419921875 0.09375 0.0205078125 0.09114583281250001 0.009765625 0.1080729171875 0.009765625 0.1731770828125 0 0.1809895828125 0 0.3528645828125
10 0.240234375 0.31640625 0.2275390625 0.3098958328125 0.208984375 0.3528645828125 0.208984375 0.43359375 0.2265625 0.55078125 0.240234375 0.5533854171875 0.244140625 0.5481770828125 0.236328125 0.5325520828125 0.251953125 0.38671875 0.240234375 0.31640625
10 0.298828125 0.3424479171875 0.296875 0.3190104171875 0.2841796875 0.3151041671875 0.283203125 0.3450520828125 0.2734375 0.35546875 0.271484375 0.39453125 0.26171875 0.40234375 0.2734375 0.4361979171875 0.27734375 0.47265625 0.27734375 0.5221354171875 0.26171875 0.5533854171875 0.3046875 0.5559895828125 0.337890625 0.55078125 0.318359375 0.5091145828125 0.33203125 0.37890625 0.298828125 0.3424479171875
14 0.4453125 0.5403645828125 0.4453125 0.4596354171875 0.3251953125 0.4557291671875 0.3203125 0.4622395828125 0.3291015625 0.46875 0.376953125 0.4700520828125 0.376953125 0.5299479171875 0.37890625 0.5455729171875 0.384765625 0.5481770828125 0.3896484375 0.46875 0.4365234375 0.46875 0.439453125 0.5299479171875 0.4453125 0.5403645828125
14 0 0.4440104171875 0.0205078125 0.4453125 0.0234375 0.4518229171875 0.025390625 0.6184895828125 0.0302734375 0.6302083328125 0.0390625 0.62890625 0.0390625 0.42578125 0.056640625 0.4153645828125 0.0009765625 0.4036458328125 0 0.4440104171875