11 0.20859375 0.39140625 0.0484375 0.34609375
5 0.553125 0.43203125 0.0625 0.17265625
12 0.89140625 0.47578125 0.2140625 0.28125
15 0.4984375 0.753125 0.996875 0.48515625
7 0.03828125 0.028125 0.0765625 0.05234375
7 0.5375 0.31328125 0.01875 0.03515625
7 0.69765625 0.35625 0.0140625 0.02890625
7 0.57890625 0.0375 0.0921875 0.0625
7 0.0921875 0.15859375 0.059375 0.03359375
7 0.21484375 0.20234375 0.0421875 0.02109375
7 0.92421875 0.02421875 0.1015625 0.04765625
7 0.11796875 0.11484375 0.0328125 0.02109375
7 0.290625 0.25390625 0.046875 0.02109375
7 0.17890625 0.23203125 0.0203125 0.01875
7 0.30078125 0.215625 0.0234375 0.01484375
7 0.64453125 0.228125 0.0171875 0.01484375
7 0.23515625 0.2625 0.0171875 0.0125
7 0.96015625 0.20546875 0.0234375 0.01875
7 0.7375 0.35859375 0.03125 0.0375
10 0.03515625 0.33125 0.0703125 0.60390625
10 0.34140625 0.42734375 0.0703125 0.24140625
10 0.1328125 0.42890625 0.040625 0.21640625
10 0.496875 0.440625 0.040625 0.18125
10 0.4625 0.44453125 0.0375 0.19765625
10 0.28515625 0.35625 0.0421875 0.05390625