5 0.15234375 0.303125 0.3046875 0.60625
5 0.23125 0.29453125 0.146875 0.5890625
6 0.225 0.41328125 0.078125 0.20625
15 0.49921875 0.75859375 0.9953125 0.475
7 0.58828125 0.02421875 0.0890625 0.04765625
7 0.7828125 0.16640625 0.034375 0.025
7 0.43125 0.06484375 0.05625 0.03359375
7 0.60078125 0.19609375 0.0578125 0.02890625
7 0.65625 0.15078125 0.053125 0.03125
7 0.92578125 0.321875 0.0421875 0.01875
7 0.81796875 0.2375 0.0515625 0.02109375
7 0.56484375 0.146875 0.0296875 0.01875
7 0.8125 0.284375 0.04375 0.01875
7 0.88359375 0.29921875 0.0328125 0.01484375
7 0.84375 0.26328125 0.025 0.01484375
7 0.853125 0.315625 0.03125 0.01484375
7 0.94453125 0.30078125 0.0234375 0.01484375
10 0.62734375 0.39453125 0.0921875 0.36015625