10 0.840625 0.4916666671875 0.8296875 0.5375 0.8359375 0.55 0.846875 0.5479166671875 0.859375 0.49583333281249997 0.8765625 0.4604166671875 0.8953125 0.55 0.9140625 0.5541666671875001 0.921875 0.5479166671875 0.9140625 0.5395833328124999 0.9078125 0.49791666718750005 0.9015625 0.375 0.8859375 0.3291666671875 0.8875 0.30416666718749996 0.88125 0.2854166671875 0.878125 0.2854166671875 0.86875 0.3 0.8703125 0.31875 0.84375 0.34375 0.840625 0.4916666671875
5 0.5015625 0.2854166671875 0.5046875 0.36875 0.5171875 0.36666666718749996 0.5203125 0.3291666671875 0.5046875 0.3020833328125 0.50625 0.2875 0.515625 0.2770833328125 0.534375 0.28958333281250004 0.5375 0.3083333328125 0.5515625 0.3270833328125 0.5515625 0.45416666718750004 0.5546875 0.46666666718750005 0.5640625 0.4583333328125 0.5734375 0.48125 0.575 0.53125 0.5953125 0.5229166671875001 0.746875 0.5229166671875001 0.75 0.5166666671875 0.8328125 0.5125 0.840625 0.3395833328125 0.8453125 0.3291666671875 0.84375 0.1458333328125 0.81875 0.14375 0.8171875 0.1416666671875 0.746875 0.1583333328125 0.484375 0.1916666671875 0.484375 0.2645833328125 0.5015625 0.2854166671875
7 0.6421875 0.2625 0.603125 0.2166666671875 0.5984375 0.2166666671875 0.59375 0.2270833328125 0.621875 0.2666666671875 0.640625 0.2708333328125 0.6421875 0.2625
7 0.0671875 0.1395833328125 0.0703125 0.125 0.0515625 0.1145833328125 0.0427083328125 0.1145833328125 0.0203125 0.1166666671875 0.0171875 0.1270833328125 0.040625 0.1416666671875 0.0671875 0.1395833328125
7 0 0.06875 0.0296875 0.07291666718749999 0.04375 0.0645833328125 0.0390625 0.0479166671875 0.0140625 0.0375 0 0.0375 0 0.06875
7 0.7578125 0.07083333281250001 0.74375 0.07083333281250001 0.734375 0.0770833328125 0.7359375 0.09375 0.75625 0.0916666671875 0.7578125 0.07083333281250001
7 0.1453125 0.058333332812500006 0.1375 0.058333332812500006 0.1328125 0.0666666671875 0.140625 0.0791666671875 0.1484375 0.07291666718749999 0.1453125 0.058333332812500006
4 0.4144230765625 0.4259615375 0.4050480765625 0.4322115375 0.4050480765625 0.4738782046875 0.4159855765625 0.5426282046875001 0.4753605765625 0.5342948703125 0.4925480765625 0.5405448703125 0.4909855765625 0.4322115375 0.4784855765625 0.4405448703125 0.4675480765625 0.4301282046875 0.42536057656250004 0.4322115375 0.4144230765625 0.4259615375
14 0.5171875 0.5416666671875 0.5234375 0.5333333328125 0.515625 0.40416666718750005 0.503125 0.39791666718749996 0.5015625 0.3958333328125 0.4671875 0.40416666718750005 0.4921875 0.43541666718750005 0.4859375 0.55 0.5171875 0.5416666671875
10 0.515625 0.43958333281249995 0.5265625 0.5104166671875 0.525 0.54375 0.546875 0.5458333328125 0.5515625 0.5083333328124999 0.55 0.3333333328125 0.546875 0.32083333281250004 0.53125 0.30625 0.525 0.28125 0.5140625 0.28125 0.5078125 0.28958333281250004 0.509375 0.30625 0.5234375 0.3291666671875 0.515625 0.43958333281249995
10 0.20625 0.3729166671875 0.1796875 0.3916666671875 0.1703125 0.4145833328125 0.15625 0.41875 0.1421875 0.45 0.0875 0.48541666718750004 0.0734375 0.5541666671875001 0.075 0.5708333328124999 0.084375 0.575 0.0796875 0.5833333328125 0.0875 0.5791666671875 0.10625 0.50625 0.1140625 0.5083333328124999 0.125 0.4916666671875 0.16875 0.4916666671875 0.1765625 0.4479166671875 0.20625 0.4166666671875 0.2234375 0.41875 0.2359375 0.40833333281249995 0.234375 0.38125 0.24375 0.3583333328125 0.2390625 0.32083333281250004 0.228125 0.3083333328125 0.225 0.3083333328125 0.20625 0.3166666671875 0.2015625 0.3375 0.2109375 0.3645833328125 0.20625 0.3729166671875
15 1 0.6625 0.9921875 0.6583333328125 0.9953125 0.6479166671875001 0.9890625 0.6479166671875001 0.9875 0.6229166671875 0.9765625 0.6229166671875 0.9640625 0.5979166671875 0.959375 0.6041666671875 0.946875 0.5979166671875 0.95 0.5854166671875001 0.9421875 0.5458333328125 0.93125 0.5458333328125 0.9046875 0.56875 0.89375 0.5666666671875 0.8859375 0.55 0.8734375 0.5479166671875 0.840625 0.5666666671875 0.821875 0.53125 0.759375 0.53125 0.7484375 0.5395833328124999 0.7375 0.5291666671875 0.6828125 0.53125 0.6828125 0.5375 0.671875 0.53125 0.6703125 0.5291666671875 0.665625 0.5416666671875 0.6546875 0.5458333328125 0.5734375 0.5479166671875 0.5265625 0.5625 0.4921875 0.5583333328125 0.4234375 0.5666666671875 0.4203125 0.5583333328125 0.415625 0.5708333328124999 0.3890625 0.5729166671875 0.371875 0.6708333328125 0.403125 0.69375 0.409375 0.7208333328125 0.4015625 0.73125 0.353125 0.7458333328125 0.3296875 0.7458333328125 0.3212740390625 0.7200320515625 0.3032451921875 0.7104166671875001 0.28641826875 0.6591346140625001 0.2683894234375 0.6655448703125 0.26358173125 0.631891025 0.26875 0.6229166671875 0.29362980781250003 0.5854166671875001 0.24375 0.5875 0.240625 0.5979166671875 0.2296875 0.5875 0.1953125 0.5895833328125 0.1859375 0.6041666671875 0.175 0.5916666671875 0.1609375 0.6041666671875 0.146875 0.6041666671875 0.125 0.5895833328125 0.115625 0.6041666671875 0.1125 0.5916666671875 0.1078125 0.6 0.0953125 0.5916666671875 0.0859375 0.6020833328124999 0.0359375 0.6020833328124999 0.0296875 0.6104166671875 0.0015625 0.6 0.0015625 1 1 1 1 0.6625
3 0.16875 0.4916666671875 0.1421875 0.49375 0.1296875 0.48541666718750004 0.1171875 0.5 0.1140625 0.5916666671875 0.125 0.5583333328125 0.125 0.5020833328125 0.1625 0.5 0.1625 0.5875 0.1671875 0.5875 0.16875 0.5458333328125 0.184375 0.5958333328125 0.1796875 0.53125 0.1796875 0.49583333281249997 0.184375 0.4916666671875 0.203125 0.49839743593749997 0.20673076875000002 0.5897435890625 0.2139423078125 0.4871794875 0.22235576875000002 0.4903846140625 0.2375 0.5875 0.2265625 0.4895833328125 0.23125 0.42083333281249996 0.2171875 0.42083333281249996 0.2125 0.42083333281249996 0.203125 0.42291666718750004 0.2 0.43541666718750005 0.1765625 0.45625 0.16875 0.4916666671875
10 0.1609375 0.5895833328125 0.1625 0.5520833328125 0.1484375 0.5333333328125 0.1390625 0.5 0.125 0.5 0.1234375 0.525 0.14375 0.5604166671875 0.1421875 0.5875 0.1609375 0.5895833328125
10 0.3078125 0 0.2296875 0.03125 0.2 0.1416666671875 0.2109375 0.2166666671875 0.225 0.2375 0.271875 0.2625 0.26875 0.2916666671875 0.275 0.3458333328125 0.334375 0.47083333281249995 0.30625 0.5270833328125 0.303125 0.575 0.2640625 0.6270833328125 0.2625 0.6416666671875 0.2703125 0.6583333328125 0.284375 0.6583333328125 0.3015625 0.7104166671875001 0.3234375 0.7166666671875 0.3265625 0.7354166671875 0.3484375 0.7375 0.3890625 0.7270833328124999 0.4046875 0.7125 0.403125 0.7 0.3609375 0.6729166671875 0.384375 0.5666666671875 0.3875 0.48541666718750004 0.4015625 0.43541666718750005 0.4046875 0.375 0.415625 0.36875 0.4640625 0.38125 0.475 0.3708333328125 0.478125 0.35625 0.465625 0.3291666671875 0.4359375 0.31875 0.425 0.2604166671875 0.4171875 0.25 0.4 0.11041666718750001 0.4015625 0.0270833328125 0.396875 0.0125 0.403125 0 0.309375 0 0.3078125 0
14 0.2671875 0.48541666718750004 0.259375 0.5333333328125 0.2390625 0.575 0.2828125 0.58125 0.2984375 0.575 0.3015625 0.5583333328125 0.28125 0.41875 0.2828125 0.36875 0.265625 0.3625 0.25625 0.3625 0.25 0.3645833328125 0.2484375 0.38125 0.2625 0.4145833328125 0.2671875 0.48541666718750004
10 0.059375 0.5708333328124999 0.05625 0.5479166671875 0.0640625 0.50625 0.059375 0.4583333328125 0.053125 0.4583333328125 0.0453125 0.46875 0.046875 0.5291666671875 0.053125 0.56875 0.059375 0.5708333328124999
10 0.021875 0.59375 0.0296875 0.5833333328125 0.0328125 0.5291666671875 0.0328125 0.4625 0.028125 0.45416666718750004 0.0171875 0.45416666718750004 0.0078125 0.46666666718750005 0.0203125 0.5520833328125 0.015625 0.5854166671875001 0.021875 0.59375
10 0.003125 0.40625 0.0546875 0.41041666718750003 0.0625 0.42083333281249996 0.0609375 0.3583333328125 0.0703125 0.3416666671875 0.06875 0.2979166671875 0.05625 0.27291666718749996 0.0296875 0.25833333281250004 0.028125 0.2270833328125 0.015625 0.2125 0.0046875 0.2125 0 0.2166666671875 0.0046875 0.2604166671875 0 0.2708333328125 0.003125 0.40625
12 0.946875 0.34375 0.946875 0.5604166671875 0.953125 0.5833333328125 0.965625 0.5854166671875001 0.96875 0.6 0.9859375 0.60625 0.9921875 0.6229166671875 0.9984375 0.61875 0.9984375 0.28125 0.996875 0.28125 0.984375 0.3125 0.9765625 0.3125 0.9734375 0.3229166671875 0.946875 0.34375
10 0.403125 0.44375 0.4 0.44375 0.390625 0.49583333281249997 0.4 0.5458333328125 0.4109375 0.5520833328125 0.403125 0.44375
10 0.3125 0.4458333328125 0.2890625 0.375 0.284375 0.375 0.2828125 0.4145833328125 0.2984375 0.5229166671875001 0.3140625 0.4895833328125 0.3125 0.4458333328125
10 0.4453125 0.4270833328125 0.45 0.3854166671875 0.4203125 0.375 0.4171875 0.375 0.4109375 0.3770833328125 0.41875 0.40416666718750005 0.4140625 0.4270833328125 0.4453125 0.4270833328125
11 0.8765625 0.46458333281249997 0.875 0.46458333281249997 0.8546875 0.525 0.8609375 0.5395833328124999 0.8859375 0.5354166671875 0.8765625 0.46458333281249997
11 0.85 0 0.8484375 0.3291666671875 0.8671875 0.31875 0.8671875 0.3 0.875 0.2854166671875 0.8890625 0.2854166671875 0.8828125 0.2791666671875 0.8859375 0.1208333328125 0.8862500000000001 0 0.85 0