15 0 0.9979166671874999 0.9984375 0.9979166671874999 0.9984375 0.9520833328125 0.99375 0.9395833328125001 0.9890625 0.94375 0.9671875 0.925 0.975 0.9145833328125 0.9578125 0.8979166671875 0.95 0.9020833328125001 0.93125 0.89375 0.9171875 0.8791666671874999 0.9265625 0.8708333328125001 0.909375 0.8625 0.903125 0.86875 0.896875 0.8604166671875 0.9015625 0.85625 0.8890625 0.8479166671874999 0.89375 0.8395833328125001 0.8828125 0.8291666671875 0.8796875 0.8020833328125001 0.871875 0.8354166671875 0.8609375 0.8166666671874999 0.8453125 0.8166666671874999 0.8421875 0.7958333328125 0.8140625 0.775 0.809375 0.7520833328125 0.7640625 0.70625 0.7703125 0.6958333328124999 0.7515625 0.69375 0.678125 0.6 0.65625 0.58125 0.6453125 0.5645833328125 0.6375 0.53125 0.60625 0.5395833328124999 0.5890625 0.5270833328125 0.534375 0.525 0.5328125 0.525 0.3609375 0.5375 0.278125 0.5520833328125 0.2359375 0.55 0.228125 0.5604166671875 0.203125 0.5541666671875001 0.184375 0.5708333328124999 0.165625 0.5583333328125 0.15625 0.5583333328125 0.1640625 0.5625 0.1609375 0.5666666671875 0.1421875 0.5666666671875 0.134375 0.5583333328125 0.103125 0.5708333328124999 0.0953125 0.5666666671875 0.0921875 0.5875 0.0828125 0.5854166671875001 0.075 0.5958333328125 0.059375 0.5854166671875001 0.05625 0.5916666671875 0.0328125 0.5854166671875001 0.0296875 0.59375 0.0046875 0.5854166671875001 0 0.5895833328125 0 0.9979166671874999
7 0.0953125 0.23958333281250002 0.0875 0.23333333281250002 0.0796875 0.23333333281250002 0.0734375 0.2375 0.075 0.24583333281250003 0.0921875 0.2479166671875 0.0953125 0.23958333281250002
7 0.1546875 0.2416666671875 0.15625 0.225 0.1453125 0.2208333328125 0.1375 0.2208333328125 0.115625 0.22291666718749997 0.1140625 0.22916666718749998 0.125 0.23958333281250002 0.1546875 0.2416666671875
10 0.36171875 0.44140625 0.0453125 0.175
10 0.29375 0.43984375 0.065625 0.19140625
7 0.45 0.3125 0.428125 0.2854166671875 0.4234375 0.2854166671875 0.4203125 0.2916666671875 0.4328125 0.3125 0.45 0.3229166671875 0.45 0.3125
7 0.5296875 0.20625 0.5265625 0.2208333328125 0.540625 0.2208333328125 0.540625 0.20625 0.5296875 0.20625
7 0 0.2125 0.0359375 0.2125 0.034375 0.2 0.0203125 0.19583333281249998 0.01015625 0.19583333281249998 0 0.19583333281249998 0 0.2125
7 0.0484375 0.16458333281249998 0.028125 0.1583333328125 0.0140625 0.1583333328125 0.00625 0.16458333281249998 0.0125 0.1770833328125 0.0515625 0.1770833328125 0.0484375 0.16458333281249998
7 0.3921875 0 0.3921875 0.0083333328125 0.4171875 0.029166667187500002 0.4609375 0.0333333328125 0.4859375 0.0208333328125 0.490625 0 0.482421875 0 0.3921875 0
7 0.1390625 0.17916666718750002 0.128125 0.1770833328125 0.1234375 0.1770833328125 0.115625 0.18125 0.1203125 0.1916666671875 0.1421875 0.1916666671875 0.1390625 0.17916666718750002
7 0.8359375 0.2833333328125 0.803125 0.31875 0.8375 0.2979166671875 0.8421875 0.2833333328125 0.8359375 0.2833333328125
10 0.1390625 0.4270833328125 0.1484375 0.5208333328125 0.153125 0.5354166671875 0.1640625 0.5291666671875 0.165625 0.48125 0.1734375 0.5125 0.1734375 0.5291666671875 0.165625 0.54375 0.1734375 0.55 0.1875 0.5354166671875 0.18125 0.3708333328125 0.1890625 0.35 0.153125 0.3 0.1515625 0.3 0.1421875 0.3104166671875 0.1328125 0.3583333328125 0.1421875 0.3791666671875 0.1390625 0.4270833328125