11 0.14375 0.471875 0.13125 0.25625
11 0.03359375 0.3625 0.0671875 0.475
5 0.60234375 0.41875 0.1328125 0.19609375
5 0.5 0.42421875 0.06875 0.19375
12 0.88671875 0.46484375 0.2234375 0.3
15 0.4984375 0.75390625 0.996875 0.48359375
7 0.4828125 0.29296875 0.021875 0.04375
7 0.08671875 0.14453125 0.0515625 0.02734375
7 0.06953125 0.18828125 0.0296875 0.02265625
7 0.190625 0.21640625 0.05625 0.025
7 0.73515625 0.33515625 0.0234375 0.0375
7 0.253125 0.40625 0.009375 0.0125
7 0.66015625 0.33359375 0.0203125 0.04609375
7 0.97578125 0.146875 0.0265625 0.02265625
7 0.19375 0.16328125 0.028125 0.01875
7 0.12578125 0.22890625 0.0234375 0.01640625
10 0.215625 0.41640625 0.09375 0.3125
10 0.378125 0.4375 0.0625 0.2375
10 0.4375 0.43359375 0.03125 0.20859375
10 0.14765625 0.31796875 0.0453125 0.06015625
10 0.41015625 0.44140625 0.0546875 0.2125