5 0.1578125 0.0666666671875 0.159375 0.1604166671875 0.1609375 0.1770833328125 0.1671875 0.18125 0.1609375 0.1875 0.165625 0.19583333281249998 0.1609375 0.20416666718749998 0.1671875 0.2125 0.165625 0.2979166671875 0.153125 0.325 0.1578125 0.3375 0.1546875 0.3625 0.1640625 0.375 0.15625 0.5041666671875 0.159375 0.5583333328125 0.1671875 0.575 0.1625 0.5833333328125 0.16875 0.5916666671875 0.1796875 0.5833333328125 0.1921875 0.5875 0.184375 0.5916666671875 0.2203125 0.5833333328125 0.2328125 0.5854166671875001 0.2296875 0.5895833328125 0.2359375 0.5958333328125 0.2421875 0.5854166671875001 0.25 0.5958333328125 0.2625 0.5854166671875001 0.2671875 0.5979166671875 0.2890625 0.5916666671875 0.3453125 0.5979166671875 0.35 0.5916666671875 0.353125 0.5291666671875 0.35625 0.3645833328125 0.35625 0.2979166671875 0.346875 0.2916666671875 0.35625 0.28125 0.346875 0.275 0.35625 0.2708333328125 0.3578125 0.2541666671875 0.35625 0.2 0.3515625 0.19583333281249998 0.35625 0.1875 0.35 0.1729166671875 0.359375 0.16875 0.359375 0.1416666671875 0.3484375 0.13333333281249998 0.3578125 0.1291666671875 0.35 0.11875 0.359375 0.1125 0.359375 0.0479166671875 0.325 0.03125 0.3125 0.029166667187500002 0.309375 0.0354166671875 0.2515625 0.0208333328125 0.2234375 0.0229166671875 0.215625 0.014583332812499999 0.2125 0.010416667187500001 0.1796875 0.0125 0.184375 0.0229166671875 0.16875 0.0208333328125 0.1578125 0.0666666671875
7 0.2046875 0.1625 0.2390625 0.1708333328125 0.2703125 0.1625 0.265625 0.1416666671875 0.2703125 0.13333333281249998 0.2625 0.13125 0.2578125 0.1166666671875 0.2421875 0.1 0.2171875 0.0979166671875 0.209375 0.0979166671875 0.1984375 0.1 0.19375 0.1166666671875 0.196875 0.1520833328125 0.2046875 0.1625
7 0.2703125 0.1604166671875 0.2609375 0.1458333328125 0.2375 0.1416666671875 0.22916666718749998 0.1416666671875 0.2046875 0.14375 0.1984375 0.1541666671875 0.2234375 0.16875 0.2703125 0.1604166671875
7 0.4328125 0.0458333328125 0.4265625 0.0416666671875 0.4234375 0.0416666671875 0.4109375 0.07083333281250001 0.4125 0.0875 0.428125 0.07083333281250001 0.4328125 0.0458333328125
1 0.75 0.16875 0.7484375 0.1854166671875 0.7421875 0.1895833328125 0.728125 0.5979166671875 0.7546875 0.6083333328125 0.7734375 0.4479166671875 0.76875 0.35208333281250004 0.775 0.28125 0.753125 0.2645833328125 0.75 0.24375 0.784375 0.175 0.8140625 0.1625 0.825 0.15 0.828125 0.0958333328125 0.8390625 0.08333333281250001 0.85625 0.08125 0.8703125 0.1 0.8640625 0.1604166671875 0.8984375 0.19583333281249998 0.9203125 0.25 0.9203125 0.2666666671875 0.9 0.2875 0.903125 0.3270833328125 0.8984375 0.3583333328125 0.853125 0.5125 0.8453125 0.55 0.846875 0.5979166671875 0.85625 0.60625 0.9984375 0.6020833328124999 0.9984375 0.05625 0.7765625 0.01875 0.765625 0.01875 0.75 0.03125 0.746875 0.054166667187499996 0.74375 0.1520833328125 0.75 0.16875
7 0.6984375 0.1395833328125 0.7140625 0.13333333281249998 0.74375 0.1041666671875 0.74375 0.0916666671875 0.7359375 0.0916666671875 0.6578125 0.1541666671875 0.6546875 0.16875 0.671875 0.1666666671875 0.6984375 0.1395833328125
7 0.034375 0 0.0390625 0.014583332812499999 0.075 0.0895833328125 0.090625 0.1020833328125 0.09375 0.0916666671875 0.0546875 0 0.04453125 0 0.034375 0
7 0.4421875 0 0.428125 0.00625 0.4296875 0.0270833328125 0.4484375 0.0270833328125 0.45 0 0.4421875 0
15 0 0.9979166671874999 0.9984375 0.9979166671874999 0.9984375 0.6104166671875 0.8640625 0.6104166671875 0.8578125 0.6395833328125 0.840625 0.6479166671875001 0.80625 0.6416666671875 0.7984375 0.6270833328125 0.790625 0.6395833328125 0.76875 0.6395833328125 0.75625 0.6166666671875001 0.7265625 0.6083333328125 0.721875 0.6 0.6375 0.6020833328124999 0.625 0.6166666671875001 0.596875 0.61875 0.521875 0.6020833328124999 0.5078125 0.5791666671875 0.5078125 0.5625 0.3765625 0.5583333328125 0.375 0.5583333328125 0.359375 0.5625 0.359375 0.5895833328125 0.3421875 0.60625 0.1953125 0.60625 0.1609375 0.6145833328125 0 0.6041666671875 0 0.9979166671874999
11 0.5546875 0 0.553125 0.0083333328125 0.5390625 0.5875 0.5859375 0.5979166671875 0.5953125 0.6125 0.628125 0.6104166671875 0.63125 0.6 0.6375 0.36875 0.6359375 0.33541666718749996 0.628125 0.3270833328125 0.628125 0.21875 0.6359375 0 0.6278125 0 0.5546875 0
18 0.50625 0.43541666718750005 0.5140625 0.4291666671875 0.5140625 0.39375 0.5015625 0.3854166671875 0.5015625 0.375 0.51875 0.34375 0.521875 0.19375 0.5171875 0.175 0.515625 0.175 0.5125 0.1875 0.43125 0.1833333328125 0.425 0.4291666671875 0.50625 0.43541666718750005
18 0.396875 0.41875 0.4015625 0.3708333328125 0.403125 0.18125 0.378125 0.1708333328125 0.3640625 0.1708333328125 0.3578125 0.2208333328125 0.35625 0.41875 0.3859375 0.425 0.396875 0.41875
18 0.290625 0.41041666718750003 0.3046875 0.425 0.3296875 0.4270833328125 0.3375 0.42291666718750004 0.34375 0.35208333281250004 0.346875 0.18125 0.3375 0.1666666671875 0.303125 0.1625 0.296875 0.1625 0.29375 0.2854166671875 0.2890625 0.2979166671875 0.2953125 0.3541666671875 0.290625 0.41041666718750003
18 0.6421875 0.35208333281250004 0.6703125 0.3583333328125 0.6671875 0.43541666718750005 0.73125 0.43958333281249995 0.7390625 0.19583333281249998 0.69375 0.19375 0.671875 0.1833333328125 0.6609375 0.1916666671875 0.6390625 0.18125 0.6375 0.18125 0.6296875 0.225 0.6296875 0.325 0.6421875 0.3375 0.6421875 0.35208333281250004