15 0 0.9979166671874999 0.9984375 0.9979166671874999 0.9984375 0.85625 0.9390625 0.8520833328125 0.90625 0.8583333328125 0.884375 0.8520833328125 0.8859375 0.8625 0.875 0.8875 0.8765625 0.9020833328125001 0.8875 0.90625 0.8890625 0.91875 0.884375 0.9145833328125 0.875 0.9291666671875 0.840625 0.9354166671874999 0.8140625 0.9104166671874999 0.8015625 0.8875 0.8046875 0.8770833328125001 0.8171875 0.8791666671874999 0.8203125 0.8729166671874999 0.821875 0.8604166671875 0.8171875 0.8479166671874999 0.8109375 0.8479166671874999 0.8140625 0.8416666671874999 0.8046875 0.8416666671874999 0.75625 0.79375 0.6828125 0.7395833328125 0.678125 0.7458333328125 0.6859375 0.7541666671875 0.675 0.7625 0.675 0.8020833328125001 0.6578125 0.8208333328125 0.65 0.8166666671874999 0.640625 0.7645833328125 0.61875 0.7645833328125 0.61875 0.75 0.6078125 0.7583333328124999 0.575 0.7229166671875 0.5828125 0.7166666671875 0.590625 0.7270833328124999 0.59375 0.7166666671875 0.6046875 0.7166666671875 0.6234375 0.7375 0.625 0.7479166671875 0.640625 0.75 0.6390625 0.7041666671875 0.6234375 0.6875 0.609375 0.6875 0.59375 0.66875 0.596875 0.6729166671875 0.5859375 0.6875 0.5890625 0.6979166671875 0.5796875 0.6958333328124999 0.5734375 0.7041666671875 0.553125 0.6791666671875001 0.5328125 0.68125 0.515625 0.6520833328125 0.5 0.6458333328125 0.4953125 0.6291666671875 0.4390625 0.5791666671875 0.421875 0.5520833328125 0.41875 0.53125 0.3765625 0.5354166671875 0.3703125 0.525 0.35625 0.5229166671875001 0.3453125 0.5229166671875001 0.0921875 0.5479166671875 0.059375 0.5625 0.015625 0.5583333328125 0 0.5645833328125 0 0.9979166671874999
12 0.7546875 0 0.715625 0.0354166671875 0.5015625 0.3166666671875 0.4703125 0.3604166671875 0.46875 0.3729166671875 0.4578125 0.3770833328125 0.4296875 0.42083333281249996 0.421875 0.42291666718750004 0.421875 0.43541666718750005 0.4125 0.43958333281249995 0.41875 0.45625 0.41875 0.4458333328125 0.428125 0.43541666718750005 0.453125 0.43541666718750005 0.4578125 0.42291666718750004 0.459375 0.43333333281249997 0.4671875 0.43333333281249997 0.4609375 0.42291666718750004 0.471875 0.42291666718750004 0.4671875 0.46666666718750005 0.45625 0.46875 0.453125 0.475 0.4609375 0.48125 0.4515625 0.48541666718750004 0.453125 0.49791666718750005 0.465625 0.49791666718750005 0.475 0.5125 0.453125 0.5166666671875 0.4671875 0.5270833328125 0.459375 0.53125 0.4359375 0.53125 0.434375 0.5145833328125 0.4234375 0.5166666671875 0.428125 0.5333333328125 0.440625 0.5395833328124999 0.4390625 0.5520833328125 0.453125 0.5541666671875001 0.4765625 0.575 0.46875 0.58125 0.4703125 0.5916666671875 0.4828125 0.5770833328125 0.5015625 0.6 0.5046875 0.59375 0.5203125 0.6041666671875 0.525 0.6208333328125 0.5421875 0.6208333328125 0.559375 0.6333333328124999 0.5671875 0.64375 0.5671875 0.6708333328125 0.5796875 0.675 0.58125 0.6583333328125 0.5890625 0.65625 0.634375 0.6895833328125 0.646875 0.70625 0.6484375 0.7625 0.6578125 0.7854166671875 0.6671875 0.7770833328125 0.6578125 0.7541666671875 0.6703125 0.7458333328125 0.671875 0.7270833328124999 0.68125 0.7270833328124999 0.80625 0.8270833328125 0.8265625 0.8479166671874999 0.828125 0.8583333328125 0.825 0.8875 0.8140625 0.8916666671875 0.8140625 0.9 0.840625 0.9229166671875 0.8640625 0.9229166671875 0.8765625 0.9104166671874999 0.8765625 0.8520833328125 0.8703125 0.8458333328125001 0.959375 0.8354166671875 0.9796875 0.8375 0.984375 0.8458333328125001 0.9875 0.8354166671875 0.9984375 0.8395833328125001 0.9984375 0.0354166671875 0.8765625 0.0270833328125 0.8640625 0.014583332812499999 0.8375 0.0166666671875 0.8265625 0 0.8109375 0 0.809375 0.0083333328125 0.796875 0 0.7884375 0 0.7546875 0
7 0.5296875 0.07083333281250001 0.571875 0.07083333281250001 0.596875 0.054166667187499996 0.5921875 0.025 0.559375 0.0125 0.5578125 0.0125 0.53125 0.0166666671875 0.5125 0.03125 0.5109375 0.058333332812500006 0.5296875 0.07083333281250001
7 0.1671875 0 0.1625 0.025 0.1921875 0.0479166671875 0.2484375 0.05208333281250001 0.2609375 0.0395833328125 0.2609375 0.0208333328125 0.234375 0 0.2259765625 0 0.1671875 0
7 0.2203125 0.3104166671875 0.2015625 0.2916666671875 0.1953125 0.2916666671875 0.1921875 0.3 0.2015625 0.3125 0.2234375 0.3270833328125 0.2203125 0.3104166671875
10 0.1171875 0.45 0.1328125 0.4479166671875 0.14375 0.49791666718750005 0.140625 0.53125 0.1546875 0.5333333328125 0.15625 0.3958333328125 0.1296875 0.3625 0.121875 0.3625 0.11875 0.3729166671875 0.13125 0.3895833328125 0.1328125 0.40416666718750005 0.1171875 0.45
10 0.1078125 0.4291666671875 0.0921875 0.375 0.0890625 0.375 0.071875 0.40625 0.0765625 0.43958333281249995 0.1 0.43958333281249995 0.1078125 0.4291666671875
14 0 0.55 0.0796875 0.5479166671875 0.0609375 0.5083333328124999 0.0578125 0.4875 0.059375 0.4458333328125 0.0703125 0.41875 0.05625 0.4145833328125 0.046875 0.4145833328125 0.0375 0.4145833328125 0.01875 0.4625 0.0203125 0.5041666671875 0 0.55
4 0.140625 0.53125 0.1375 0.46666666718750005 0.109375 0.45625 0.0609375 0.45416666718750004 0.059375 0.45416666718750004 0.0625 0.5083333328124999 0.078125 0.5375 0.1125 0.5416666671875 0.140625 0.53125
10 0 0.48125 0.025 0.45 0.0328125 0.425 0.0328125 0.40625 0.021875 0.4 0.0296875 0.4 0.025 0.3916666671875 0.0203125 0.3916666671875 0 0.4125 0 0.48125
10 0.040625 0.4125 0.0671875 0.4125 0.053125 0.35208333281250004 0.0453125 0.35208333281250004 0.040625 0.36875 0.028125 0.3791666671875 0.028125 0.3895833328125 0.040625 0.4125
5 0.3140625 0.5145833328125 0.3140625 0.35208333281250004 0.30580357187499996 0.35208333281250004 0.2515625 0.35625 0.253125 0.47083333281249995 0.2609375 0.51875 0.3140625 0.5145833328125