11 0.05859375 0.45078125 0.1171875 0.39765625
5 0.78125 0.43515625 0.0375 0.1625
5 0.6078125 0.4375 0.053125 0.15
12 0.8984375 0.46640625 0.2 0.24609375
15 0.4984375 0.753125 0.996875 0.48984375
7 0.9265625 0.08359375 0.0875 0.05
7 0.10703125 0.0125 0.0703125 0.025
7 0.38515625 0.29140625 0.0390625 0.01640625
7 0.59453125 0.33203125 0.0171875 0.02734375
7 0.6296875 0.11015625 0.078125 0.04140625
7 0.215625 0.15 0.06875 0.03359375
7 0.23984375 0.228125 0.0390625 0.02265625
7 0.12578125 0.18046875 0.0453125 0.02265625
7 0.13046875 0.15234375 0.0296875 0.02109375
7 0.33046875 0.25625 0.0328125 0.01640625
7 0.30703125 0.27578125 0.0234375 0.01484375
7 0.26875 0.19921875 0.025 0.01484375
7 0.39765625 0.2625 0.0203125 0.0125
7 0.9265625 0.05390625 0.0875 0.1078125
10 0.2625 0.39453125 0.084375 0.37265625
10 0.375 0.43671875 0.03125 0.19375
10 0.1484375 0.41171875 0.06875 0.34375
10 0.53203125 0.45 0.0296875 0.15859375
10 0.31953125 0.446875 0.0234375 0.14765625