5 0.471875 0.2645833328125 0.4859375 0.2708333328125 0.4890625 0.28125 0.5078125 0.2791666671875 0.540625 0.3479166671875 0.53125 0.4604166671875 0.5609375 0.48125 0.565625 0.5354166671875 0.753125 0.5270833328125 0.7609375 0.48333333281249996 0.7578125 0.4166666671875 0.7625 0.40625 0.75 0.33541666718749996 0.7578125 0.2979166671875 0.7546875 0.2854166671875 0.765625 0.2708333328125 0.7734375 0.22916666718749998 0.78125 0.21875 0.8125 0.2270833328125 0.8140625 0.2770833328125 0.8265625 0.2958333328125 0.834375 0.35625 0.8453125 0.3875 0.8484375 0.1270833328125 0.8453125 0.1270833328125 0.840625 0.1354166671875 0.575 0.16458333281249998 0.471875 0.1854166671875 0.471875 0.2645833328125
7 0.63125 0.25625 0.59375 0.2104166671875 0.5921875 0.2104166671875 0.5875 0.225 0.6203125 0.2645833328125 0.6296875 0.2666666671875 0.63125 0.25625
11 0.09594318125 0 0.09750568125 0.3895833328125 0.11781818125000001 0.4 0.1836914375 0.40442715781249994 0.17996415937500002 0.5025439171875 0.1874187140625 0.580788925 0.20375568125000001 0.5604166671875 0.20844318125 0.5375 0.21000568125000002 0.3875 0.19906818125 0.3645833328125 0.210714259375 0.34790145 0.20279377968749998 0.31064190625 0.2069869828125 0.3069159640625 0.20688068125 0.2166666671875 0.20531818125 0.10625 0.20375568125000001 0.0354166671875 0.17563068125 0.014583332812499999 0.16781818125 0 0.1598320703125 0 0.09594318125 0
7 0.2046875 0.13125 0.2078125 0.1541666671875 0.2171875 0.1458333328125 0.2109375 0.13125 0.2046875 0.13125
7 0 0.11875 0.0265625 0.1145833328125 0.0234375 0.0979166671875 0.0015625 0.0895833328125 0 0.0895833328125 0 0.11875
7 0.0953125 0.029166667187500002 0.090625 0.0354166671875 0.0953125 0.0479166671875 0.096875 0.029166667187500002 0.0953125 0.029166667187500002
10 0.2640625 0.3291666671875 0.2734375 0.3458333328125 0.2640625 0.43333333281249997 0.2671875 0.58125 0.240625 0.5958333328125 0.253125 0.6083333328125 0.28125 0.6083333328125 0.2859375 0.6020833328124999 0.28125 0.5791666671875 0.2875 0.5729166671875 0.2890625 0.5479166671875 0.2828125 0.54375 0.2921875 0.5166666671875 0.290625 0.4895833328125 0.2984375 0.4604166671875 0.303125 0.46458333281249997 0.3140625 0.5770833328125 0.296875 0.60625 0.3296875 0.6 0.328125 0.46458333281249997 0.3421875 0.41041666718750003 0.3359375 0.3375 0.35625 0.3291666671875 0.34375 0.2604166671875 0.3265625 0.23541666718749998 0.309375 0.1833333328125 0.2890625 0.16875 0.2859375 0.16875 0.2734375 0.1854166671875 0.278125 0.23958333281250002 0.265625 0.28125 0.2640625 0.3291666671875
10 0.7625 0.48541666718750004 0.7515625 0.5541666671875001 0.753125 0.5854166671875001 0.7609375 0.5979166671875 0.7703125 0.59375 0.765625 0.5458333328125 0.7828125 0.5 0.790625 0.45625 0.796875 0.46458333281249997 0.7953125 0.5958333328125 0.80625 0.5895833328125 0.803125 0.5666666671875 0.8140625 0.53125 0.8140625 0.49583333281249997 0.8265625 0.42083333281249996 0.8328125 0.41875 0.8515625 0.43541666718750005 0.8640625 0.43541666718750005 0.86875 0.425 0.846875 0.40416666718750005 0.834375 0.3645833328125 0.8265625 0.3020833328125 0.8109375 0.2770833328125 0.8109375 0.2270833328125 0.7875 0.2208333328125 0.784375 0.2208333328125 0.775 0.23125 0.7515625 0.3375 0.7625 0.3958333328125 0.7625 0.48541666718750004
10 0 0.6241624515625 0.0408106625 0.6138147984375 0.0375 0.5208333328125 0.04375 0.51875 0.0515625 0.5416666671875 0.0578125 0.49791666718750005 0.0890625 0.40416666718750005 0.0890625 0.375 0.075 0.35 0.0015625 0.2833333328125 0 0.2833333328125 0 0.35208333281250004 0.0203125 0.3791666671875 0.0125 0.47291666718750003 0.0146598125 0.5882179203125 0 0.59584253125 0 0.6241624515625
15 0 0.9979166671874999 0.9984375 0.9979166671874999 0.9984375 0.6541666671875 0.990625 0.6520833328125 0.9859375 0.6270833328125 0.9796875 0.63125 0.975 0.6208333328125 0.975 0.5791666671875 0.9625 0.5791666671875 0.9625 0.5645833328125 0.9546875 0.5604166671875 0.9078125 0.55625 0.86875 0.5666666671875 0.846875 0.5604166671875 0.840625 0.5458333328125 0.8171875 0.5458333328125 0.8125 0.5520833328125 0.8125 0.5916666671875 0.803125 0.6020833328124999 0.790625 0.6020833328124999 0.78125 0.575 0.7875 0.5479166671875 0.7796875 0.5458333328125 0.7734375 0.5520833328125 0.7828125 0.5875 0.7703125 0.6125 0.75625 0.60625 0.75 0.59375 0.746875 0.5541666671875001 0.7359375 0.5458333328125 0.7046875 0.55 0.6953125 0.5395833328124999 0.684375 0.5395833328124999 0.68125 0.55 0.678125 0.5395833328124999 0.6765625 0.5395833328124999 0.6734375 0.5479166671875 0.653125 0.55625 0.565625 0.5583333328125 0.509375 0.5729166671875 0.4765625 0.5666666671875 0.34375 0.5854166671875001 0.3375 0.5875 0.3421875 0.60625 0.315625 0.6229166671875 0.2984375 0.6229166671875 0.29375 0.6125 0.2859375 0.6229166671875 0.2515625 0.6208333328125 0.259375 0.6145833328125 0.228125 0.5979166671875 0.1953125 0.59375 0.1859375 0.6083333328125 0.18125 0.5958333328125 0.16875 0.6041666671875 0.140625 0.6 0.1296875 0.625 0.1015625 0.6125 0.0796875 0.6145833328125 0.0734375 0.625 0.0328125 0.6208333328125 0 0.6270833328125 0 0.9979166671874999
14 0.475 0.5458333328125 0.4703125 0.5604166671875 0.503125 0.5458333328125 0.496875 0.48541666718750004 0.503125 0.43333333281249997 0.5 0.39791666718749996 0.491015625 0.39791666718749996 0.4515625 0.40208333281249997 0.48125 0.44166666718750003 0.475 0.4479166671875 0.475 0.5458333328125
5 0.49375 0.31875 0.490625 0.31875 0.49375 0.3791666671875 0.50625 0.35 0.50625 0.3291666671875 0.49375 0.31875
5 0.79375 0.48125 0.79375 0.46979166718750004 0.79375 0.4583333328125 0.775 0.5291666671875 0.7921875 0.5270833328125 0.79375 0.48125
5 0.8453125 0.5270833328125 0.8453125 0.43958333281249995 0.8359375 0.4291666671875 0.8296875 0.4291666671875 0.8171875 0.48333333281249996 0.815625 0.5291666671875 0.825 0.5333333328125 0.8453125 0.5270833328125
11 0.883203125 0 0.8546875 0.0041666671875 0.85625 0.38333333281250004 0.8609375 0.41041666718750003 0.8796875 0.40833333281249995 0.865625 0.43958333281249995 0.85625 0.44375 0.85625 0.5291666671875 0.86875 0.5541666671875001 0.884375 0.5541666671875001 0.89375 0.5354166671875 0.896875 0.0125 0.8921875 0 0.883203125 0
3 0.051668679687499997 0.6283292578124999 0.058003298437499996 0.5029818640625 0.11155507812500001 0.5042807953125 0.1091672671875 0.6081957734375 0.11257820468749999 0.6088452171875 0.11257820468749999 0.5055797296875 0.1247115375 0.6185872375 0.128609734375 0.6172883046875 0.12227514843750001 0.5062291953125 0.1723691125 0.5089566921875 0.1909810328125 0.6140409499999999 0.1924428734375 0.6075462828125 0.177337346875 0.5075281296874999 0.184063734375 0.40504173750000005 0.1390625 0.4 0.125 0.4 0.1140625 0.4895833328125 0.054592359374999996 0.4964871765625 0.049232323437499996 0.6257313921875001 0.051668679687499997 0.6283292578124999
11 0.1046875 0.45208333281249996 0.1015625 0.45208333281249996 0.103125 0.4895833328125 0.1140625 0.4791666671875 0.1140625 0.4583333328125 0.1046875 0.45208333281249996
11 0.1753050328125 0.5739580109375 0.17996415937500002 0.5758210015625 0.1711118296875 0.5075118609375 0.1375 0.50625 0.1359375 0.50625 0.12358892031249999 0.5068908703125 0.125 0.5645833328125 0.12452073906250001 0.5708530578125 0.1753050328125 0.5739580109375
10 0.346875 0.5166666671875 0.3546875 0.5708333328124999 0.39375 0.5708333328124999 0.39375 0.5625 0.371875 0.5520833328125 0.3625 0.5166666671875 0.353125 0.4375 0.365625 0.39791666718749996 0.35 0.3375 0.3484375 0.33541666718749996 0.3359375 0.3395833328125 0.34375 0.39791666718749996 0.3296875 0.48541666718750004 0.346875 0.5166666671875
10 0.396875 0.40416666718750005 0.390625 0.4270833328125 0.4015625 0.43125 0.43125 0.4270833328125 0.434375 0.3604166671875 0.4234375 0.34375 0.4203125 0.3125 0.4109375 0.3125 0.4078125 0.3416666671875 0.3953125 0.35208333281250004 0.390625 0.3708333328125 0.396875 0.40416666718750005
14 0.309375 0.58125 0.309375 0.5583333328125 0.2953125 0.5333333328125 0.290625 0.5270833328125 0.284375 0.54375 0.2921875 0.5479166671875 0.290625 0.58125 0.309375 0.58125
14 0.2265625 0.50625 0.2171875 0.54375 0.1921875 0.5875 0.228125 0.5854166671875001 0.2390625 0.59375 0.2625 0.5833333328125 0.265625 0.575 0.2640625 0.4125 0.271875 0.3645833328125 0.2671875 0.35 0.225 0.35 0.2203125 0.35 0.2078125 0.35208333281250004 0.2015625 0.3625 0.225 0.4166666671875 0.2265625 0.50625
4 0.409375 0.5625 0.4453125 0.5604166671875 0.446875 0.5520833328125 0.4484375 0.5604166671875 0.4625 0.5604166671875 0.4734375 0.5458333328125 0.4686865046875 0.44505057968750006 0.446875 0.4479166671875 0.4265625 0.43541666718750005 0.3609375 0.43333333281249997 0.359375 0.43333333281249997 0.3546875 0.44166666718750003 0.359375 0.4875 0.371875 0.5520833328125 0.409375 0.5625
12 0.99375 0.6229166671875 0.9984375 0.6229166671875 0.9984375 0.32083333281250004 0.996875 0.32083333281250004 0.9828125 0.33541666718749996 0.9796875 0.36875 0.9796875 0.5583333328125 0.99375 0.6229166671875