11 0.275 0.28515625 0.08125 0.55
11 0.39609375 0.409375 0.1421875 0.30625
5 0.825 0.39140625 0.0875 0.22890625
15 0.4984375 0.75 0.996875 0.49140625
7 0.19765625 0.03984375 0.0796875 0.05
7 0.48359375 0.18671875 0.0546875 0.03125
7 0.3734375 0.103125 0.05 0.03125
7 0.35703125 0.1625 0.0421875 0.025
7 0.803125 0.253125 0.025 0.05234375
7 0.48125 0.11328125 0.028125 0.02265625
7 0.4234375 0.20703125 0.021875 0.01484375
7 0.95859375 0.10390625 0.0265625 0.02109375
10 0.4484375 0.36328125 0.09375 0.35625
10 0.6875 0.38359375 0.046875 0.30390625
10 0.74375 0.39609375 0.040625 0.25