11 0.10234375 0.45703125 0.1734375 0.36484375
11 0.3875 0.41796875 0.03125 0.24375
11 0.25546875 0.38046875 0.0421875 0.31484375
5 0.81640625 0.43125 0.0359375 0.15859375
12 0.915625 0.465625 0.165625 0.22734375
15 0.4984375 0.74921875 0.996875 0.49375
7 0.16328125 0.03125 0.0640625 0.0375
7 0.95625 0.08359375 0.084375 0.05
7 0.62890625 0.33046875 0.0171875 0.02734375
7 0.42265625 0.29375 0.0359375 0.01640625
7 0.26171875 0.16328125 0.0640625 0.03125
7 0.66171875 0.1125 0.0765625 0.04140625
7 0.3703125 0.26171875 0.03125 0.01875
7 0.28828125 0.23671875 0.0359375 0.02265625
7 0.1765625 0.19375 0.04375 0.02109375
7 0.34765625 0.28203125 0.0203125 0.01484375
7 0.18046875 0.16640625 0.0296875 0.01640625
7 0.43515625 0.26640625 0.0203125 0.0125
7 0.31171875 0.209375 0.0234375 0.01484375
10 0.3125 0.396875 0.078125 0.35234375
10 0.42265625 0.440625 0.0453125 0.18984375
10 0.2046875 0.41171875 0.065625 0.33125
10 0.5671875 0.44921875 0.034375 0.15625