11 0.23125 0.39140625 0.046875 0.32890625
5 0.56328125 0.42890625 0.0609375 0.17109375
12 0.89453125 0.47578125 0.2078125 0.27734375
15 0.4984375 0.75078125 0.996875 0.48984375
7 0.05703125 0.04375 0.0921875 0.05
7 0.92890625 0.02578125 0.1015625 0.0515625
7 0.55 0.3125 0.01875 0.03359375
7 0.1203125 0.165625 0.05 0.03125
7 0.5890625 0.04609375 0.090625 0.05390625
7 0.3078125 0.25625 0.046875 0.02109375
7 0.234375 0.20625 0.040625 0.02109375
7 0.20078125 0.23671875 0.0265625 0.01875
7 0.25546875 0.26328125 0.0140625 0.01484375
7 0.14296875 0.12421875 0.0328125 0.02265625
7 0.31796875 0.21875 0.0234375 0.01640625
7 0.65546875 0.228125 0.0171875 0.01484375
7 0.11875 0.92109375 0.046875 0.05
7 0.96484375 0.20703125 0.0234375 0.01875
10 0.05625 0.340625 0.1125 0.56015625
10 0.159375 0.43671875 0.04375 0.22265625
10 0.33984375 0.42265625 0.0515625 0.23359375
10 0.4734375 0.44140625 0.0375 0.19140625
10 0.5109375 0.43984375 0.034375 0.175
10 0.19296875 0.428125 0.0390625 0.18515625