7 0.6734375 0.1395833328125 0.675 0.1270833328125 0.6515625 0.08125 0.64375 0.08125 0.640625 0.0958333328125 0.6546875 0.125 0.6625 0.1375 0.6734375 0.1395833328125
7 0.859375 0.1854166671875 0.85625 0.15625 0.8328125 0.1604166671875 0.8296875 0.1541666671875 0.821875 0.1541666671875 0.796875 0.1604166671875 0.7890625 0.19375 0.8375 0.2 0.859375 0.1854166671875
7 0.9078125 0.25 0.9015625 0.19375 0.89140625 0.19375 0.871875 0.20208333281250002 0.875 0.27291666718749996 0.9 0.2708333328125 0.9078125 0.25
7 0.9984375 0.05208333281250001 0.9953125 0.05208333281250001 0.98125 0.0770833328125 0.9859375 0.1 0.9984375 0.0916666671875 0.9984375 0.05208333281250001
10 0.4421875 0.1729166671875 0.4453125 0.1854166671875 0.440625 0.2520833328125 0.4125 0.29375 0.421875 0.30416666718749996 0.434375 0.2916666671875 0.4375 0.3083333328125 0.40625 0.3541666671875 0.40625 0.36875 0.41875 0.3729166671875 0.428125 0.3479166671875 0.4375 0.3458333328125 0.4328125 0.36875 0.44375 0.3958333328125 0.4421875 0.46666666718750005 0.465625 0.54375 0.465625 0.5645833328125 0.4625 0.5833333328125 0.428125 0.6166666671875001 0.4515625 0.61875 0.4546875 0.6270833328125 0.465625 0.6291666671875 0.5 0.6145833328125 0.4828125 0.4458333328125 0.4984375 0.3270833328125 0.4953125 0.2270833328125 0.48125 0.1541666671875 0.4703125 0.1395833328125 0.4546875 0.1395833328125 0.446875 0.1145833328125 0.43125 0.1 0.425 0.1 0.4125 0.10625 0.4046875 0.1375 0.4203125 0.1708333328125 0.4421875 0.1729166671875
10 0.1015625 0.1020833328125 0.0921875 0.1166666671875 0.0875 0.15 0.0796875 0.2416666671875 0.1015625 0.2916666671875 0.103125 0.3479166671875 0.1140625 0.35625 0.1125 0.43541666718750005 0.096875 0.5208333328125 0.0921875 0.6458333328125 0.1234375 0.64375 0.1296875 0.5041666671875 0.1375 0.49791666718750005 0.1578125 0.41875 0.165625 0.41041666718750003 0.1703125 0.43333333281249997 0.1703125 0.6541666671875 0.2359375 0.6541666671875 0.2484375 0.6416666671875 0.2109375 0.6145833328125 0.20625 0.55 0.2125 0.43541666718750005 0.2046875 0.40416666718750005 0.2265625 0.33125 0.2359375 0.3583333328125 0.246875 0.3645833328125 0.2484375 0.3479166671875 0.2375 0.3375 0.246875 0.33125 0.246875 0.3145833328125 0.21875 0.10625 0.2 0.0875 0.203125 0.0625 0.196875 0.0375 0.178125 0.0208333328125 0.1640625 0.0208333328125 0.153125 0.0333333328125 0.153125 0.0666666671875 0.115625 0.1 0.1015625 0.1020833328125
10 0.3046875 0.2875 0.3046875 0.325 0.3234375 0.3291666671875 0.328125 0.3395833328125 0.3765625 0.3375 0.3765625 0.3104166671875 0.384375 0.28958333281250004 0.403125 0.3145833328125 0.4078125 0.33541666718749996 0.4234375 0.3 0.4171875 0.3020833328125 0.38125 0.24583333281250003 0.3828125 0.1916666671875 0.36875 0.175 0.3609375 0.175 0.3484375 0.20208333281250002 0.35 0.2270833328125 0.321875 0.23958333281250002 0.3046875 0.2875
10 0.1265625 0.6083333328125 0.1515625 0.5833333328125 0.1515625 0.54375 0.165625 0.5354166671875 0.1671875 0.47083333281249995 0.1625 0.45416666718750004 0.1578125 0.45416666718750004 0.15625 0.46666666718750005 0.1421875 0.48333333281249996 0.13125 0.525 0.1265625 0.6083333328125
10 0.0484375 0.1666666671875 0.040625 0.19583333281249998 0.0546875 0.2791666671875 0.053125 0.3604166671875 0.0671875 0.39375 0.0703125 0.6291666671875 0.090625 0.625 0.0953125 0.5083333328124999 0.1109375 0.43333333281249997 0.1109375 0.35625 0.1 0.3458333328125 0.1 0.29375 0.078125 0.2541666671875 0.0765625 0.2375 0.090625 0.1145833328125 0.1265625 0.08333333281250001 0.1140625 0.06875 0.10625 0.06875 0.0828125 0.08125 0.078125 0.125 0.071875 0.1416666671875 0.0484375 0.1666666671875
15 0 0.9979166671874999 0.9984375 0.9979166671874999 0.9984375 0.56875 0.9296875 0.5625 0.9234375 0.5625 0.9203125 0.5916666671875 0.903125 0.6020833328124999 0.8953125 0.5895833328125 0.7859375 0.5875 0.6859375 0.6020833328124999 0.6140625 0.5958333328125 0.5859375 0.6020833328124999 0.5796875 0.5958333328125 0.571875 0.6104166671875 0.559375 0.5958333328125 0.5515625 0.6145833328125 0.509375 0.6104166671875 0.5046875 0.6229166671875 0.4828125 0.6395833328125 0.4453125 0.6395833328125 0.425 0.6333333328124999 0.4125 0.61875 0.4046875 0.6291666671875 0.359375 0.6229166671875 0.3484375 0.6104166671875 0.3015625 0.6270833328125 0.2984375 0.6125 0.2953125 0.625 0.2515625 0.625 0.25 0.6583333328125 0.234375 0.6645833328124999 0.2359375 0.6708333328125 0.1890625 0.6791666671875001 0.171875 0.6770833328125 0.1625 0.66875 0.1609375 0.65625 0.1484375 0.6541666671875 0.15 0.6479166671875001 0.140625 0.65625 0.0953125 0.6645833328124999 0.0640625 0.65625 0.059375 0.575 0.0328125 0.56875 0.03125 0.5895833328125 0.01875 0.5958333328125 0.0203125 0.6291666671875 0.0328125 0.6604166671875 0.0296875 0.6854166671875 0 0.6895833328125 0 0.9979166671874999
14 0.490625 0.48541666718750004 0.4921875 0.5645833328125 0.5 0.5791666671875 0.4953125 0.5958333328125 0.5484375 0.60625 0.5515625 0.5979166671875 0.53125 0.5666666671875 0.5171875 0.5270833328125 0.5109375 0.48125 0.5140625 0.39791666718749996 0.5375 0.33125 0.53125 0.3229166671875 0.509375 0.31875 0.4984375 0.31875 0.496875 0.3708333328125 0.4875 0.3916666671875 0.4828125 0.4375 0.490625 0.48541666718750004
4 0.215625 0.4291666671875 0.2109375 0.5395833328124999 0.215625 0.6083333328125 0.36875 0.5958333328125 0.415625 0.6 0.4515625 0.5854166671875001 0.453125 0.5229166671875001 0.4390625 0.4625 0.440625 0.4 0.4359375 0.3895833328125 0.4265625 0.3875 0.41875 0.40833333281249995 0.36875 0.3958333328125 0.35625 0.375 0.2609375 0.36666666718749996 0.259375 0.3645833328125 0.2515625 0.3708333328125 0.24375 0.43958333281249995 0.2328125 0.4458333328125 0.215625 0.4291666671875