5 0.4578125 0.2666666671875 0.46875 0.25833333281250004 0.4796875 0.2625 0.5109375 0.3333333328125 0.5015625 0.45416666718750004 0.5078125 0.46666666718750005 0.525 0.46875 0.534375 0.48125 0.540625 0.5416666671875 0.621875 0.54375 0.628125 0.5333333328125 0.640625 0.53125 0.8328125 0.5375 0.834375 0.2520833328125 0.840625 0.23333333281250002 0.8421875 0.16875 0.840625 0.1125 0.834375 0.10625 0.8296875 0.10625 0.803125 0.1166666671875 0.440625 0.1666666671875 0.440625 0.24583333281250003 0.4578125 0.2666666671875
7 0.60625 0.25 0.56875 0.19583333281249998 0.565625 0.19583333281249998 0.5609375 0.20625 0.56875 0.21875 0.59375 0.25 0.60625 0.25
10 0.14375 0.25833333281250004 0.14375 0.2833333328125 0.1609375 0.28958333281250004 0.165625 0.40416666718750005 0.184375 0.48541666718750004 0.1828125 0.5916666671875 0.1703125 0.61875 0.1453125 0.6333333328124999 0.14375 0.6416666671875 0.1859375 0.6354166671875 0.2015625 0.6208333328125 0.2125 0.5354166671875 0.2125 0.4479166671875 0.225 0.49583333281249997 0.228125 0.5708333328124999 0.2265625 0.6104166671875 0.2109375 0.64375 0.2296875 0.6458333328125 0.24375 0.63125 0.25625 0.53125 0.253125 0.4291666671875 0.259375 0.3625 0.2453125 0.2833333328125 0.2703125 0.2791666671875 0.2734375 0.2645833328125 0.2578125 0.17916666718750002 0.225 0.1375 0.2234375 0.0895833328125 0.21875 0.07291666718749999 0.2078125 0.0645833328125 0.19375 0.0645833328125 0.16875 0.0916666671875 0.165625 0.1666666671875 0.153125 0.1875 0.14375 0.25833333281250004
7 0.1625 0.10625 0.15 0.0979166671875 0.1375 0.0979166671875 0.1359375 0.1208333328125 0.1421875 0.1291666671875 0.1640625 0.11875 0.1625 0.10625
7 0.7453125 0.0270833328125 0.73125 0.0270833328125 0.7203125 0.0333333328125 0.7203125 0.054166667187499996 0.74375 0.05208333281250001 0.7453125 0.0270833328125
10 0.2546875 0.4458333328125 0.2578125 0.5520833328125 0.259375 0.5666666671875 0.2734375 0.5645833328125 0.28125 0.5541666671875001 0.2953125 0.5770833328125 0.321875 0.5604166671875 0.3234375 0.5375 0.315625 0.46458333281249997 0.3125 0.4479166671875 0.31875 0.43333333281249997 0.3078125 0.3916666671875 0.2953125 0.2604166671875 0.2875 0.24583333281250003 0.278125 0.24583333281250003 0.2796875 0.275 0.2515625 0.29375 0.2609375 0.3583333328125 0.2546875 0.4458333328125
14 0.440625 0.44375 0.440625 0.5583333328125 0.4703125 0.5458333328125 0.4640625 0.48125 0.4703125 0.3958333328125 0.465625 0.3875 0.4328125 0.3875 0.4296875 0.3875 0.415625 0.3916666671875 0.4171875 0.4 0.4484375 0.43125 0.440625 0.44375
10 0.471875 0.44166666718750003 0.465625 0.47083333281249995 0.4734375 0.55 0.4625 0.5604166671875 0.46875 0.5625 0.4984375 0.55625 0.4953125 0.45208333281249996 0.5109375 0.3604166671875 0.50625 0.31875 0.496875 0.3 0.4875 0.2958333328125 0.475 0.2625 0.465625 0.2625 0.45625 0.2770833328125 0.4578125 0.28958333281250004 0.478125 0.3125 0.471875 0.44166666718750003
15 0 0.9979166671874999 0.9984375 0.9979166671874999 0.9984375 0.5645833328125 0.971875 0.5625 0.9625 0.5708333328124999 0.946875 0.5583333328125 0.8953125 0.55625 0.8875 0.56875 0.8828125 0.5625 0.853125 0.56875 0.8375 0.5604166671875 0.8296875 0.5375 0.7375 0.5333333328125 0.7265625 0.5479166671875 0.7171875 0.5375 0.6625 0.5354166671875 0.6609375 0.5333333328125 0.6296875 0.5541666671875001 0.525 0.5583333328125 0.48125 0.575 0.4140625 0.56875 0.403125 0.5770833328125 0.39375 0.56875 0.38125 0.5770833328125 0.309375 0.5854166671875001 0.3 0.59375 0.275 0.5791666671875 0.265625 0.60625 0.2515625 0.6104166671875 0.2484375 0.64375 0.23125 0.65625 0.196875 0.6458333328125 0.1421875 0.6541666671875 0.13125 0.6333333328124999 0.15625 0.6208333328125 0.1609375 0.6104166671875 0.128125 0.6041666671875 0.103125 0.61875 0.0421875 0.6083333328125 0.03125 0.6166666671875001 0.021875 0.6395833328125 0.0125 0.6291666671875 0 0.63125 0 0.9979166671874999
5 0.4765625 0.33125 0.475 0.3125 0.459375 0.2979166671875 0.4578125 0.2979166671875 0.4578125 0.36875 0.465625 0.3729166671875 0.4734375 0.3604166671875 0.4765625 0.33125
11 0.84756673125 0 0.85 0.54375 0.8453125 0.5520833328125 0.88125 0.55625 0.8875 0.41875 0.8875 0.07083333281250001 0.8880514984375001 0 0.865625 0 0.8578125 0 0.84756673125 0
11 0.0171875 0 0.015625 0.0125 0.0140625 0.24375 0.0171875 0.2479166671875 0.0453125 0.225 0.0609375 0.23125 0.078125 0.2666666671875 0.08125 0.30625 0.1015625 0.33541666718749996 0.1171875 0.3916666671875 0.1171875 0.4145833328125 0.1 0.42083333281249996 0.09375 0.4458333328125 0.10625 0.5895833328125 0.134375 0.55625 0.140625 0.5104166671875 0.140625 0.375 0.1265625 0.34375 0.134375 0.325 0.1265625 0.2854166671875 0.1359375 0.2770833328125 0.1390625 0.19375 0.134375 0.1145833328125 0.1390625 0.0875 0.1375 0 0.12947916718750002 0 0.0171875 0
10 0 0.48333333281249996 0.0109375 0.47291666718750003 0.0171875 0.4125 0.0328125 0.38333333281250004 0.06875 0.3916666671875 0.0921875 0.3875 0.096875 0.4145833328125 0.1140625 0.4125 0.1109375 0.36875 0.1 0.33541666718749996 0.0765625 0.30625 0.0796875 0.2833333328125 0.0609375 0.23541666718749998 0.0484375 0.22916666718749998 0.04375 0.22916666718749998 0.0296875 0.23541666718749998 0.0171875 0.2541666671875 0.03125 0.3083333328125 0 0.3708333328125 0 0.48333333281249996
11 0.015625 0.2625 0.015625 0.3270833328125 0.028125 0.30625 0.0171875 0.2625 0.015625 0.2625
3 0.0017325437499999998 0.4845918078125 0 0.4981789890625 0.0093781 0.4981789890625 0.0125 0.5291666671875 0.0125637515625 0.6264081359375 0.0170236125 0.5839481734375 0.019572159375000002 0.6332017125 0.025 0.6291666671875 0.025 0.5020833328125 0.0671875 0.5020833328125 0.08519633125000001 0.5058217921875 0.1 0.6083333328125 0.103125 0.6 0.0921875 0.4875 0.0921875 0.3916666671875 0.034375 0.3895833328125 0.0328125 0.3875 0.021483515624999998 0.4030686390625 0.0171875 0.42291666718750004 0.0140625 0.47291666718750003 0.0017325437499999998 0.4845918078125
11 0.03125 0.575 0.065625 0.575 0.0625 0.53125 0.0671875 0.5229166671875001 0.0680216078125 0.5068995734375 0.046875 0.5083333328124999 0.0375 0.5083333328124999 0.023193539062499997 0.5050611375 0.0234375 0.5270833328125 0.025 0.56875 0.03125 0.575
11 0.08733213749999999 0.5785987421875001 0.0935391015625 0.5785987421875001 0.08274449218749999 0.5047100765625 0.08733213749999999 0.5785987421875001
4 0.3265625 0.5520833328125 0.3453125 0.5645833328125 0.3625 0.55625 0.3984375 0.5541666671875001 0.40625 0.5604166671875 0.4359375 0.5520833328125 0.440625 0.5458333328125 0.440625 0.43958333281249995 0.446875 0.4291666671875 0.3921875 0.43125 0.3515625 0.42083333281249996 0.3484375 0.42083333281249996 0.321875 0.4291666671875 0.325 0.45 0.3171875 0.48125 0.3265625 0.5520833328125
14 0.2203125 0.4770833328125 0.2125 0.4770833328125 0.2171875 0.48125 0.2125 0.5875 0.2234375 0.5895833328125 0.2203125 0.4770833328125
14 0.1546875 0.41875 0.1546875 0.5 0.1453125 0.5416666671875 0.11875 0.5833333328125 0.1234375 0.5895833328125 0.115625 0.59375 0.1484375 0.5916666671875 0.165625 0.6041666671875 0.18125 0.5916666671875 0.1828125 0.48541666718750004 0.1625 0.4 0.1609375 0.3416666671875 0.1546875 0.3291666671875 0.146875 0.3291666671875 0.134375 0.33125 0.128125 0.3458333328125 0.1453125 0.3770833328125 0.1546875 0.41875
10 0.3515625 0.41875 0.3609375 0.425 0.3921875 0.42083333281249996 0.3921875 0.3729166671875 0.4015625 0.375 0.40625 0.3895833328125 0.4109375 0.3854166671875 0.40625 0.35625 0.3875 0.33541666718749996 0.390625 0.3083333328125 0.384375 0.2979166671875 0.378125 0.2979166671875 0.3703125 0.3291666671875 0.353125 0.34375 0.359375 0.3958333328125 0.3515625 0.41875