5 0.659375 0.43828125 0.05 0.14765625
5 0.78046875 0.434375 0.0359375 0.16015625
12 0.89765625 0.46640625 0.2015625 0.25
15 0.4984375 0.75078125 0.996875 0.48984375
7 0.925 0.08359375 0.0875 0.05
7 0.10703125 0.01484375 0.0703125 0.02890625
7 0.59453125 0.33359375 0.0171875 0.02890625
7 0.628125 0.11015625 0.078125 0.04140625
7 0.21484375 0.15234375 0.0671875 0.03359375
7 0.384375 0.29140625 0.0375 0.01640625
7 0.2671875 0.20078125 0.025 0.01484375
7 0.23984375 0.23046875 0.0390625 0.02265625
7 0.12578125 0.184375 0.0453125 0.02265625
7 0.12890625 0.15546875 0.0296875 0.01875
7 0.30546875 0.28046875 0.0234375 0.01484375
7 0.3296875 0.25859375 0.03125 0.01640625
7 0.396875 0.26484375 0.01875 0.0125
10 0.26171875 0.39609375 0.0859375 0.375
10 0.146875 0.41484375 0.06875 0.35
10 0.55859375 0.44921875 0.0234375 0.15234375
10 0.3734375 0.43984375 0.03125 0.19140625
10 0.5328125 0.45234375 0.03125 0.15859375