11 0.2734375 0.28515625 0.08125 0.55
11 0.39453125 0.409375 0.1453125 0.30625
5 0.825 0.39296875 0.0875 0.23125
5 0.93359375 0.38515625 0.1265625 0.24140625
15 0.4984375 0.75 0.996875 0.49140625
7 0.19765625 0.03828125 0.0796875 0.05234375
7 0.3734375 0.103125 0.05 0.03125
7 0.803125 0.25234375 0.025 0.05
7 0.48359375 0.184375 0.0546875 0.02734375
7 0.35703125 0.1625 0.0421875 0.025
7 0.725 0.31953125 0.025 0.06015625
7 0.48125 0.11328125 0.028125 0.02265625
7 0.4234375 0.20625 0.021875 0.01640625
10 0.4765625 0.365625 0.103125 0.35234375
10 0.65078125 0.39140625 0.0828125 0.29140625
10 0.74453125 0.39609375 0.0359375 0.25
10 0.2171875 0.371875 0.04375 0.28984375
10 0.71015625 0.41640625 0.0640625 0.23359375