14 0.10625 0.3916666671875 0.1421875 0.39791666718749996 0.1578125 0.38125 0.203125 0.3895833328125 0.221875 0.3583333328125 0.2 0.33541666718749996 0.1765625 0.3333333328125 0.1734375 0.325 0.1640625 0.3395833328125 0.1171875 0.3416666671875 0.0984375 0.3229166671875 0.09375 0.3229166671875 0.090625 0.3645833328125 0.0953125 0.3875 0.103125 0.38333333281250004 0.10625 0.3916666671875
7 0.2171875 0.28958333281250004 0.2109375 0.2854166671875 0.2015625 0.2854166671875 0.1921875 0.2854166671875 0.1984375 0.3 0.215625 0.2979166671875 0.2171875 0.28958333281250004
7 0.23125 0.3166666671875 0.23125 0.325 0.246875 0.3270833328125 0.2453125 0.3166666671875 0.23125 0.3166666671875
14 0.0921875 0.39791666718749996 0.071875 0.4166666671875 0.0703125 0.4270833328125 0.0890625 0.43333333281249997 0.0875 0.46875 0.0953125 0.46666666718750005 0.103125 0.4458333328125 0.1109375 0.4604166671875 0.1078125 0.5833333328125 0.0875 0.5875 0.0875 0.6 0.10625 0.5875 0.1125 0.6291666671875 0.121875 0.63125 0.1265625 0.5791666671875 0.1234375 0.45208333281249996 0.14375 0.43958333281249995 0.15 0.4458333328125 0.1515625 0.4770833328125 0.146875 0.48125 0.1515625 0.49375 0.146875 0.49583333281249997 0.153125 0.5 0.1546875 0.46875 0.1625 0.46875 0.1640625 0.4604166671875 0.16875 0.46458333281249997 0.171875 0.44166666718750003 0.221875 0.45416666718750004 0.2171875 0.5833333328125 0.228125 0.5979166671875 0.234375 0.5375 0.23125 0.45 0.234375 0.44375 0.275 0.4375 0.28125 0.4458333328125 0.28125 0.6166666671875001 0.2828125 0.6229166671875 0.29375 0.61875 0.29375 0.4291666671875 0.309375 0.4145833328125 0.309375 0.39791666718749996 0.159375 0.3854166671875 0.1578125 0.38333333281250004 0.15 0.39375 0.1421875 0.3875 0.1328125 0.39791666718749996 0.0921875 0.39791666718749996
7 0.2546875 0.33125 0.25625 0.3395833328125 0.265625 0.3395833328125 0.2625 0.33125 0.2546875 0.33125
7 0.3140625 0.3270833328125 0.3 0.325 0.2984375 0.325 0.29375 0.3270833328125 0.2953125 0.3375 0.3171875 0.33541666718749996 0.3140625 0.3270833328125
7 0.171875 0.17916666718750002 0.1671875 0.17916666718750002 0.1671875 0.1979166671875 0.18125 0.19583333281249998 0.1828125 0.1854166671875 0.171875 0.17916666718750002
5 0.46875 0.375 0.4640625 0.3916666671875 0.459375 0.4770833328125 0.465625 0.46458333281249997 0.4671875 0.40833333281249995 0.4796875 0.40416666718750005 0.4921875 0.4270833328125 0.4921875 0.50625 0.575 0.50625 0.5796875 0.49791666718750005 0.5796875 0.34375 0.571875 0.34375 0.4703125 0.34375 0.46875 0.35625 0.4796875 0.3729166671875 0.46875 0.375
10 0.4890625 0.43125 0.478125 0.40833333281249995 0.4734375 0.40833333281249995 0.4671875 0.43541666718750005 0.475 0.5125 0.4859375 0.5125 0.4890625 0.43125
7 0.465625 0.3541666671875 0.465625 0.36875 0.4765625 0.375 0.4671875 0.3541666671875 0.465625 0.3541666671875
7 0.7640625 0.1354166671875 0.7671875 0.1020833328125 0.7625 0.0895833328125 0.7609375 0.0895833328125 0.71875 0.1041666671875 0.7125 0.1270833328125 0.728125 0.1375 0.7640625 0.1354166671875
7 0.2203125 0.27291666718749996 0.2234375 0.2833333328125 0.2359375 0.28125 0.234375 0.27291666718749996 0.2203125 0.27291666718749996
7 0.709375 0.21875 0.73125 0.2125 0.7359375 0.20625 0.7328125 0.19375 0.7171875 0.1875 0.70625 0.1875 0.684375 0.19375 0.678125 0.20208333281250002 0.6796875 0.21458333281250003 0.709375 0.21875
7 0.2625 0.30416666718749996 0.2515625 0.3104166671875 0.275 0.3145833328125 0.2703125 0.30416666718749996 0.2625 0.30416666718749996
7 0.3140625 0.3104166671875 0.309375 0.31875 0.321875 0.32083333281250004 0.3171875 0.3104166671875 0.3140625 0.3104166671875
7 0.2203125 0.24583333281250003 0.2015625 0.2416666671875 0.1875 0.2416666671875 0.178125 0.25 0.19375 0.2604166671875 0.225 0.2541666671875 0.2203125 0.24583333281250003
10 0.34375 0.28125 0.384375 0.3333333328125 0.375 0.35625 0.3890625 0.45 0.378125 0.5229166671875001 0.38125 0.5916666671875 0.3765625 0.6041666671875 0.4046875 0.6 0.4 0.5395833328124999 0.415625 0.4604166671875 0.4140625 0.6104166671875 0.45 0.6125 0.465625 0.6083333328125 0.4375 0.5791666671875 0.44375 0.575 0.440625 0.5083333328124999 0.4578125 0.40625 0.4578125 0.2979166671875 0.453125 0.2270833328125 0.4359375 0.19583333281249998 0.44375 0.14791666718750002 0.4296875 0.125 0.421875 0.125 0.4078125 0.13125 0.40625 0.17916666718750002 0.371875 0.21875 0.34375 0.28125
10 0.0234375 0.4875 0.028125 0.48125 0.03125 0.53125 0.0375 0.53125 0.0375 0.49375 0.0453125 0.49583333281249997 0.046875 0.53125 0.06875 0.53125 0.0765625 0.4583333328125 0.071875 0.4479166671875 0.0609375 0.4479166671875 0.053125 0.4166666671875 0.0484375 0.4166666671875 0.0109375 0.46875 0 0.5291666671875 0.025 0.53125 0.0234375 0.4875
15 0 0.9979166671874999 0.9984375 0.9958333328125001 0.9984375 0.59375 0.990625 0.5895833328125 0.99375 0.575 0.9703125 0.5708333328124999 0.9671875 0.5791666671875 0.965625 0.7416666671875001 0.959375 0.7354166671875 0.953125 0.7416666671875001 0.90625 0.7375 0.8765625 0.74375 0.85 0.7354166671875 0.7265625 0.7375 0.6859375 0.6895833328125 0.684375 0.6791666671875001 0.6546875 0.6520833328125 0.65625 0.5645833328125 0.6453125 0.55 0.6234375 0.5395833328124999 0.6109375 0.5479166671875 0.60625 0.525 0.59375 0.5333333328125 0.5765625 0.5166666671875 0.5359375 0.5145833328125 0.534375 0.5145833328125 0.471875 0.525 0.46875 0.55625 0.484375 0.5645833328125 0.4875 0.5875 0.45625 0.625 0.378125 0.6166666671875001 0.36875 0.5875 0.371875 0.55 0.365625 0.5395833328124999 0.3171875 0.5416666671875 0.309375 0.5333333328125 0.2984375 0.5395833328124999 0.29375 0.63125 0.28125 0.63125 0.2734375 0.61875 0.275 0.5520833328125 0.2390625 0.5666666671875 0.2296875 0.6041666671875 0.2 0.5958333328125 0.1859375 0.60625 0.13125 0.6125 0.1265625 0.6375 0.11875 0.64375 0.109375 0.6416666671875 0.10625 0.6104166671875 0.084375 0.6125 0.0703125 0.5958333328125 0.0234375 0.5916666671875 0.01875 0.5833333328125 0.0078125 0.5875 0.015625 0.5916666671875 0 0.59375 0 0.9979166671874999
7 0 0.054166667187499996 0.0125 0.05208333281250001 0.01875 0.0354166671875 0.0015625 0.01875 0 0.01875 0 0.054166667187499996
7 0.3984375 0 0.4359375 0.014583332812499999 0.4703125 0.0125 0.490625 0 0.48224431875 0 0.3984375 0
7 0.078125 0.1666666671875 0.075 0.15 0.0515625 0.1416666671875 0.04375 0.1416666671875 0.0203125 0.1416666671875 0.0140625 0.1541666671875 0.0359375 0.16875 0.078125 0.1666666671875
11 0.9420516296875 0 0.765625 0.0041666671875 0.765625 0.2916666671875 0.8375 0.29375 0.865625 0.3291666671875 0.8671875 0.48125 0.8734375 0.48541666718750004 0.8671875 0.5125 0.86875 0.6604166671875 0.88125 0.6729166671875 0.8859375 0.73125 0.9578125 0.73125 0.9640625 0.69375 0.9625 0.6729166671875 0.953125 0.6666666671875 0.95 0 0.9420516296875 0
11 0.0890625 0.3479166671875 0.090625 0.1541666671875 0.0953125 0.14791666718750002 0.128125 0.14375 0.1390625 0.15625 0.140625 0.23958333281250002 0.165625 0.2479166671875 0.165625 0.075 0.1484375 0.05208333281250001 0.1385416671875 0.05208333281250001 0.0828125 0.054166667187499996 0.0796875 0.060416667187499995 0.0828125 0.35208333281250004 0.0890625 0.3479166671875
14 0.125 0.575 0.1515625 0.5770833328125 0.1578125 0.5854166671875001 0.215625 0.5875 0.2171875 0.5645833328125 0.203125 0.54375 0.1921875 0.5020833328125 0.19375 0.44166666718750003 0.14375 0.43541666718750005 0.1421875 0.43333333281249997 0.1328125 0.45 0.134375 0.49583333281249997 0.125 0.5354166671875 0.125 0.575