5 0.5015625 0.3958333328125 0.492578125 0.3958333328125 0.465625 0.3958333328125 0.4671875 0.50625 0.5015625 0.50625 0.5015625 0.3958333328125
5 0.478125 0.4916666671875 0.4828125 0.5041666671875 0.5390625 0.5041666671875 0.5421875 0.35 0.5046875 0.3479166671875 0.49453125 0.3479166671875 0.4640625 0.35208333281250004 0.4671875 0.5041666671875 0.475 0.5041666671875 0.478125 0.4916666671875
14 0.11875 0.4291666671875 0.1203125 0.5625 0.13125 0.5770833328125 0.1578125 0.5645833328125 0.16875 0.56875 0.1734375 0.6 0.1828125 0.6 0.184375 0.5729166671875 0.190625 0.5645833328125 0.2234375 0.5625 0.2484375 0.575 0.25 0.45 0.2546875 0.44375 0.296875 0.4479166671875 0.3046875 0.49791666718750005 0.3125 0.5020833328125 0.3125 0.5291666671875 0.303125 0.5333333328125 0.303125 0.5875 0.309375 0.59375 0.315625 0.49375 0.3109375 0.4375 0.3265625 0.4270833328125 0.328125 0.4125 0.2484375 0.40625 0.23125 0.3958333328125 0.2390625 0.36875 0.2203125 0.35208333281250004 0.14375 0.3583333328125 0.1296875 0.3395833328125 0.125 0.3395833328125 0.121875 0.3958333328125 0.1296875 0.4 0.1234375 0.40416666718750005 0.11875 0.4291666671875
7 0.221875 0.3166666671875 0.2125 0.3166666671875 0.203125 0.3166666671875 0.2015625 0.325 0.2203125 0.3291666671875 0.221875 0.3166666671875
10 0.2828125 0.3458333328125 0.271875 0.3375 0.2703125 0.33541666718749996 0.2546875 0.40416666718750005 0.2875 0.39791666718749996 0.2890625 0.36875 0.2828125 0.3458333328125
7 0.2671875 0.325 0.2640625 0.325 0.2578125 0.3333333328125 0.2625 0.3395833328125 0.2703125 0.33125 0.2671875 0.325
7 0.24375 0.30416666718749996 0.2328125 0.30416666718749996 0.228125 0.3166666671875 0.2484375 0.31875 0.2515625 0.3083333328125 0.24375 0.30416666718749996
10 0.36875 0.3333333328125 0.3828125 0.3791666671875 0.3875 0.45 0.3765625 0.58125 0.403125 0.5770833328125 0.4234375 0.5875 0.4453125 0.58125 0.4296875 0.5541666671875001 0.43125 0.4875 0.4453125 0.40416666718750005 0.4390625 0.35625 0.440625 0.3 0.4625 0.3083333328125 0.465625 0.2875 0.4328125 0.21458333281250003 0.4328125 0.19583333281249998 0.41875 0.1833333328125 0.4125 0.1833333328125 0.4046875 0.1916666671875 0.4015625 0.23541666718749998 0.3703125 0.2791666671875 0.36875 0.3333333328125
18 0.9 0.3958333328125 0.896875 0.35 0.8889204546875 0.35 0.809375 0.35 0.809375 0.41041666718750003 0.884375 0.41041666718750003 0.9 0.3958333328125
15 0 0.9979166671874999 0.9984375 0.9979166671874999 0.9984375 0.6020833328124999 0.9609375 0.59375 0.965625 0.58125 0.99375 0.5833333328125 0.9984375 0.5708333328124999 0.9625 0.5583333328125 0.9265625 0.56875 0.9171875 0.55625 0.903125 0.5541666671875001 0.8515625 0.5541666671875001 0.8328125 0.5625 0.8296875 0.55 0.8203125 0.55 0.8109375 0.5645833328125 0.809375 0.65625 0.6453125 0.6541666671875 0.6109375 0.61875 0.6015625 0.6 0.5984375 0.5833333328125 0.60625 0.55 0.5890625 0.53125 0.5625 0.53125 0.559375 0.5229166671875001 0.5484375 0.53125 0.5453125 0.51875 0.5359375 0.5145833328125 0.5265625 0.5145833328125 0.45625 0.5208333328125 0.4671875 0.53125 0.4671875 0.575 0.4515625 0.5916666671875 0.4359375 0.5958333328125 0.378125 0.5958333328125 0.371875 0.5770833328125 0.3734375 0.5479166671875 0.365625 0.53125 0.3296875 0.5291666671875 0.325 0.5395833328124999 0.3171875 0.5333333328125 0.3234375 0.5479166671875 0.3203125 0.5854166671875001 0.3125 0.6020833328124999 0.296875 0.5958333328125 0.29375 0.5395833328124999 0.2578125 0.55 0.25 0.5854166671875001 0.221875 0.5791666671875 0.215625 0.5875 0.1890625 0.5875 0.1859375 0.60625 0.1796875 0.6104166671875 0.16875 0.59375 0.153125 0.5854166671875001 0.13125 0.5875 0.1234375 0.5770833328125 0.071875 0.5791666671875 0.0515625 0.5645833328125 0.021875 0.5729166671875 0.0046875 0.56875 0 0.5770833328125 0 0.9979166671874999
7 0.3796875 0 0.3734375 0.0229166671875 0.403125 0.04375 0.4453125 0.0458333328125 0.4640625 0.0375 0.471875 0.025 0.46875 0.0083333328125 0.459375 0 0.45140624999999995 0 0.3796875 0
7 0.690625 0.125 0.6875 0.1208333328125 0.66875 0.1354166671875 0.6703125 0.15625 0.690625 0.15625 0.690625 0.125
7 0 0.2104166671875 0.0109375 0.20208333281250002 0.003125 0.1875 0 0.1875 0 0.2104166671875
7 0.0796875 0.1854166671875 0.0859375 0.1770833328125 0.078125 0.16458333281249998 0.0515625 0.1583333328125 0.04375 0.1583333328125 0.028125 0.1604166671875 0.0234375 0.1729166671875 0.05625 0.1875 0.0796875 0.1854166671875
7 0.2078125 0.2645833328125 0.2078125 0.2541666671875 0.190625 0.2479166671875 0.1828125 0.2479166671875 0.175 0.2479166671875 0.1703125 0.2625 0.18125 0.26875 0.2078125 0.2645833328125
7 0.2046875 0.275 0.2015625 0.2875 0.215625 0.2875 0.2125 0.275 0.2046875 0.275
7 0.903125 0.2125 0.8890625 0.20625 0.8796875 0.20625 0.85 0.2104166671875 0.8421875 0.2270833328125 0.8921875 0.22916666718749998 0.903125 0.2125
7 0.29375 0.3125 0.2859375 0.3125 0.2828125 0.3229166671875 0.2875 0.325 0.296875 0.32083333281250004 0.29375 0.3125
10 0.278125 0.5354166671875 0.2859375 0.50625 0.284375 0.4583333328125 0.28125 0.45 0.2640625 0.4458333328125 0.2609375 0.4458333328125 0.2546875 0.45208333281249996 0.2609375 0.49583333281249997 0.2578125 0.5333333328125 0.278125 0.5354166671875
10 0.021875 0.46666666718750005 0.03125 0.47083333281249995 0.0375 0.525 0.0578125 0.525 0.0640625 0.48333333281249996 0.04375 0.4166666671875 0.0375 0.4166666671875 0.00625 0.46458333281249997 0.0046875 0.5270833328125 0.015625 0.5229166671875001 0.021875 0.46666666718750005
16 0.6421875 0.64375 0.7375 0.6416666671875 0.7359375 0.3791666671875 0.7265625 0.3645833328125 0.684375 0.3604166671875 0.676171875 0.3604166671875 0.6515625 0.3604166671875 0.6140625 0.39791666718749996 0.609375 0.60625 0.6421875 0.64375
11 0.1015625 0.5375 0.1171875 0.5354166671875 0.11875 0.5208333328125 0.115625 0.34375 0.121875 0.3291666671875 0.121875 0.19375 0.13125 0.18125 0.1546875 0.1770833328125 0.171875 0.1833333328125 0.1734375 0.1770833328125 0.1734375 0.1145833328125 0.159375 0.09375 0.15133928593749998 0.09375 0.103125 0.09375 0.1 0.1 0.0953125 0.5354166671875 0.1015625 0.5375
11 0.8046875 0 0.69375 0.0020833328125000002 0.6859375 0.3541666671875 0.7234375 0.3583333328125 0.7328125 0.3770833328125 0.7359375 0.6 0.753125 0.6104166671875 0.803125 0.60625 0.8125 0 0.8046875 0
7 0 0.0875 0.0453125 0.08333333281250001 0.04375 0.0645833328125 0.0125 0.05 0 0.05 0 0.0875