7 0.7390625 0 0.7359375 0.0645833328125 0.7 0.0875 0.6984375 0.10833333281249999 0.7046875 0.1145833328125 0.7515625 0.1166666671875 0.7828125 0.1 0.7796875 0.075 0.7421875 0.0625 0.7453125 0 0.7390625 0
7 0.740625 0.11875 0.7796875 0.1041666671875 0.784375 0.09375 0.78125 0.0791666671875 0.759375 0.0666666671875 0.7484375 0.0666666671875 0.7078125 0.0791666671875 0.6984375 0.09375 0.7 0.11041666718750001 0.740625 0.11875
14 0 0.42083333281249996 0.05625 0.42291666718750004 0.0640625 0.43541666718750005 0.0875 0.43333333281249997 0.103125 0.4458333328125 0.096875 0.56875 0.1 0.625 0.1078125 0.6229166671875 0.1125 0.6 0.115625 0.45208333281249996 0.1234375 0.4479166671875 0.125 0.43541666718750005 0.13125 0.43958333281249995 0.1296875 0.45 0.1375 0.43125 0.140625 0.43958333281249995 0.1546875 0.43958333281249995 0.15 0.4770833328125 0.1546875 0.5041666671875 0.146875 0.5145833328125 0.146875 0.6625 0.15 0.6708333328125 0.1609375 0.6708333328125 0.1640625 0.40208333281249997 0.1921875 0.3875 0.1921875 0.36666666718749996 0.1578125 0.35625 0.0984375 0.35625 0.1 0.3375 0.1109375 0.32083333281250004 0.08125 0.3104166671875 0.071875 0.2958333328125 0.0609375 0.30416666718749996 0.059375 0.29375 0.0515625 0.29375 0.0515625 0.30416666718749996 0 0.3020833328125 0 0.42083333281249996
7 0.159375 0.27291666718749996 0.146875 0.26875 0.1390625 0.26875 0.1171875 0.275 0.128125 0.2833333328125 0.1609375 0.2833333328125 0.159375 0.27291666718749996
10 0.2 0.38333333281250004 0.2078125 0.39791666718749996 0.2109375 0.525 0.20625 0.54375 0.1984375 0.5479166671875 0.2171875 0.5479166671875 0.2203125 0.5395833328124999 0.2265625 0.5479166671875 0.2359375 0.54375 0.240625 0.5083333328124999 0.2375 0.40625 0.2453125 0.35625 0.2296875 0.3125 0.2234375 0.3125 0.2203125 0.33125 0.2046875 0.3479166671875 0.2 0.3645833328125 0.2 0.38333333281250004
7 0.265625 0.3166666671875 0.25546875 0.3166666671875 0.240625 0.3229166671875 0.271875 0.3291666671875 0.2734375 0.32083333281250004 0.265625 0.3166666671875
7 0.1953125 0.30625 0.18515625 0.30625 0.1734375 0.3083333328125 0.196875 0.3166666671875 0.2 0.3104166671875 0.1953125 0.30625
7 0.221875 0.2916666671875 0.21328125 0.2916666671875 0.2 0.2979166671875 0.2265625 0.30416666718749996 0.2296875 0.2979166671875 0.221875 0.2916666671875
15 0 0.9979166671874999 0.9984375 0.9979166671874999 0.9953125 0.925 0.8484375 0.9291666671875 0.8234375 0.91875 0.6734375 0.7125 0.6671875 0.65625 0.675 0.5979166671875 0.66875 0.5791666671875 0.6578125 0.5770833328125 0.653125 0.5666666671875 0.6265625 0.5625 0.603125 0.5416666671875 0.590625 0.5458333328125 0.5734375 0.525 0.5609375 0.53125 0.55 0.5208333328125 0.49375 0.51875 0.4921875 0.51875 0.4375 0.525 0.425 0.55625 0.4171875 0.5479166671875 0.4203125 0.5375 0.4265625 0.5395833328124999 0.425 0.5333333328125 0.409375 0.53125 0.4078125 0.5583333328125 0.428125 0.5625 0.4203125 0.56875 0.4359375 0.59375 0.4359375 0.6104166671875 0.4 0.6145833328125 0.415625 0.6333333328124999 0.4109375 0.6479166671875001 0.3625 0.6604166671875 0.3375 0.6604166671875 0.334375 0.6479166671875001 0.3234375 0.64375 0.2859375 0.64375 0.28125 0.6333333328124999 0.28125 0.6104166671875 0.290625 0.5833333328125 0.2859375 0.5395833328124999 0.278125 0.5458333328125 0.259375 0.5375 0.246875 0.5395833328124999 0.240625 0.5541666671875001 0.23125 0.55625 0.1953125 0.5604166671875 0.16875 0.5541666671875001 0.1703125 0.66875 0.1640625 0.6791666671875001 0.140625 0.6729166671875 0.14375 0.5979166671875 0.1359375 0.5770833328125 0.115625 0.5854166671875001 0.11875 0.6020833328124999 0.1078125 0.6333333328124999 0.096875 0.6333333328124999 0.0828125 0.61875 0.0046875 0.6333333328124999 0 0.64375 0 0.9979166671874999
10 0.05 0.28958333281250004 0.071875 0.28958333281250004 0.053125 0.24583333281250003 0.05625 0.20833333281250002 0.04375 0.19375 0.0359375 0.19375 0.025 0.2125 0.01875 0.2979166671875 0.0359375 0.3020833328125 0.05 0.28958333281250004
7 0.1140625 0.1604166671875 0.109375 0.14791666718750002 0.0953125 0.14375 0.0875 0.14375 0.0765625 0.14791666718750002 0.078125 0.1625 0.10625 0.1666666671875 0.1140625 0.1604166671875
10 0.4484375 0.5083333328124999 0.4484375 0.4583333328125 0.45625 0.44166666718750003 0.44375 0.40208333281249997 0.4390625 0.40208333281249997 0.4234375 0.4375 0.43125 0.4604166671875 0.4328125 0.5166666671875 0.4484375 0.5083333328124999
7 0.43125 0.35 0.434375 0.36666666718749996 0.44375 0.3708333328125 0.4359375 0.35 0.43125 0.35
7 0.16875 0.2541666671875 0.1640625 0.2645833328125 0.1828125 0.2625 0.1703125 0.2541666671875 0.16875 0.2541666671875
10 0.2625 0.2270833328125 0.2703125 0.2666666671875 0.296875 0.30625 0.2953125 0.33541666718749996 0.30625 0.3875 0.3046875 0.4583333328125 0.2921875 0.53125 0.296875 0.5979166671875 0.2890625 0.6354166671875 0.403125 0.6458333328125 0.409375 0.6333333328124999 0.3765625 0.60625 0.3703125 0.5666666671875 0.375 0.48333333281249996 0.3828125 0.47291666718750003 0.3875 0.4125 0.4 0.3583333328125 0.4 0.2604166671875 0.3875 0.1354166671875 0.3734375 0.1125 0.378125 0.04375 0.3578125 0.0208333328125 0.34921875 0.0208333328125 0.33125 0.03125 0.33125 0.08541666718749999 0.2875 0.15 0.2625 0.2270833328125
7 0.265625 0.3020833328125 0.2671875 0.3104166671875 0.278125 0.3104166671875 0.278125 0.3020833328125 0.265625 0.3020833328125
16 0.7390625 0.2625 0.6890625 0.325 0.6859375 0.54375 0.68125 0.6375 0.671875 0.65625 0.6734375 0.69375 0.6953125 0.7333333328125 0.828125 0.91875 0.9984375 0.91875 0.9984375 0.14791666718750002 0.990625 0.14375 0.982421875 0.14375 0.8453125 0.1458333328125 0.7828125 0.2125 0.775 0.2375 0.7390625 0.2625
7 0.7125 0.20208333281250002 0.715625 0.1833333328125 0.696875 0.175 0.6875 0.175 0.659375 0.1875 0.6609375 0.20625 0.6828125 0.2125 0.7125 0.20208333281250002
14 0 0.5833333328125 0.0171875 0.6041666671875 0.05625 0.5979166671875 0.0921875 0.6041666671875 0.0921875 0.5666666671875 0.075 0.51875 0.0671875 0.5166666671875 0.0734375 0.5125 0.071875 0.5 0.0640625 0.5041666671875 0.0609375 0.49791666718750005 0.0640625 0.43958333281249995 0.0515625 0.42291666718750004 0.0140625 0.42083333281249996 0 0.42083333281249996 0 0.5833333328125
10 0.2890625 0.3895833328125 0.2734375 0.4291666671875 0.3015625 0.4291666671875 0.29375 0.3895833328125 0.2890625 0.3895833328125
5 0.5546875 0.34375 0.496875 0.3395833328125 0.4953125 0.3395833328125 0.4703125 0.34375 0.4734375 0.5083333328124999 0.5515625 0.5083333328124999 0.5546875 0.34375