7 0.0328125 0.2166666671875 0.0234375 0.2104166671875 0.015625 0.2104166671875 0.009375 0.2166666671875 0.0125 0.225 0.03125 0.225 0.0328125 0.2166666671875
7 0.0890625 0.1979166671875 0.0734375 0.19583333281249998 0.071875 0.19375 0.0515625 0.20416666718749998 0.059375 0.21458333281250003 0.0859375 0.21875 0.0890625 0.1979166671875
5 0.50625 0.3291666671875 0.4796875 0.3270833328125 0.4765625 0.3270833328125 0.44375 0.3333333328125 0.4484375 0.5104166671875 0.503125 0.5083333328124999 0.50625 0.3291666671875
10 0.3109375 0.40833333281249995 0.3109375 0.41875 0.3 0.425 0.3171875 0.43541666718750005 0.325 0.45416666718750004 0.3296875 0.50625 0.3203125 0.525 0.3578125 0.5270833328125 0.359375 0.51875 0.3453125 0.49791666718750005 0.3453125 0.4791666671875 0.3390625 0.47083333281249995 0.346875 0.44166666718750003 0.34375 0.3770833328125 0.3109375 0.33541666718749996 0.309375 0.33541666718749996 0.3046875 0.35 0.3171875 0.36666666718749996 0.31875 0.41041666718750003 0.3109375 0.40833333281249995
5 0.4375 0.50625 0.434375 0.3270833328125 0.426116071875 0.3270833328125 0.3734375 0.3291666671875 0.371875 0.45416666718750004 0.3859375 0.5104166671875 0.4375 0.50625
7 0.39375 0.26875 0.3921875 0.2666666671875 0.3875 0.2791666671875 0.41875 0.3104166671875 0.4203125 0.3 0.39375 0.26875
7 0.5 0.18125 0.496875 0.1979166671875 0.5140625 0.19583333281249998 0.5140625 0.18125 0.5 0.18125
7 0.075 0.1625 0.078125 0.1520833328125 0.0703125 0.1458333328125 0.06171875 0.1458333328125 0.05 0.14791666718750002 0.0484375 0.15625 0.059375 0.16458333281249998 0.075 0.1625
12 0.9359375 0 0.66875 0.3583333328125 0.6578125 0.3625 0.646875 0.38333333281250004 0.6375 0.38125 0.6296875 0.40416666718750005 0.63125 0.4291666671875 0.6359375 0.43125 0.6296875 0.4375 0.6296875 0.5208333328125 0.634375 0.5375 0.68125 0.575 0.6890625 0.60625 0.6921875 0.5854166671875001 0.721875 0.60625 0.7203125 0.63125 0.7296875 0.63125 0.7359375 0.6166666671875001 0.7625 0.6395833328125 0.7671875 0.6791666671875001 0.7828125 0.6791666671875001 0.78125 0.6625 0.7859375 0.6604166671875 0.846875 0.70625 0.853125 0.7145833328125 0.853125 0.76875 0.871875 0.76875 0.8796875 0.7625 0.88125 0.7416666671875001 0.890625 0.7416666671875001 0.99375 0.8270833328125 0.9984375 0.8270833328125 0.9984375 0 0.990625 0 0.9359375 0
7 0.8234375 0.2666666671875 0.81875 0.2666666671875 0.78125 0.3020833328125 0.803125 0.2979166671875 0.8234375 0.2770833328125 0.8234375 0.2666666671875
10 0.0671875 0.3375 0.0765625 0.53125 0.0828125 0.55625 0.0921875 0.5395833328124999 0.0984375 0.5479166671875 0.1296875 0.5479166671875 0.1171875 0.5416666671875 0.1171875 0.4625 0.1234375 0.425 0.1203125 0.3645833328125 0.13125 0.3291666671875 0.109375 0.275 0.1 0.2666666671875 0.09375 0.2666666671875 0.084375 0.2770833328125 0.084375 0.30416666718749996 0.075 0.3125 0.0671875 0.3375
10 0.003125 0.34375 0.0109375 0.43333333281249997 0.028125 0.425 0.053125 0.4270833328125 0.05625 0.39375 0.065625 0.3791666671875 0.065625 0.3416666671875 0.0484375 0.32083333281250004 0.0515625 0.29375 0.0421875 0.28125 0.0375 0.28125 0.03125 0.2916666671875 0.03125 0.3145833328125 0.0125 0.3229166671875 0.003125 0.34375
10 0.2171875 0.3916666671875 0.24375 0.3958333328125 0.2328125 0.42083333281249996 0.228125 0.46875 0.234375 0.5041666671875 0.246875 0.5270833328125 0.2453125 0.46875 0.253125 0.475 0.2609375 0.5208333328125 0.2515625 0.5333333328125 0.2609375 0.5354166671875 0.271875 0.5145833328125 0.2578125 0.40833333281249995 0.278125 0.41041666718750003 0.28125 0.40208333281249997 0.2640625 0.3895833328125 0.259375 0.3625 0.2484375 0.35208333281250004 0.25 0.3395833328125 0.24375 0.3291666671875 0.2421875 0.3291666671875 0.225 0.35625 0.2078125 0.3583333328125 0.2046875 0.3729166671875 0.2171875 0.3916666671875
14 0 0.5458333328125 0.0109375 0.5041666671875 0.00625 0.47083333281249995 0.0296875 0.4583333328125 0.040625 0.47083333281249995 0.0421875 0.5541666671875001 0.05 0.5583333328125 0.0515625 0.4604166671875 0.05625 0.45208333281249996 0.0734375 0.45625 0.071875 0.44166666718750003 0.0609375 0.4291666671875 0.0171875 0.4270833328125 0.0125 0.43541666718750005 0.0015625 0.425 0 0.425 0 0.5458333328125
15 0 0.9979166671874999 0.9984375 0.9979166671874999 0.9984375 0.8333333328125001 0.8890625 0.7458333328125 0.8796875 0.775 0.853125 0.7729166671875001 0.85 0.725 0.840625 0.70625 0.79375 0.66875 0.784375 0.6875 0.7671875 0.6875 0.7640625 0.65625 0.7546875 0.6375 0.740625 0.6270833328125 0.7234375 0.6395833328125 0.715625 0.6291666671875 0.7125 0.60625 0.69375 0.6104166671875 0.6890625 0.61875 0.6828125 0.6145833328125 0.6765625 0.6 0.6578125 0.5916666671875 0.63125 0.5604166671875 0.621875 0.5229166671875001 0.5828125 0.53125 0.5671875 0.5166666671875 0.55859375 0.5166666671875 0.3828125 0.5270833328125 0.3375 0.5395833328124999 0.28125 0.5354166671875 0.25 0.5479166671875 0.1765625 0.5479166671875 0.16875 0.55625 0.1546875 0.55 0.1296875 0.5645833328125 0 0.5604166671875 0 0.9979166671874999
3 0.1234375 0.48333333281249996 0.121875 0.5125 0.134375 0.51875 0.1375 0.5458333328125 0.1609375 0.5395833328124999 0.16875 0.5479166671875 0.175 0.5270833328125 0.1859375 0.5333333328125 0.1796875 0.54375 0.190625 0.54375 0.1828125 0.5145833328125 0.1859375 0.43541666718750005 0.18125 0.43541666718750005 0.1640625 0.45416666718750004 0.153125 0.48333333281249996 0.14375 0.4770833328125 0.1234375 0.48333333281249996
10 0.1203125 0.48541666718750004 0.15625 0.48333333281249996 0.1625 0.4604166671875 0.1921875 0.4291666671875 0.1984375 0.3895833328125 0.1890625 0.3645833328125 0.1796875 0.3645833328125 0.1796875 0.4 0.15 0.43125 0.121875 0.4458333328125 0.1203125 0.48541666718750004
14 0.165625 0.53125 0.16875 0.55 0.171875 0.54375 0.2515625 0.5416666671875 0.234375 0.5083333328124999 0.228125 0.4791666671875 0.228125 0.4375 0.2421875 0.4 0.2125 0.3916666671875 0.2109375 0.3916666671875 0.2015625 0.39375 0.19375 0.41041666718750003 0.184375 0.5104166671875 0.165625 0.53125
10 0.2625 0.40625 0.259375 0.4145833328125 0.265625 0.43541666718750005 0.2859375 0.4375 0.2953125 0.40416666718750005 0.2796875 0.35625 0.278125 0.3541666671875 0.2640625 0.3770833328125 0.2671875 0.39375 0.278125 0.40208333281249997 0.2625 0.40625
5 0.509375 0.50625 0.515625 0.5125 0.5703125 0.5125 0.5734375 0.31875 0.565625 0.30625 0.559375 0.30625 0.521875 0.31875 0.515625 0.3291666671875 0.509375 0.47291666718750003 0.509375 0.50625
10 0.653125 0.3458333328125 0.634375 0.3895833328125 0.6609375 0.3604166671875 0.659375 0.3458333328125 0.653125 0.3458333328125