11 0.109375 0.44609375 0.20625 0.39609375
11 0.603125 0.26640625 0.040625 0.5328125
18 0.46640625 0.30546875 0.2421875 0.37734375
12 0.8609375 0.446875 0.275 0.43984375
15 0.49921875 0.75234375 0.9953125 0.4875
7 0.4375 0.08359375 0.08125 0.04140625
7 0.7171875 0.08125 0.08125 0.04140625
7 0.18203125 0.078125 0.0421875 0.03515625
7 0.115625 0.153125 0.0375 0.15625
7 0.43671875 0.05234375 0.0828125 0.10390625
10 0.6390625 0.425 0.059375 0.23359375
10 0.27265625 0.403125 0.0859375 0.33515625
10 0.03671875 0.33515625 0.0734375 0.6703125