5 0.37109375 0.41171875 0.0796875 0.22734375
5 0.28359375 0.41171875 0.0859375 0.23125
12 0.77578125 0.49765625 0.4421875 0.9953125
15 0.44296875 0.76015625 0.8828125 0.47109375
7 0.40703125 0.13671875 0.0234375 0.02265625
7 0.28984375 0.26171875 0.0484375 0.05625
7 0.75078125 0.27109375 0.0609375 0.05
10 0.19453125 0.421875 0.0578125 0.25234375
10 0.4953125 0.44375 0.040625 0.19609375
10 0.078125 0.42890625 0.0625 0.25390625
10 0.44296875 0.43515625 0.0453125 0.20390625
10 0.02578125 0.41953125 0.0515625 0.25625