5 0.66171875 0.42890625 0.1953125 0.19609375
5 0.68046875 0.45703125 0.0453125 0.13125
15 0.49921875 0.75625 0.9953125 0.47890625
7 0.97265625 0.04296875 0.0515625 0.06484375
7 0.26875 0.12421875 0.05 0.03125
7 0.32421875 0.215625 0.0546875 0.02734375
7 0.065625 0.125 0.021875 0.03359375
7 0.625 0.36015625 0.015625 0.025
7 0.646875 0.0625 0.090625 0.05859375
7 0.92265625 0.165625 0.0734375 0.03984375
7 0.3265625 0.26796875 0.04375 0.01875
7 0.3578125 0.24921875 0.01875 0.01484375
7 0.4421875 0.31953125 0.034375 0.01484375
7 0.3703125 0.30546875 0.021875 0.01484375
7 0.00703125 0.05 0.0140625 0.025
7 0.66171875 0.178125 0.0671875 0.03515625
7 0.40546875 0.29140625 0.0171875 0.0125
7 0.45703125 0.29921875 0.0171875 0.01015625
10 0.38125 0.41953125 0.0625 0.27265625
10 0.44765625 0.45625 0.0359375 0.15859375
10 0.03125 0.346875 0.0625 0.50625
10 0.5890625 0.46484375 0.025 0.12890625
10 0.56484375 0.46640625 0.0328125 0.13359375