11 0.564453125 0.3138020828125 0.564453125 0.0013020828125 0.5224609375 0 0.521484375 0.54296875 0.5322265625 0.5572916671875 0.55859375 0.5559895828125 0.5625 0.4440104171875 0.552734375 0.41015625 0.556640625 0.3294270828125 0.564453125 0.3138020828125
11 0.6640625 0.52734375 0.6640625 0.4309895828125 0.6591796875 0.4296875 0.65234375 0.4908854171875 0.6640625 0.52734375
18 0.740234375 0.3424479171875 0.734375 0.3138020828125 0.9482421875 0.1848958328125 0.94921875 0.1002604171875 0.9443359375 0.09375 0.6240234375 0.08072916718749999 0.56640625 0.08463541718749999 0.56640625 0.2981770828125 0.5732421875 0.2994791671875 0.5908203125 0.2708333328125 0.6015625 0.27734375 0.603515625 0.3372395828125 0.611328125 0.3424479171875 0.6201171875 0.3828125 0.625 0.26171875 0.6552734375 0.2526041671875 0.666015625 0.2643229171875 0.671875 0.2825520828125 0.66796875 0.4778645828125 0.6708984375 0.4895833328125 0.69140625 0.4908854171875 0.7236328125 0.4895833328125 0.724609375 0.4674479171875 0.734375 0.4596354171875 0.740234375 0.3424479171875
11 0.6474609375 0.390625 0.64453125 0.3841145828125 0.6513671875 0.3776041671875 0.658203125 0.37890625 0.6572265625 0.390625 0.6640625 0.3893229171875 0.6640625 0.2643229171875 0.6298828125 0.2604166671875 0.626953125 0.3893229171875 0.6474609375 0.390625
18 0.4755859375 0.07552083281250001 0.2509765625 0.06770833281250001 0.244140625 0.08203125 0.248046875 0.30078125 0.2529296875 0.3072916671875 0.3232421875 0.3046875 0.3359375 0.3138020828125 0.3359375 0.3606770828125 0.34765625 0.3893229171875 0.337890625 0.44921875 0.3701171875 0.4583333328125 0.4521484375 0.4583333328125 0.4560546875 0.4895833328125 0.513671875 0.4908854171875 0.521484375 0.4830729171875 0.521484375 0.08463541718749999 0.5166015625 0.078125 0.4755859375 0.07552083281250001
18 0.2509765625 0.06770833281250001 0.24609375 0.07421875 0.24609375 0.2721354171875 0.2509765625 0.3020833328125 0.513671875 0.30859375 0.521484375 0.3033854171875 0.5205078125 0.08072916718749999 0.2822265625 0.06770833281250001 0.2509765625 0.06770833281250001
18 0.2490234375 0.3020833328125 0.517578125 0.3059895828125 0.521484375 0.08723958281250001 0.5166015625 0.078125 0.24609375 0.07161458281250001 0.2490234375 0.3020833328125
15 1 0.77734375 0.9921875 0.76171875 0.9921875 0.7044270828125 0.9775390625 0.6927083328125 0.9267578125 0.6822916671875 0.8701171875 0.6588541671875 0.8564453125 0.671875 0.8408203125 0.671875 0.8359375 0.6471354171875 0.8251953125 0.6354166671875 0.7763671875 0.6171875 0.763671875 0.62109375 0.7568359375 0.6536458328125 0.748046875 0.6419270828125 0.74609375 0.6080729171875 0.734375 0.59765625 0.734375 0.5611979171875 0.703125 0.5481770828125 0.7197265625 0.5416666671875 0.7236328125 0.53125 0.6748046875 0.5338541671875 0.6748046875 0.5625 0.6162109375 0.5703125 0.5302734375 0.5598958328125 0.5166015625 0.5338541671875 0.4638671875 0.5338541671875 0.4521484375 0.546875 0.4365234375 0.5338541671875 0.4091796875 0.5338541671875 0.3994140625 0.5364583328125 0.3916015625 0.5572916671875 0.384765625 0.5533854171875 0.3818359375 0.5364583328125 0.3447265625 0.5364583328125 0.34765625 0.55859375 0.3232421875 0.5651041671875 0.2744140625 0.5651041671875 0.2548828125 0.5390625 0.255859375 0.5559895828125 0.2509765625 0.5598958328125 0.1728515625 0.5807291671875 0.1494140625 0.5963541671875 0.1259765625 0.5963541671875 0.119140625 0.6028645828125 0.119140625 0.62109375 0.1044921875 0.6354166671875 0.0810546875 0.6354166671875 0.0712890625 0.625 0.0615234375 0.625 0.0517578125 0.640625 0.0322265625 0.6276041671875 0 0.6341145828125 0.0009765625 0.9973958328125001 1 0.99609375 1 0.77734375
7 0.6396484375 0 0.62890625 0.01171875 0.62890625 0.03515625 0.6416015625 0.0442708328125 0.681640625 0.0455729171875 0.7041015625 0.0390625 0.71875 0.0247395828125 0.7138671875 0 0.6396484375 0
7 0.296875 0.00390625 0.296875 0.01171875 0.3173828125 0.03125 0.369140625 0.03515625 0.390625 0.0221354171875 0.392578125 0.014322917187500001 0.3837890625 0 0.296875 0.00390625
18 0.94921875 0.09765625 0.8974609375 0.08854166718749999 0.5673828125 0.08072916718749999 0.56640625 0.3033854171875 0.5947265625 0.2708333328125 0.60546875 0.2903645828125 0.603515625 0.30859375 0.6220703125 0.3098958328125 0.625 0.26171875 0.6513671875 0.2578125 0.666015625 0.26953125 0.6689453125 0.3098958328125 0.73046875 0.3111979171875 0.7431640625 0.3098958328125 0.8134765625 0.2604166671875 0.9482421875 0.1848958328125 0.94921875 0.09765625
7 0.953125 0.05338541718749999 0.953125 0.0325520828125 0.9462890625 0.0286458328125 0.94140625 0.0481770828125 0.953125 0.05338541718749999
12 1 0.16015625 0.9951171875 0.1588541671875 0.73828125 0.3190104171875 0.751953125 0.33984375 0.73828125 0.35546875 0.736328125 0.59765625 0.75 0.6080729171875 0.7548828125 0.6328125 0.76171875 0.6158854171875 0.7705078125 0.6119791671875 0.8232421875 0.6302083328125 0.8466796875 0.6484375 1 0.6966145828125 1 0.16015625
7 0.78125 0.26171875 0.7802734375 0.24479166718749998 0.765625 0.24869791718749998 0.7666015625 0.2604166671875 0.78125 0.26171875
10 0 0.3216145828125 0.0107421875 0.3541666671875 0.046875 0.37109375 0.0517578125 0.4088541671875 0.07421875 0.41796875 0.0732421875 0.4270833328125 0.056640625 0.4361979171875 0.056640625 0.49609375 0.078125 0.6236979171875 0.095703125 0.6263020828125 0.1015625 0.62109375 0.095703125 0.3893229171875 0.09765625 0.3658854171875 0.12109375 0.3111979171875 0.123046875 0.2747395828125 0.09375 0.1888020828125 0.0625 0.1653645828125 0.0703125 0.1106770828125 0.0595703125 0.09375 0.0380859375 0.08854166718749999 0.025390625 0.1080729171875 0.025390625 0.1731770828125 0 0.1861979171875 0 0.3216145828125
10 0.60546875 0.3841145828125 0.61328125 0.3684895828125 0.599609375 0.33984375 0.595703125 0.30859375 0.6015625 0.28515625 0.5869140625 0.2760416671875 0.556640625 0.3346354171875 0.5546875 0.41796875 0.564453125 0.4466145828125 0.560546875 0.5247395828125 0.5673828125 0.5625 0.619140625 0.5638020828125 0.6181640625 0.5520833328125 0.6015625 0.5455729171875 0.609375 0.50390625 0.60546875 0.3841145828125
10 0.26171875 0.3997395828125 0.255859375 0.3294270828125 0.2412109375 0.3125 0.220703125 0.35546875 0.216796875 0.3815104171875 0.232421875 0.5403645828125 0.2392578125 0.5572916671875 0.25 0.5559895828125 0.248046875 0.49609375 0.255859375 0.4388020828125 0.26171875 0.44140625 0.26171875 0.3997395828125
18 0.376953125 0.48828125 0.3798828125 0.4765625 0.33984375 0.4778645828125 0.3408203125 0.4895833328125 0.376953125 0.48828125
18 0.44140625 0.48828125 0.4423828125 0.4739583328125 0.396484375 0.48046875 0.4013671875 0.4895833328125 0.44140625 0.48828125
13 0.2265625 0.5247395828125 0.2216796875 0.5208333328125 0.2197265625 0.53125 0.2099609375 0.53125 0.1142578125 0.4661458328125 0.109375 0.47265625 0.109375 0.54296875 0.1015625 0.5638020828125 0.1015625 0.6002604171875 0.111328125 0.6106770828125 0.115234375 0.6419270828125 0.125 0.6419270828125 0.1826171875 0.609375 0.2255859375 0.5703125 0.232421875 0.55859375 0.2265625 0.5247395828125
13 0.626953125 0.0325520828125 0.6337890625 0 0.56640625 0.0013020828125 0.5673828125 0.03125 0.626953125 0.0325520828125