15 0.9658203125 0.6640625 0.9599609375 0.6380208328125 0.9521484375 0.6458333328125 0.9228515625 0.6458333328125 0.9169921875 0.6380208328125 0.9072265625 0.6458333328125 0.8955078125 0.6432291671875 0.8916015625 0.6588541671875 0.8740234375 0.6614583328125 0.7255859375 0.6640625 0.5771484375 0.5677083328125 0.5380859375 0.5338541671875 0.5302734375 0.5390625 0.5263671875 0.5208333328125 0.5048828125 0.5260416671875 0.4892578125 0.515625 0.4072265625 0.5182291671875 0.2509765625 0.5390625 0.224609375 0.5872395828125 0.228515625 0.6497395828125 0.22265625 0.7565104171875 0.234375 0.80078125 0.236328125 0.8580729171874999 0.2041015625 0.8958333328125001 0.1669921875 0.9166666671874999 0.1240234375 0.921875 0.1142578125 0.9036458328125001 0.0986328125 0.9036458328125001 0.0595703125 0.9140625 0 0.9440104171874999 0.0009765625 0.9973958328125001 1 0.99609375 0.9990234375 0.6458333328125 0.9853515625 0.640625 0.9794921875 0.6640625 0.9658203125 0.6640625
5 0.3955078125 0.3697916671875 0.396484375 0.51171875 0.4296875 0.51171875 0.4453125 0.5091145828125 0.4453125 0.3763020828125 0.4423828125 0.3697916671875 0.3955078125 0.3697916671875
12 0.5947265625 0.3958333328125 0.5732421875 0.4244791671875 0.544921875 0.4440104171875 0.5478515625 0.5286458328125 0.7265625 0.6080729171875 0.9990234375 0.6041666671875 1 0.29296875 0.7294921875 0.2942708328125 0.5947265625 0.3958333328125
7 0.6318359375 0.09635416718749999 0.6171875 0.1106770828125 0.6171875 0.1236979171875 0.6298828125 0.1328125 0.66796875 0.1315104171875 0.693359375 0.1184895828125 0.6865234375 0.09635416718749999 0.6513671875 0.09114583281250001 0.6318359375 0.09635416718749999
10 0.337890625 0.51953125 0.345703125 0.5169270828125 0.3505859375 0.4713541671875 0.361328125 0.51953125 0.36328125 0.4440104171875 0.373046875 0.4205729171875 0.3388671875 0.3802083328125 0.337890625 0.51953125
7 0.369140625 0.34765625 0.3564453125 0.3229166671875 0.345703125 0.32421875 0.3583984375 0.3463541671875 0.369140625 0.34765625
10 0 0.93359375 0.0078125 0.93359375 0.0498046875 0.9114583328125001 0.0986328125 0.8984375 0.12109375 0.8815104171874999 0.119140625 0.8346354171874999 0.10546875 0.79296875 0.1015625 0.7513020828125 0.10546875 0.6106770828125 0.09375 0.55859375 0.1025390625 0.5494791671875 0.146484375 0.5690104171875 0.154296875 0.6341145828125 0.1796875 0.73046875 0.181640625 0.7669270828125 0.150390625 0.81640625 0.140625 0.8528645828125001 0.125 0.8736979171874999 0.12109375 0.9049479171874999 0.1416015625 0.9140625 0.1826171875 0.9036458328125001 0.234375 0.8528645828125001 0.23046875 0.7955729171875 0.21875 0.7513020828125 0.224609375 0.66796875 0.220703125 0.5768229171875 0.234375 0.56640625 0.23828125 0.5481770828125 0.2578125 0.5247395828125 0.26171875 0.33203125 0.255859375 0.22005208281250002 0.236328125 0.12890625 0.236328125 0.1184895828125 0.251953125 0.1002604171875 0.251953125 0.0455729171875 0.240234375 0.009114582812499999 0.2275390625 0 0 0.0013020828125 0 0.56640625 0.021484375 0.5768229171875 0.05078125 0.7565104171875 0.05078125 0.7877604171875 0.0224609375 0.8125 0 0.8502604171874999 0 0.93359375
7 0.12890625 0.014322917187500001 0.140625 0.0013020828125 0.107421875 0.0013020828125 0.1162109375 0.015625 0.12890625 0.014322917187500001
7 0.9638671875 0.09895833281250001 0.9248046875 0.09895833281250001 0.8984375 0.1158854171875 0.8984375 0.1236979171875 0.9111328125 0.1328125 0.9453125 0.1315104171875 0.9638671875 0.1276041671875 0.9755859375 0.1197916671875 0.9765625 0.1106770828125 0.9638671875 0.09895833281250001
7 0.3525390625 0.09375 0.337890625 0.10546875 0.33984375 0.1184895828125 0.3505859375 0.1276041671875 0.390625 0.1315104171875 0.4111328125 0.1276041671875 0.416015625 0.1080729171875 0.3837890625 0.09375 0.3525390625 0.09375
7 0.79296875 0.6419270828125 0.7958984375 0.6614583328125 0.8359375 0.66015625 0.83984375 0.6419270828125 0.8271484375 0.6302083328125 0.8037109375 0.6276041671875 0.79296875 0.6419270828125
10 0.515625 0.4283854171875 0.52734375 0.5143229171875 0.533203125 0.5221354171875 0.5390625 0.44140625 0.55078125 0.4283854171875 0.5380859375 0.390625 0.515625 0.4283854171875