11 0.81875 0.44921875 0.165625 0.32734375
5 0.459375 0.34375 0.153125 0.5
15 0.49921875 0.78203125 0.9984375 0.43125
7 0.3453125 0.33671875 0.028125 0.06875
7 0.484375 0.15390625 0.046875 0.0375
7 0.459375 0.31015625 0.090625 0.10390625
7 0.43984375 0.33828125 0.0390625 0.04765625
7 0.003125 0.09296875 0.00625 0.02734375
7 0.08203125 0.08125 0.0703125 0.05
7 0.003125 0.071875 0.00625 0.06484375
7 0.003125 0.196875 0.00625 0.02734375
7 0.6484375 0.15859375 0.046875 0.03359375
7 0.61171875 0.28828125 0.0421875 0.06015625
10 0.08515625 0.35625 0.1703125 0.6
10 0.66875 0.378125 0.0875 0.44375
10 0.94453125 0.33125 0.1078125 0.6
10 0.2734375 0.34453125 0.140625 0.61015625