7 0.1296875 0.029166667187500002 0.121875 0.029166667187500002 0.1171875 0.05625 0.1234375 0.0625 0.1296875 0.054166667187499996 0.1296875 0.029166667187500002
5 0.98984375 0 0.553125 0.08125 0.5078125 0.0979166671875 0.509375 0.19375 0.5296875 0.21458333281250003 0.5265625 0.23541666718749998 0.5421875 0.28125 0.5390625 0.3479166671875 0.54375 0.3583333328125 0.559375 0.35625 0.5734375 0.3708333328125 0.5625 0.41875 0.584375 0.4375 0.5953125 0.4625 0.6140625 0.46666666718750005 0.621875 0.4770833328125 0.628125 0.5 0.6265625 0.5458333328125 0.621875 0.55 0.8640625 0.5625 0.884375 0.5520833328125 0.9921875 0.5520833328125 0.9984375 0.53125 0.9984375 0 0.98984375 0
7 0.70625 0.20833333281250002 0.7015625 0.20833333281250002 0.6984375 0.2208333328125 0.7109375 0.22916666718749998 0.7140625 0.2166666671875 0.70625 0.20833333281250002
10 0.2390625 0.40416666718750005 0.2484375 0.4270833328125 0.25 0.46875 0.24375 0.5645833328125 0.25 0.5833333328125 0.26808126875 0.5899040890625 0.2797067953125 0.5899040890625 0.284873678125 0.5726872625 0.2671875 0.5583333328125 0.2671875 0.525 0.28125 0.44166666718750003 0.2796875 0.4145833328125 0.26875 0.39791666718749996 0.271875 0.3375 0.2640625 0.27291666718749996 0.26875 0.2541666671875 0.2953125 0.225 0.29375 0.20833333281250002 0.2828125 0.2 0.2734375 0.2 0.240625 0.2708333328125 0.2546875 0.2979166671875 0.2390625 0.3291666671875 0.2390625 0.40416666718750005
7 0.696875 0.20208333281250002 0.69375 0.1875 0.665625 0.1458333328125 0.6609375 0.1458333328125 0.65625 0.1583333328125 0.66875 0.17916666718750002 0.6875 0.20416666718749998 0.696875 0.20208333281250002
14 0.1125 0.3541666671875 0.1234375 0.45 0.1140625 0.5479166671875 0.0921875 0.5958333328125 0.0734375 0.6145833328125 0.0765625 0.63125 0.10625 0.6270833328125 0.1265625 0.6458333328125 0.1890625 0.6270833328125 0.2625 0.6270833328125 0.2625 0.6145833328125 0.2234375 0.55 0.2125 0.48125 0.2203125 0.3729166671875 0.25 0.2979166671875 0.2296875 0.2791666671875 0.196875 0.2708333328125 0.1885416671875 0.2708333328125 0.10625 0.27291666718749996 0.0953125 0.275 0.084375 0.28958333281250004 0.1125 0.3541666671875
10 0.49375 0.2666666671875 0.496875 0.27291666718749996 0.496875 0.3583333328125 0.478125 0.3770833328125 0.4734375 0.40208333281249997 0.4859375 0.40416666718750005 0.4984375 0.3875 0.4953125 0.4 0.51875 0.5354166671875 0.515625 0.5604166671875 0.5 0.58125 0.5359375 0.5854166671875001 0.5484375 0.575 0.5390625 0.55625 0.53125 0.46666666718750005 0.5390625 0.2833333328125 0.5171875 0.2375 0.5015625 0.24375 0.4828125 0.21875 0.4796875 0.21875 0.4671875 0.22916666718749998 0.465625 0.2520833328125 0.4796875 0.2708333328125 0.49375 0.2666666671875
10 0.4 0.3708333328125 0.4125 0.3791666671875 0.40625 0.4 0.409375 0.40833333281249995 0.45 0.40625 0.4578125 0.3458333328125 0.465625 0.35208333281250004 0.46875 0.3729166671875 0.4828125 0.3645833328125 0.48125 0.3458333328125 0.4578125 0.3104166671875 0.4625 0.2770833328125 0.45 0.2604166671875 0.446875 0.2604166671875 0.434375 0.2979166671875 0.4140625 0.3083333328125 0.4046875 0.3291666671875 0.4 0.3708333328125
10 0.2640625 0.29375 0.2734375 0.3333333328125 0.2703125 0.39791666718749996 0.2828125 0.4166666671875 0.284375 0.44375 0.284375 0.59375 0.3046875 0.6020833328124999 0.31875 0.5979166671875 0.303125 0.5625 0.303125 0.5083333328124999 0.3140625 0.45 0.3265625 0.4604166671875 0.3375 0.4875 0.340625 0.5958333328125 0.3875 0.5979166671875 0.3890625 0.5875 0.3625 0.5708333328124999 0.3609375 0.46666666718750005 0.36875 0.4625 0.36875 0.425 0.3546875 0.3875 0.3390625 0.24583333281250003 0.33125 0.23125 0.3328125 0.20416666718749998 0.321875 0.1833333328125 0.3109375 0.1833333328125 0.303125 0.19583333281249998 0.303125 0.2166666671875 0.265625 0.2625 0.2640625 0.29375
11 0 0 0 0.275 0.0078125 0.28958333281250004 0.003125 0.3916666671875 0.009375 0.4 0.0453125 0.40625 0.04375 0.4145833328125 0.0296875 0.42083333281249996 0.0265625 0.43958333281249995 0.028125 0.6 0.05625 0.6041666671875 0.0609375 0.6229166671875 0.0671875 0.6229166671875 0.0953125 0.5854166671875001 0.115625 0.5229166671875001 0.1125 0.3708333328125 0.08125 0.28958333281250004 0.09375 0.2708333328125 0.0875 0.2208333328125 0.1109375 0.21458333281250003 0.1140625 0.1979166671875 0.1171875 0 0.109375 0 0 0
4 0.3625 0.5083333328124999 0.3671875 0.56875 0.4921875 0.5666666671875 0.5015625 0.5604166671875 0.50625 0.49375 0.496875 0.4375 0.453125 0.43125 0.4421875 0.4166666671875 0.4078125 0.4125 0.4 0.4125 0.3734375 0.4166666671875 0.3734375 0.45 0.3640625 0.475 0.3625 0.5083333328124999
15 0 0.9979166671874999 0.9984375 0.9979166671874999 0.9984375 0.7354166671875 0.99375 0.7291666671875 0.9984375 0.6416666671875 0.990625 0.5625 0.9828125 0.5583333328125 0.9890625 0.5479166671875 0.89375 0.5458333328125 0.8875 0.5541666671875001 0.8796875 0.5458333328125 0.8640625 0.5625 0.85 0.5479166671875 0.8484375 0.5458333328125 0.8234375 0.5583333328125 0.7140625 0.56875 0.6265625 0.5645833328125 0.6078125 0.575 0.5625 0.5791666671875 0.5359375 0.59375 0.4859375 0.5916666671875 0.48125 0.5854166671875001 0.465625 0.5916666671875 0.4578125 0.5833333328125 0.4390625 0.5875 0.4359375 0.5979166671875 0.371875 0.6145833328125 0.340625 0.6104166671875 0.328125 0.6166666671875001 0.3171875 0.60625 0.2828125 0.6104166671875 0.278125 0.5958333328125 0.2578125 0.5958333328125 0.2671875 0.60625 0.265625 0.6395833328125 0.19961986874999998 0.6346678015625 0.11875 0.65625 0.090625 0.6416666671875 0.0171875 0.6479166671875001 0.0140625 0.6833333328125 0 0.6875 0 0.9979166671874999