15 0 0.9979166671874999 0.9984375 0.9979166671874999 0.99375 0.8479166671874999 0.9859375 0.8520833328125 0.9828125 0.84375 0.9890625 0.8395833328125001 0.9515625 0.7979166671875 0.9484375 0.7833333328125 0.940625 0.775 0.934375 0.7791666671875 0.928125 0.75625 0.915625 0.7541666671875 0.9015625 0.7291666671875 0.8890625 0.7208333328125 0.8859375 0.6895833328125 0.875 0.6875 0.8734375 0.6645833328124999 0.8390625 0.6541666671875 0.7984375 0.6145833328125 0.7875 0.5916666671875 0.7875 0.5583333328125 0.778125 0.5375 0.7203125 0.5458333328125 0.6890625 0.5333333328125 0.68125 0.5479166671875 0.66875 0.53125 0.665625 0.5270833328125 0.60625 0.5375 0.4546875 0.54375 0.4125 0.55625 0.36875 0.5541666671875001 0.309375 0.56875 0.25625 0.5708333328124999 0.1859375 0.5916666671875 0.178125 0.5854166671875001 0.1703125 0.5916666671875 0.1421875 0.5875 0.13125 0.6125 0.10625 0.6229166671875 0.0671875 0.59375 0.0578125 0.6041666671875 0.0484375 0.5979166671875 0.0171875 0.625 0.0125 0.6145833328125 0.009375 0.6229166671875 0.0046875 0.6104166671875 0 0.6229166671875 0 0.9979166671874999
5 0.421875 0.3479166671875 0.41875 0.3875 0.409375 0.41041666718750003 0.4140625 0.45 0.4234375 0.46666666718750005 0.4484375 0.4791666671875 0.4515625 0.5229166671875001 0.6 0.51875 0.625 0.5125 0.6171875 0.50625 0.628125 0.5020833328125 0.6390625 0.5020833328125 0.6390625 0.5125 0.6484375 0.5125 0.653125 0.42291666718750004 0.64375 0.4 0.6484375 0.3729166671875 0.6625 0.3479166671875 0.6609375 0.3291666671875 0.671875 0.3291666671875 0.671875 0.3479166671875 0.684375 0.3625 0.6984375 0.35625 0.6953125 0.2125 0.6890625 0.1666666671875 0.6875 0.1666666671875 0.35 0.1979166671875 0.3515625 0.2708333328125 0.384375 0.2854166671875 0.421875 0.3479166671875
10 0.3953125 0.53125 0.4078125 0.51875 0.4078125 0.5333333328125 0.41875 0.5333333328125 0.421875 0.5166666671875 0.4140625 0.5125 0.4046875 0.4770833328125 0.4109375 0.4270833328125 0.4078125 0.3916666671875 0.4171875 0.35 0.3828125 0.2875 0.375 0.2875 0.36875 0.30416666718749996 0.384375 0.3375 0.3828125 0.425 0.3953125 0.53125
10 0.65625 0.4166666671875 0.653125 0.49791666718750005 0.6578125 0.5041666671875 0.6671875 0.475 0.675 0.48125 0.68125 0.54375 0.68125 0.42083333281249996 0.696875 0.41041666718750003 0.696875 0.4 0.684375 0.40208333281249997 0.68125 0.3916666671875 0.696875 0.3854166671875 0.696875 0.3625 0.6765625 0.3604166671875 0.6703125 0.35208333281250004 0.66875 0.3291666671875 0.6609375 0.3291666671875 0.665625 0.3479166671875 0.65625 0.3583333328125 0.6453125 0.40208333281249997 0.65625 0.4166666671875
12 0.89375 0.1875 0.8375 0.2770833328125 0.7984375 0.31875 0.7953125 0.3375 0.7796875 0.3479166671875 0.775 0.3708333328125 0.7796875 0.40416666718750005 0.7890625 0.40625 0.7875 0.41875 0.78125 0.41875 0.778125 0.47083333281249995 0.7875 0.5020833328125 0.7859375 0.5333333328125 0.796875 0.60625 0.8453125 0.6520833328125 0.8875 0.6645833328124999 0.8765625 0.6791666671875001 0.8890625 0.6875 0.8921875 0.7083333328125 0.9109375 0.7354166671875 0.9359375 0.7375 0.9390625 0.7583333328124999 0.9984375 0.8479166671874999 0.9984375 0.8375 0.9984375 0.014583332812499999 0.9328125 0.1270833328125 0.934375 0.1520833328125 0.89375 0.1875
10 0.7640625 0.42291666718750004 0.771875 0.4291666671875 0.7828125 0.4145833328125 0.775 0.3854166671875 0.79375 0.35625 0.7828125 0.3583333328125 0.7796875 0.3458333328125 0.8109375 0.2958333328125 0.8125 0.2854166671875 0.8046875 0.2708333328125 0.7953125 0.2708333328125 0.790625 0.3083333328125 0.771875 0.3270833328125 0.765625 0.3479166671875 0.7640625 0.42291666718750004
10 0.2484375 0.55 0.2640625 0.5583333328125 0.2890625 0.55 0.290625 0.5416666671875 0.290625 0.41041666718750003 0.296875 0.3791666671875 0.2953125 0.33125 0.2765625 0.3125 0.2765625 0.2875 0.271875 0.2833333328125 0.26875 0.2833333328125 0.246875 0.31875 0.240625 0.3645833328125 0.2453125 0.5291666671875 0.2484375 0.55
10 0.0546875 0.275 0.0671875 0.3333333328125 0.0671875 0.4 0.0828125 0.4625 0.09375 0.48333333281249996 0.0796875 0.5104166671875 0.078125 0.5416666671875 0.090625 0.5625 0.0921875 0.5895833328125 0.1078125 0.60625 0.1328125 0.5979166671875 0.1078125 0.55625 0.121875 0.5291666671875 0.125 0.5083333328124999 0.1390625 0.4875 0.1359375 0.425 0.153125 0.41041666718750003 0.15 0.39375 0.1296875 0.36666666718749996 0.1109375 0.2375 0.1125 0.1833333328125 0.10625 0.1666666671875 0.0984375 0.16458333281249998 0.090625 0.16458333281249998 0.0828125 0.1708333328125 0.071875 0.21458333281250003 0.05625 0.24583333281250003 0.0546875 0.275
14 0.140625 0.42291666718750004 0.140625 0.4895833328125 0.1296875 0.5270833328125 0.1109375 0.55625 0.11875 0.5729166671875 0.16875 0.5791666671875 0.23125 0.5666666671875 0.203125 0.51875 0.1953125 0.46875 0.196875 0.40833333281249995 0.2046875 0.3895833328125 0.21875 0.3875 0.2203125 0.3791666671875 0.2078125 0.3625 0.178125 0.3583333328125 0.16875 0.3583333328125 0.134375 0.3604166671875 0.1578125 0.40416666718750005 0.1546875 0.42083333281249996 0.140625 0.42291666718750004
10 0.1765625 0.35625 0.203125 0.3583333328125 0.2015625 0.3458333328125 0.2140625 0.3125 0.2140625 0.2979166671875 0.2046875 0.2854166671875 0.196875 0.2854166671875 0.1890625 0.2916666671875 0.1875 0.31875 0.1765625 0.3291666671875 0.1765625 0.35625
10 0.1953125 0.45625 0.203125 0.5166666671875 0.2265625 0.5479166671875 0.2296875 0.5229166671875001 0.221875 0.47291666718750003 0.2265625 0.3895833328125 0.2203125 0.3625 0.21875 0.3625 0.221875 0.38333333281250004 0.2046875 0.3875 0.1984375 0.40625 0.1953125 0.45625
7 0.5125 0.275 0.4703125 0.225 0.4625 0.225 0.4578125 0.23541666718749998 0.4796875 0.2604166671875 0.496875 0.2770833328125 0.5125 0.275
5 0.6984375 0.49791666718750005 0.696875 0.41875 0.6875 0.41875 0.684375 0.49375 0.6890625 0.5145833328125 0.696875 0.5104166671875 0.6984375 0.49791666718750005
4 0.3609375 0.5291666671875 0.3609375 0.44166666718750003 0.340625 0.4479166671875 0.309375 0.43541666718750005 0.3015625 0.43541666718750005 0.29375 0.43541666718750005 0.2921875 0.5416666671875 0.353125 0.5458333328125 0.3609375 0.5291666671875
10 0 0.5604166671875 0.00625 0.5625 0.015625 0.6166666671875001 0.028125 0.6145833328125 0.04375 0.58125 0.0453125 0.5625 0.0109375 0.5270833328125 0.0078125 0.5 0.078125 0.48125 0.0609375 0.38333333281250004 0.059375 0.38125 0.0296875 0.4125 0.0140625 0.4145833328125 0 0.4291666671875 0 0.5604166671875