7 0.4984375 0.1541666671875 0.496875 0.1291666671875 0.46875 0.12291666718750001 0.465625 0.11875 0.43125 0.1291666671875 0.4296875 0.14375 0.4546875 0.1604166671875 0.4984375 0.1541666671875
7 0.4984375 0.1541666671875 0.496875 0.1291666671875 0.45625 0.12291666718750001 0.453125 0.12291666718750001 0.434375 0.1270833328125 0.43125 0.1458333328125 0.4609375 0.1604166671875 0.4984375 0.1541666671875
7 0.7046875 0.1520833328125 0.753125 0.1458333328125 0.7625 0.1291666671875 0.746875 0.1125 0.7375 0.1125 0.7 0.1208333328125 0.690625 0.13125 0.6921875 0.1458333328125 0.7046875 0.1520833328125
15 0.4421875 0.5229166671875001 0.3828125 0.53125 0.36875 0.5416666671875 0.325 0.5375 0.3109375 0.5541666671875001 0.2859375 0.5520833328125 0.2828125 0.54375 0.246875 0.5541666671875001 0.1890625 0.5479166671875 0.1703125 0.5625 0.15 0.5645833328125 0.1390625 0.5791666671875 0.115625 0.5770833328125 0.0953125 0.5854166671875001 0.0921875 0.59375 0.0671875 0.5854166671875001 0.0609375 0.68125 0.0671875 0.6895833328125 0.075 0.6875 0.078125 0.7 0.1171875 0.7354166671875 0.1109375 0.7583333328124999 0.0671875 0.7645833328125 0.0765625 0.7895833328124999 0.0765625 0.8104166671874999 0.0703125 0.81875 0.0390625 0.825 0.0390625 0.8708333328125001 0.0765625 0.8854166671874999 0.0671875 0.8916666671875 0.0921875 0.8979166671875 0.1109375 0.9270833328125001 0.1078125 0.9625 0.0828125 0.99375 0.9984375 0.9979166671874999 0.9984375 0.6125 0.98125 0.6145833328125 0.9671875 0.63125 0.9578125 0.6125 0.921875 0.6145833328125 0.9171875 0.625 0.896875 0.6291666671875 0.765625 0.63125 0.7515625 0.6145833328125 0.6828125 0.575 0.6578125 0.56875 0.6234375 0.5395833328124999 0.6109375 0.5395833328124999 0.6109375 0.5270833328125 0.6046875 0.5229166671875001 0.59375 0.5229166671875001 0.590625 0.53125 0.5625 0.5166666671875 0.5578125 0.5166666671875 0.5515625 0.5333333328125 0.5359375 0.5416666671875 0.5171875 0.5208333328125 0.4421875 0.5229166671875001
7 0.1921875 0.2625 0.1859375 0.25833333281250004 0.1770833328125 0.25833333281250004 0.1578125 0.2625 0.1640625 0.2708333328125 0.1875 0.27291666718749996 0.1921875 0.2625
7 0.8402644234375 0 0.7421875 0.0041666671875 0.75625 0.0229166671875 0.8046875 0.025 0.8359375 0.014583332812499999 0.8484375 0 0.8402644234375 0
10 0 0 0 0.2416666671875 0.0109375 0.2416666671875 0.0046875 0.25 0.0078125 0.2625 0 0.2625 0 0.30416666718749996 0.009375 0.30416666718749996 0.00625 0.3270833328125 0 0.33125 0 0.8041666671875 0.0046875 0.8083333328125001 0 0.8166666671874999 0.0078125 0.81875 0 0.83125 0 0.9979166671874999 0.0671875 0.9979166671874999 0.103125 0.9625 0.10625 0.9229166671875 0.0921875 0.90625 0.065625 0.9041666671874999 0.0359375 0.875 0.034375 0.8875 0.0296875 0.8854166671874999 0.0359375 0.8520833328125 0.0296875 0.8458333328125001 0.0359375 0.8416666671874999 0.0296875 0.8166666671874999 0.071875 0.8083333328125001 0.071875 0.7854166671875 0.05625 0.7479166671875 0.0984375 0.7520833328125 0.109375 0.7395833328125 0.10625 0.7291666671875 0.078125 0.7166666671875 0.059375 0.6895833328125 0.040625 0.6854166671875 0.05 0.675 0.0578125 0.6020833328124999 0.0484375 0.5916666671875 0.0484375 0.5770833328125 0.046875 0.6520833328125 0.0390625 0.6583333328125 0.03125 0.64375 0.03125 0.5770833328125 0.0375 0.5708333328124999 0.03125 0.5708333328124999 0.0296875 0.5479166671875 0.0203125 0.5479166671875 0.0125 0.4895833328125 0.015625 0.4458333328125 0.028125 0.43125 0.03125 0.41041666718750003 0.0421875 0.2916666671875 0.0515625 0.28125 0.046875 0.27291666718749996 0.053125 0.26875 0.053125 0.23541666718749998 0.0484375 0.2666666671875 0.0453125 0.23958333281250002 0.0609375 0.1895833328125 0.0625 0.15625 0.0671875 0.1604166671875 0.078125 0.1458333328125 0.1015625 0.1604166671875 0.125 0.1583333328125 0.121875 0.1520833328125 0.13125 0.1354166671875 0.1328125 0.060416667187499995 0.128125 0 0.015625 0 0.0125 0.00625 0.0078125 0 0 0
7 0.1171875 0.20625 0.10625 0.20625 0.109375 0.2208333328125 0.11875 0.2208333328125 0.121875 0.2104166671875 0.1171875 0.20625
10 0.6171875 0.44166666718750003 0.6296875 0.4270833328125 0.615625 0.3958333328125 0.6125 0.3958333328125 0.5953125 0.4291666671875 0.6109375 0.5208333328125 0.615625 0.5145833328125 0.6171875 0.44166666718750003
14 0.4265625 0.5166666671875 0.4171875 0.4875 0.4203125 0.4458333328125 0.41171875 0.4458333328125 0.3984375 0.45 0.40625 0.46875 0.40625 0.5208333328125 0.4265625 0.5166666671875
10 0.4390625 0.5145833328125 0.4421875 0.48541666718750004 0.446875 0.5145833328125 0.4515625 0.5145833328125 0.4484375 0.4458333328125 0.4578125 0.43125 0.4359375 0.3854166671875 0.434375 0.3854166671875 0.4265625 0.4166666671875 0.4328125 0.51875 0.44375 0.5166666671875 0.4390625 0.5145833328125
14 0.2125 0.5416666671875 0.2734375 0.5416666671875 0.2609375 0.49583333281249997 0.2609375 0.46458333281249997 0.271875 0.42083333281249996 0.2375 0.4166666671875 0.2359375 0.4166666671875 0.2171875 0.42083333281249996 0.228125 0.46666666718750005 0.221875 0.5229166671875001 0.2125 0.5416666671875
10 0.2265625 0.4145833328125 0.259375 0.4145833328125 0.2484375 0.36875 0.2421875 0.36875 0.240625 0.3875 0.228125 0.39791666718749996 0.2328125 0.41041666718750003 0.2265625 0.4145833328125
10 0.290625 0.5208333328125 0.2953125 0.54375 0.303125 0.5416666671875 0.309375 0.5166666671875 0.3109375 0.40833333281249995 0.3171875 0.4 0.303125 0.35208333281250004 0.29375 0.35208333281250004 0.278125 0.4 0.2859375 0.4895833328125 0.28125 0.5375 0.290625 0.5208333328125
14 0.1421875 0.47083333281249995 0.159375 0.4791666671875 0.1578125 0.5166666671875 0.1640625 0.5520833328125 0.171875 0.54375 0.1703125 0.4770833328125 0.1765625 0.46666666718750005 0.2046875 0.47291666718750003 0.209375 0.5208333328125 0.2125 0.5270833328125 0.2203125 0.5229166671875001 0.221875 0.48125 0.23125 0.4625 0.2203125 0.45416666718750004 0.2203125 0.44166666718750003 0.2140625 0.4583333328125 0.171875 0.4479166671875 0.140625 0.45 0.1421875 0.47083333281249995
14 0.371875 0.43541666718750005 0.3609375 0.43541666718750005 0.328125 0.5291666671875 0.3765625 0.5270833328125 0.3640625 0.4875 0.371875 0.43541666718750005
10 0.325 0.5270833328125 0.334375 0.5145833328125 0.340625 0.48125 0.359375 0.4375 0.3734375 0.4291666671875 0.371875 0.40416666718750005 0.3578125 0.40625 0.353125 0.3875 0.3484375 0.3875 0.3140625 0.48125 0.3140625 0.4895833328125 0.325 0.49791666718750005 0.325 0.5270833328125
12 0.6234375 0.4375 0.61875 0.4458333328125 0.6203125 0.53125 0.65625 0.5604166671875 0.75 0.6083333328125 0.765625 0.625 0.884375 0.6291666671875 0.9203125 0.6229166671875 0.9234375 0.6125 0.959375 0.6125 0.9703125 0.6333333328124999 0.9828125 0.6229166671875 0.9984375 0.6229166671875 0.9984375 0.3333333328125 0.8875 0.3375 0.8265625 0.33125 0.8171875 0.33125 0.759375 0.3395833328125 0.65 0.425 0.6375 0.425 0.6234375 0.4375
7 0.2484375 0.30625 0.253125 0.2958333328125 0.2453125 0.2916666671875 0.2359375 0.2916666671875 0.2171875 0.2916666671875 0.2140625 0.2979166671875 0.2234375 0.30625 0.2484375 0.30625