5 0.48046875 0.36171875 0.1421875 0.47265625
15 0.49921875 0.784375 0.9984375 0.42734375
7 0.37578125 0.35625 0.0265625 0.06640625
7 0.48203125 0.32890625 0.0859375 0.1
7 0.5046875 0.18203125 0.04375 0.03125
7 0.66015625 0.1875 0.0453125 0.02890625
7 0.46171875 0.35546875 0.0359375 0.04375
7 0.59453125 0.475 0.0421875 0.05
7 0.621875 0.31328125 0.034375 0.04765625
10 0.13359375 0.378125 0.1640625 0.53515625
10 0.31484375 0.36640625 0.1234375 0.55
10 0.6765625 0.39609375 0.09375 0.41640625
10 0.9375 0.35546875 0.121875 0.56015625
10 0.79609375 0.390625 0.0859375 0.36015625