7 0.5375 0.2 0.53125 0.2 0.5234375 0.20416666718749998 0.528125 0.21875 0.540625 0.21458333281250003 0.5375 0.2
10 0.1234375 0.4145833328125 0.128125 0.4145833328125 0.1359375 0.4625 0.1375 0.54375 0.15 0.5479166671875 0.1546875 0.5 0.159375 0.50625 0.1609375 0.5541666671875001 0.1671875 0.5458333328125 0.178125 0.5479166671875 0.1734375 0.46875 0.178125 0.36875 0.1859375 0.3604166671875 0.1796875 0.3333333328125 0.159375 0.29375 0.15 0.29375 0.1421875 0.30625 0.1421875 0.3270833328125 0.128125 0.35 0.1234375 0.4145833328125
15 0.3765625 0.5458333328125 0.3171875 0.5416666671875 0.29375 0.5541666671875001 0.225 0.5520833328125 0.2203125 0.5666666671875 0.2078125 0.55625 0.1890625 0.5583333328125 0.1796875 0.5770833328125 0.1546875 0.56875 0.140625 0.5770833328125 0.1359375 0.56875 0.0984375 0.5625 0.090625 0.5729166671875 0.0796875 0.5666666671875 0.078125 0.5770833328125 0.059375 0.5958333328125 0.0015625 0.5958333328125 0 0.9979166671874999 0.9984375 0.9979166671874999 0.996875 0.8270833328125 0.9875 0.8291666671875 0.984375 0.91875 0.9578125 0.9125 0.940625 0.8854166671874999 0.9390625 0.84375 0.9171875 0.84375 0.9046875 0.83125 0.9109375 0.8229166671874999 0.9015625 0.8270833328125 0.8796875 0.80625 0.86875 0.8104166671874999 0.8640625 0.79375 0.853125 0.79375 0.840625 0.7666666671875 0.828125 0.7645833328125 0.8234375 0.7458333328125 0.8328125 0.74375 0.821875 0.74375 0.8140625 0.7229166671875 0.809375 0.7354166671875 0.8015625 0.7208333328125 0.78125 0.7083333328125 0.7703125 0.68125 0.7609375 0.6791666671875001 0.7546875 0.6645833328124999 0.74375 0.6666666671875 0.740625 0.65625 0.728125 0.6604166671875 0.6890625 0.60625 0.659375 0.5833333328125 0.6484375 0.5645833328125 0.6453125 0.5333333328125 0.60625 0.5395833328124999 0.590625 0.525 0.5703125 0.5229166671875001 0.5640625 0.5229166671875001 0.528125 0.53125 0.48125 0.5270833328125 0.3921875 0.5375 0.3765625 0.5458333328125
10 0.090625 0.46875 0.0875 0.55 0.1 0.51875 0.103125 0.46875 0.090625 0.46875
10 0.0671875 0.43541666718750005 0.071875 0.44166666718750003 0.109375 0.43958333281249995 0.1109375 0.41041666718750003 0.1203125 0.39791666718749996 0.1234375 0.3583333328125 0.1078125 0.3395833328125 0.1109375 0.3145833328125 0.103125 0.30416666718749996 0.096875 0.30416666718749996 0.0921875 0.33541666718749996 0.075 0.3416666671875 0.065625 0.3604166671875 0.0671875 0.43541666718750005
10 0 0.5041666671875 0.00625 0.50625 0.03125 0.56875 0.0421875 0.575 0.06875 0.5625 0.0484375 0.5583333328125 0.028125 0.5125 0.015625 0.44166666718750003 0.021875 0.42291666718750004 0.015625 0.41041666718750003 0.0140625 0.3125 0.04375 0.30625 0.05 0.2979166671875 0.015625 0.23958333281250002 0.0125 0.23541666718749998 0 0.23958333281250002 0 0.5041666671875
10 0.2203125 0.4166666671875 0.2 0.4458333328125 0.184375 0.45208333281249996 0.175 0.47291666718750003 0.175 0.4895833328125 0.2078125 0.4875 0.2125 0.46666666718750005 0.221875 0.46666666718750005 0.240625 0.44166666718750003 0.2515625 0.3895833328125 0.2578125 0.40416666718750005 0.2875 0.41041666718750003 0.275 0.43958333281249995 0.2734375 0.48333333281249996 0.2796875 0.5125 0.28125 0.48333333281249996 0.2921875 0.4770833328125 0.3015625 0.51875 0.3 0.5375 0.309375 0.525 0.30625 0.5 0.3015625 0.46875 0.2890625 0.4625 0.3 0.45 0.3015625 0.43125 0.325 0.43541666718750005 0.3328125 0.42291666718750004 0.321875 0.3958333328125 0.321875 0.375 0.3140625 0.3708333328125 0.3046875 0.3916666671875 0.2890625 0.36666666718749996 0.2859375 0.3479166671875 0.2640625 0.3708333328125 0.259375 0.3458333328125 0.25 0.3458333328125 0.2453125 0.38125 0.225 0.3895833328125 0.23125 0.4145833328125 0.2203125 0.4166666671875
14 0.221875 0.5479166671875 0.2921875 0.5458333328125 0.271875 0.4916666671875 0.271875 0.44375 0.284375 0.41041666718750003 0.2609375 0.40625 0.2515625 0.40625 0.234375 0.45 0.2328125 0.5166666671875 0.21875 0.5375 0.221875 0.5479166671875
4 0.31875 0.5333333328125 0.325 0.54375 0.3546875 0.53125 0.359375 0.50625 0.35625 0.46875 0.328125 0.45208333281249996 0.3203125 0.45208333281249996 0.303125 0.45416666718750004 0.309375 0.5041666671875 0.3046875 0.53125 0.31875 0.5333333328125
4 0.29375 0.4770833328125 0.2890625 0.475 0.2859375 0.475 0.284375 0.5229166671875001 0.2953125 0.5354166671875 0.3015625 0.525 0.29375 0.4770833328125
10 0.3359375 0.44375 0.3484375 0.43541666718750005 0.35625 0.44166666718750003 0.353125 0.45625 0.3640625 0.49791666718750005 0.3578125 0.53125 0.3640625 0.5354166671875 0.3734375 0.5333333328125 0.3765625 0.39375 0.3703125 0.3770833328125 0.3484375 0.35625 0.3421875 0.35625 0.340625 0.3729166671875 0.35 0.3791666671875 0.353125 0.3958333328125 0.3359375 0.44375
10 0.3515625 0.42291666718750004 0.3578125 0.43541666718750005 0.3734375 0.4270833328125 0.3734375 0.39375 0.36875 0.375 0.35 0.3541666671875 0.34375 0.3541666671875 0.3375 0.3729166671875 0.3515625 0.3854166671875 0.3453125 0.4270833328125 0.3515625 0.42291666718750004
12 0.9625 0 0.684375 0.375 0.665625 0.38333333281250004 0.65 0.4166666671875 0.6484375 0.5291666671875 0.653125 0.5604166671875 0.665625 0.5458333328125 0.6953125 0.5770833328125 0.696875 0.5916666671875 0.7078125 0.5854166671875001 0.7296875 0.60625 0.7265625 0.6145833328125 0.7359375 0.6083333328125 0.7515625 0.61875 0.7609375 0.63125 0.7625 0.6541666671875 0.771875 0.6583333328125 0.7828125 0.6458333328125 0.809375 0.6666666671875 0.8203125 0.6791666671875001 0.8203125 0.7145833328125 0.840625 0.7166666671875 0.8453125 0.6958333328124999 0.934375 0.7666666671875 0.9453125 0.7791666671875 0.9390625 0.8333333328125001 0.9484375 0.84375 0.98125 0.8416666671874999 0.984375 0.8125 0.9984375 0.8208333328125 0.9984375 0 0.989453125 0 0.9625 0
10 0.684375 0.36875 0.6796875 0.3583333328125 0.678125 0.3583333328125 0.65625 0.39375 0.653125 0.42291666718750004 0.6609375 0.4 0.684375 0.36875
5 0.5375 0.34375 0.4765625 0.3416666671875 0.4703125 0.3416666671875 0.4671875 0.5145833328125 0.5265625 0.51875 0.53125 0.5145833328125 0.5375 0.34375
7 0.0640625 0.2375 0.0640625 0.24375 0.0796875 0.2416666671875 0.065625 0.2375 0.0640625 0.2375
7 0.1296875 0.17916666718750002 0.1234375 0.175 0.1140625 0.175 0.1046875 0.175 0.1015625 0.1833333328125 0.125 0.1916666671875 0.1296875 0.17916666718750002
7 0 0.21458333281250003 0.0171875 0.21458333281250003 0.021875 0.20416666718749998 0.0140625 0.19583333281249998 0 0.19583333281249998 0 0.21458333281250003
7 0 0.1770833328125 0.0296875 0.17916666718750002 0.0359375 0.1729166671875 0.0359375 0.16458333281249998 0.0171875 0.15625 0.00859375 0.15625 0 0.15625 0 0.1770833328125
7 0.1390625 0.2416666671875 0.1421875 0.22291666718749997 0.1375 0.21875 0.1276041671875 0.21875 0.1078125 0.21875 0.1015625 0.22916666718749998 0.115625 0.23958333281250002 0.1390625 0.2416666671875