5 0.9899553578125 0 0.9140625 0.0041666671875 0.55625 0.075 0.5046875 0.0791666671875 0.4875 0.0895833328125 0.4859375 0.1895833328125 0.5125 0.20833333281250002 0.5140625 0.2479166671875 0.521875 0.2645833328125 0.5203125 0.3458333328125 0.55625 0.36875 0.5453125 0.40625 0.546875 0.4270833328125 0.5671875 0.43333333281249997 0.5796875 0.46666666718750005 0.6 0.46875 0.6125 0.4895833328125 0.6125 0.5458333328125 0.609375 0.5583333328125 0.5984375 0.5645833328125 0.6109375 0.5729166671875 0.659375 0.5645833328125 0.8640625 0.5708333328124999 0.9984375 0.5645833328125 0.9984375 0 0.9899553578125 0
7 0.6890625 0.20416666718749998 0.6828125 0.20416666718749998 0.68125 0.2166666671875 0.696875 0.2270833328125 0.6984375 0.2166666671875 0.6890625 0.20416666718749998
10 0.2515625 0.32083333281250004 0.2640625 0.35625 0.2640625 0.3916666671875 0.2734375 0.40416666718750005 0.25625 0.5416666671875 0.25625 0.6104166671875 0.28125 0.6020833328124999 0.2765625 0.5895833328125 0.28125 0.5416666671875 0.3125 0.425 0.3203125 0.45208333281249996 0.3140625 0.6125 0.3609375 0.60625 0.340625 0.5854166671875001 0.340625 0.5645833328125 0.353125 0.3895833328125 0.35625 0.3791666671875 0.3703125 0.40208333281249997 0.3703125 0.34375 0.359375 0.23333333281250002 0.3546875 0.22291666718749997 0.3296875 0.20833333281250002 0.3328125 0.1666666671875 0.325 0.1583333328125 0.3140625 0.1583333328125 0.296875 0.20416666718749998 0.2625 0.2208333328125 0.253125 0.2875 0.2515625 0.32083333281250004
10 0.20625 0.2770833328125 0.196875 0.30625 0.2015625 0.4 0.2125 0.4291666671875 0.2140625 0.4583333328125 0.2125 0.59375 0.2203125 0.6 0.25 0.5958333328125 0.2484375 0.5645833328125 0.2375 0.5604166671875 0.2375 0.5125 0.246875 0.48333333281249996 0.2515625 0.49375 0.2515625 0.5604166671875 0.2546875 0.5104166671875 0.2671875 0.45208333281249996 0.253125 0.3916666671875 0.2484375 0.3125 0.253125 0.2645833328125 0.24375 0.25 0.2640625 0.2104166671875 0.2484375 0.1854166671875 0.2359375 0.1854166671875 0.2265625 0.19583333281249998 0.21875 0.23125 0.1984375 0.2625 0.20625 0.2770833328125
7 0.678125 0.1854166671875 0.65 0.1416666671875 0.64375 0.1416666671875 0.640625 0.15625 0.66875 0.1979166671875 0.678125 0.1979166671875 0.678125 0.1854166671875
11 0 0 0.003125 0.6395833328125 0.0109375 0.6395833328125 0.0390625 0.6 0.05625 0.5479166671875 0.0609375 0.5083333328124999 0.0546875 0.375 0.040625 0.32083333281250004 0.015625 0.275 0.028125 0.25 0.021875 0.19375 0.0578125 0.1916666671875 0.0609375 0 0.0522321421875 0 0 0
7 0.071875 0.0770833328125 0.0640625 0.07291666718749999 0.0625 0.07291666718749999 0.05625 0.08333333281250001 0.059375 0.0958333328125 0.071875 0.0895833328125 0.071875 0.0770833328125
14 0.0609375 0.39791666718749996 0.0640625 0.5041666671875 0.05 0.5791666671875 0.034375 0.6125 0.0140625 0.6354166671875 0.0140625 0.6458333328125 0.0453125 0.6458333328125 0.059375 0.6666666671875 0.140625 0.6458333328125 0.1984375 0.6416666671875 0.2203125 0.6479166671875001 0.221875 0.6333333328124999 0.19375 0.5958333328125 0.1765625 0.5541666671875001 0.1640625 0.48333333281249996 0.1640625 0.40416666718750005 0.175 0.375 0.178125 0.3395833328125 0.2015625 0.28958333281250004 0.2015625 0.275 0.16875 0.25833333281250004 0.115625 0.25 0.10691964218750001 0.25 0.0390625 0.2520833328125 0.0171875 0.26875 0.053125 0.35208333281250004 0.0609375 0.39791666718749996
14 0.53125 0.5729166671875 0.5640625 0.5833333328125 0.5671875 0.5791666671875 0.540625 0.5270833328125 0.534375 0.48125 0.5359375 0.4145833328125 0.553125 0.3770833328125 0.553125 0.36875 0.540625 0.3604166671875 0.5328125 0.3604166671875 0.5234375 0.36666666718749996 0.5140625 0.44375 0.5203125 0.5125 0.53125 0.5729166671875
10 0.478125 0.2604166671875 0.4765625 0.35 0.446875 0.38125 0.4625 0.39375 0.46875 0.3875 0.465625 0.3791666671875 0.478125 0.38125 0.484375 0.47083333281249995 0.5015625 0.54375 0.496875 0.5666666671875 0.4734375 0.5916666671875 0.528125 0.5916666671875 0.53125 0.5770833328125 0.5140625 0.46666666718750005 0.521875 0.38125 0.5140625 0.3104166671875 0.5203125 0.26875 0.4984375 0.22916666718749998 0.484375 0.22916666718749998 0.475 0.20833333281250002 0.4609375 0.2 0.459375 0.1979166671875 0.446875 0.21458333281250003 0.4453125 0.23333333281250002 0.459375 0.2541666671875 0.478125 0.2604166671875
10 0.375 0.3375 0.375 0.3645833328125 0.390625 0.375 0.38125 0.4 0.3859375 0.40625 0.4203125 0.40416666718750005 0.4296875 0.3895833328125 0.43600544531249996 0.3402601953125 0.46183985312500003 0.36608540624999997 0.47346538125000004 0.3523119921875 0.4553812953125 0.33853851874999996 0.434375 0.30416666718749996 0.4375 0.2708333328125 0.425 0.25 0.4203125 0.25 0.4109375 0.26875 0.4109375 0.28958333281250004 0.3890625 0.3 0.375 0.3375
4 0.2078125 0.5583333328125 0.2125 0.47291666718750003 0.2078125 0.43333333281249997 0.19765625 0.43333333281249997 0.1875 0.43333333281249997 0.184375 0.5645833328125 0.2046875 0.5645833328125 0.2078125 0.5583333328125
4 0.29375 0.5833333328125 0.296875 0.5916666671875 0.3125 0.59375 0.315625 0.5833333328125 0.3203125 0.4583333328125 0.3140625 0.4270833328125 0.3125 0.4270833328125 0.2859375 0.525 0.28125 0.5625 0.2859375 0.5916666671875 0.29375 0.5833333328125
4 0.45 0.575 0.471875 0.58125 0.4828125 0.575 0.490625 0.5604166671875 0.490625 0.5395833328124999 0.4796875 0.42291666718750004 0.4703125 0.42083333281249996 0.4703125 0.4291666671875 0.4609375 0.43333333281249997 0.43125 0.425 0.4203125 0.4125 0.390625 0.40833333281249995 0.3796875 0.40833333281249995 0.371875 0.44166666718750003 0.3515625 0.4604166671875 0.34375 0.5791666671875 0.45 0.575
15 0 0.9979166671874999 0.9984375 0.9979166671874999 0.9984375 0.59375 0.9890625 0.5708333328124999 0.975 0.5583333328125 0.9125 0.5520833328125 0.909375 0.5520833328125 0.8765625 0.5604166671875 0.865625 0.5729166671875 0.7515625 0.5708333328124999 0.584375 0.5854166671875001 0.575 0.5791666671875 0.5671875 0.59375 0.540625 0.5916666671875 0.5265625 0.6020833328124999 0.4890625 0.6083333328125 0.465625 0.6 0.40625 0.6 0.31875 0.6291666671875 0.2890625 0.6145833328125 0.2609375 0.61875 0.2625 0.625 0.2265625 0.6145833328125 0.2265625 0.6520833328125 0.209375 0.6625 0.140625 0.65625 0.121875 0.66875 0.1140625 0.6604166671875 0.1078125 0.6708333328125 0.0484375 0.675 0.05 0.66875 0.040625 0.6708333328125 0.0296875 0.6583333328125 0 0.65 0 0.9979166671874999