11 0.1 0.459375 0.171875 0.37265625
12 0.91484375 0.47734375 0.1671875 0.2375
15 0.4984375 0.75078125 0.996875 0.48984375
7 0.1640625 0.02734375 0.065625 0.0375
7 0.628125 0.33359375 0.01875 0.02890625
7 0.9578125 0.08203125 0.08125 0.05234375
7 0.26171875 0.1625 0.0640625 0.03359375
7 0.421875 0.29453125 0.0375 0.01875
7 0.28828125 0.23515625 0.0359375 0.025
7 0.6625 0.1125 0.078125 0.04140625
7 0.17578125 0.19296875 0.0421875 0.02265625
7 0.3703125 0.2625 0.03125 0.02109375
7 0.34765625 0.28359375 0.0203125 0.01640625
7 0.18125 0.165625 0.028125 0.01875
7 0.43515625 0.26875 0.0171875 0.01640625
7 0.31171875 0.209375 0.0234375 0.01875
10 0.31171875 0.4 0.0765625 0.35859375
10 0.42109375 0.44609375 0.0453125 0.19140625
10 0.59296875 0.45078125 0.0234375 0.15234375
10 0.56640625 0.453125 0.0328125 0.15625
10 0.203125 0.415625 0.065625 0.33125