15 0 0.9979166671874999 0.9984375 0.9979166671874999 0.9984375 0.56875 0.978125 0.5645833328125 0.971875 0.54375 0.9703125 0.5416666671875 0.9375 0.54375 0.934375 0.5520833328125 0.90625 0.54375 0.8421875 0.5604166671875 0.615625 0.56875 0.5640625 0.5770833328125 0.5328125 0.5916666671875 0.4578125 0.5854166671875001 0.3453125 0.6125 0.3296875 0.6125 0.3203125 0.6020833328124999 0.2890625 0.6041666671875 0.2765625 0.6333333328124999 0.2203125 0.63125 0.215625 0.6395833328125 0.153125 0.6479166671875001 0.1125 0.6354166671875 0.0953125 0.6395833328125 0.0921875 0.6333333328124999 0.0515625 0.6416666671875 0.0453125 0.6708333328125 0.0296875 0.6395833328125 0 0.6375 0 0.9979166671874999
5 0.4984375 0.1979166671875 0.5046875 0.21458333281250003 0.521875 0.22291666718749997 0.521875 0.2625 0.534375 0.2875 0.5328125 0.35 0.540625 0.3645833328125 0.5578125 0.3645833328125 0.5640625 0.3770833328125 0.5484375 0.41041666718750003 0.546875 0.4604166671875 0.559375 0.47083333281249995 0.6046875 0.46875 0.6125 0.4791666671875 0.61875 0.5 0.615625 0.5541666671875001 0.840625 0.5520833328125 0.8515625 0.5416666671875 0.878125 0.5395833328124999 0.9734375 0.54375 0.975 0.014583332812499999 0.96875 0.014583332812499999 0.9328125 0.0270833328125 0.859375 0.0333333328125 0.5 0.1041666671875 0.4984375 0.1979166671875
7 0.684375 0.20208333281250002 0.65 0.1541666671875 0.6453125 0.1541666671875 0.640625 0.1604166671875 0.653125 0.1854166671875 0.68125 0.2125 0.684375 0.20208333281250002
7 0.190625 0.0645833328125 0.1859375 0.054166667187499996 0.15 0.0416666671875 0.13984375 0.0416666671875 0.121875 0.0458333328125 0.1265625 0.0791666671875 0.1421875 0.0625 0.190625 0.0645833328125
10 0.271875 0.325 0.2703125 0.4 0.2828125 0.4166666671875 0.2859375 0.45 0.290625 0.59375 0.334375 0.5958333328125 0.3265625 0.5770833328125 0.3125 0.575 0.30625 0.5416666671875 0.3125 0.46458333281249997 0.325 0.45208333281249996 0.3375 0.4916666671875 0.3421875 0.5958333328125 0.3921875 0.5958333328125 0.3921875 0.5854166671875001 0.371875 0.575 0.3640625 0.5604166671875 0.359375 0.5083333328124999 0.3640625 0.4291666671875 0.35 0.39791666718749996 0.35 0.3645833328125 0.3296875 0.24583333281250003 0.33125 0.21875 0.3265625 0.20416666718749998 0.3140625 0.19375 0.309375 0.19375 0.3 0.20625 0.2984375 0.23125 0.265625 0.2708333328125 0.271875 0.325
10 0.2609375 0.3083333328125 0.24375 0.3416666671875 0.24375 0.41041666718750003 0.253125 0.43333333281249997 0.2515625 0.5708333328124999 0.2625 0.5895833328125 0.2875 0.5895833328125 0.2859375 0.5708333328124999 0.271875 0.5583333328125 0.2828125 0.44375 0.2796875 0.4166666671875 0.26875 0.40208333281249997 0.2703125 0.32083333281250004 0.2640625 0.2916666671875 0.26875 0.2625 0.2953125 0.23125 0.28125 0.2104166671875 0.2734375 0.2104166671875 0.259375 0.22291666718749997 0.2546875 0.2604166671875 0.240625 0.28125 0.2609375 0.3083333328125
10 0.3953125 0.3729166671875 0.4078125 0.38125 0.4015625 0.40625 0.40625 0.41041666718750003 0.4484375 0.40833333281249995 0.45 0.35 0.4546875 0.3708333328125 0.4671875 0.375 0.4765625 0.36875 0.471875 0.3458333328125 0.45 0.3145833328125 0.453125 0.2791666671875 0.4421875 0.26875 0.4390625 0.26875 0.4296875 0.3020833328125 0.409375 0.3125 0.396875 0.34375 0.3953125 0.3729166671875
11 0 0 0 0.20833333281250002 0.0140625 0.2791666671875 0.0265625 0.30416666718749996 0.03125 0.40416666718750005 0.0609375 0.41041666718750003 0.059375 0.41875 0.040625 0.41875 0.03125 0.4479166671875 0.0328125 0.5166666671875 0.0484375 0.6229166671875 0.0484375 0.6041666671875 0.0703125 0.59375 0.0765625 0.5958333328125 0.08125 0.61875 0.0921875 0.61875 0.1203125 0.575 0.13125 0.5291666671875 0.1265625 0.3854166671875 0.121875 0.35625 0.096875 0.30625 0.10625 0.2875 0.11875 0.2833333328125 0.10625 0.2770833328125 0.1 0.23541666718749998 0.121875 0.2270833328125 0.121875 0 0.11374999999999999 0 0 0
10 0 0.3645833328125 0.0203125 0.3583333328125 0.025 0.3416666671875 0.025 0.30625 0.0109375 0.2791666671875 0.0015625 0.2166666671875 0 0.21458333281250003 0 0.3645833328125
14 0.1390625 0.425 0.1359375 0.5291666671875 0.1234375 0.5729166671875 0.0953125 0.6125 0.0984375 0.6270833328125 0.128125 0.6229166671875 0.1390625 0.6375 0.15 0.6395833328125 0.203125 0.6229166671875 0.275 0.6229166671875 0.275 0.6104166671875 0.25 0.5791666671875 0.2359375 0.5479166671875 0.2234375 0.46875 0.2265625 0.3875 0.25625 0.30625 0.228125 0.28958333281250004 0.1984375 0.2833333328125 0.190625 0.2833333328125 0.1171875 0.2875 0.0984375 0.3 0.1234375 0.3541666671875 0.1390625 0.425
10 0.4890625 0.2791666671875 0.490625 0.3729166671875 0.4703125 0.40625 0.48125 0.40625 0.4859375 0.39791666718749996 0.49375 0.40833333281249995 0.503125 0.48541666718750004 0.5125 0.5083333328124999 0.5109375 0.5604166671875 0.4984375 0.5729166671875 0.5078125 0.58125 0.5359375 0.5770833328125 0.54375 0.5645833328125 0.534375 0.5354166671875 0.525 0.45 0.5328125 0.39791666718749996 0.528125 0.35 0.53125 0.2875 0.509375 0.2479166671875 0.49375 0.2520833328125 0.4765625 0.2270833328125 0.4734375 0.2270833328125 0.4625 0.23541666718749998 0.4609375 0.25833333281250004 0.4734375 0.2770833328125 0.4890625 0.2791666671875
14 0.5359375 0.53125 0.54375 0.5625 0.571875 0.5708333328124999 0.5509688671874999 0.5365319328125 0.5453125 0.4625 0.5453125 0.4125 0.5609375 0.38333333281250004 0.559375 0.36875 0.5515625 0.36666666718749996 0.54375 0.36666666718749996 0.5328125 0.3708333328125 0.534375 0.40625 0.5265625 0.4479166671875 0.5359375 0.53125
4 0.36875 0.5666666671875 0.3953125 0.58125 0.4015625 0.5729166671875 0.4546875 0.5645833328125 0.4703125 0.5645833328125 0.48767443593750004 0.5726872625 0.5015625 0.5604166671875 0.503125 0.49375 0.49375 0.42083333281249996 0.4859375 0.41875 0.48125 0.43333333281249997 0.4734375 0.43333333281249997 0.446875 0.425 0.440625 0.4145833328125 0.4015625 0.41041666718750003 0.3921875 0.41041666718750003 0.359375 0.41875 0.3671875 0.4291666671875 0.3609375 0.4895833328125 0.36875 0.5666666671875
3 0 0.5083333328124999 0.0203125 0.5145833328125 0.0328125 0.6291666671875 0.04375 0.6604166671875 0.0453125 0.6270833328125 0.0265625 0.48125 0.03125 0.3625 0.021875 0.3604166671875 0.0203125 0.3583333328125 0 0.36666666718749996 0 0.5083333328124999
11 0 0.6 0.0296875 0.5979166671875 0.01875 0.5125 0.009375 0.5125 0 0.5125 0 0.6
7 0.6890625 0.2166666671875 0.6859375 0.2270833328125 0.6984375 0.23125 0.69375 0.2166666671875 0.6890625 0.2166666671875