11 0.0796875 0.36796875 0.065625 0.43515625
5 0.51484375 0.42734375 0.0671875 0.1875
12 0.8890625 0.46875 0.21875 0.2875
15 0.49921875 0.75390625 0.9953125 0.48359375
7 0.5 0.30078125 0.021875 0.03984375
7 0.61640625 0.20390625 0.0203125 0.01640625
7 0.1234375 0.16171875 0.05 0.02734375
7 0.97890625 0.328125 0.0296875 0.02265625
7 0.21875 0.22734375 0.05625 0.025
7 0.6734375 0.33984375 0.01875 0.04609375
7 0.1109375 0.20234375 0.015625 0.01640625
7 0.003125 0.10703125 0.00625 0.02265625
7 0.97734375 0.16640625 0.0265625 0.02109375
7 0.0046875 0.04140625 0.009375 0.02109375
7 0.22421875 0.178125 0.0296875 0.01875
7 0.553125 0.2875 0.015625 0.01640625
7 0.15625 0.23828125 0.025 0.01484375
10 0.1859375 0.328125 0.046875 0.06015625
10 0.24921875 0.41640625 0.0828125 0.3
10 0.4359375 0.4375 0.040625 0.2125
10 0.45703125 0.43515625 0.0421875 0.2
10 0.409375 0.43828125 0.0375 0.22265625