11 0.21328125 0.33046875 0.0890625 0.58515625
11 0.34375 0.465625 0.159375 0.32734375
5 0.7890625 0.41015625 0.0875 0.23359375
15 0.4984375 0.75625 0.996875 0.47890625
7 0.13671875 0.04765625 0.0765625 0.05
7 0.7671875 0.26484375 0.025 0.05
7 0.32890625 0.115625 0.0515625 0.03125
7 0.44453125 0.19765625 0.0578125 0.02890625
7 0.44140625 0.12734375 0.0296875 0.02109375
7 0.3125 0.17265625 0.04375 0.025
7 0.38203125 0.21640625 0.0234375 0.01640625
7 0.9234375 0.121875 0.025 0.02265625
7 0.83515625 0.25234375 0.0296875 0.02109375
10 0.4 0.396875 0.0875 0.37734375
10 0.6640625 0.42109375 0.090625 0.30390625
10 0.71015625 0.41953125 0.0390625 0.25625
10 0.27890625 0.42421875 0.0484375 0.28515625