5 0.3171875 0.5291666671875 0.31875 0.3020833328125 0.2390625 0.3 0.2375 0.475 0.2453125 0.4916666671875 0.2453125 0.5291666671875 0.3171875 0.5291666671875
10 0.4328125 0.375 0.4375 0.3645833328125 0.4296875 0.3625 0.425 0.38333333281250004 0.4125 0.39375 0.4109375 0.43541666718750005 0.421875 0.53125 0.4359375 0.5395833328124999 0.4328125 0.375
5 0.4015625 0.3125 0.371875 0.30416666718749996 0.334375 0.30625 0.33125 0.3125 0.33125 0.5229166671875001 0.340625 0.5291666671875 0.403125 0.525 0.4015625 0.3125
7 0.309375 0.2875 0.3078125 0.275 0.2796875 0.23958333281250002 0.2640625 0.23333333281250002 0.2625 0.2416666671875 0.278125 0.2645833328125 0.3015625 0.28958333281250004 0.309375 0.2875
7 0.3953125 0.125 0.3953125 0.14375 0.415625 0.1416666671875 0.4140625 0.12291666718750001 0.3953125 0.125
10 0.5046875 0.48125 0.4890625 0.5333333328125 0.4921875 0.54375 0.5125 0.5479166671875 0.525 0.47083333281249995 0.5359375 0.4604166671875 0.51875 0.3479166671875 0.5140625 0.3416666671875 0.5046875 0.3479166671875 0.4859375 0.4291666671875 0.4859375 0.4479166671875 0.496875 0.4583333328125 0.5046875 0.48125
10 0.4703125 0.425 0.45625 0.3333333328125 0.45 0.3333333328125 0.4375 0.3729166671875 0.434375 0.42291666718750004 0.43125 0.5375 0.446875 0.5333333328125 0.4578125 0.5395833328124999 0.4703125 0.425
10 0.0484375 0.54375 0.06875 0.5625 0.084375 0.5458333328125 0.0890625 0.525 0.1015625 0.35208333281250004 0.0765625 0.30416666718749996 0.0484375 0.325 0.04375 0.35625 0.04375 0.3895833328125 0.053125 0.4291666671875 0.0484375 0.54375
12 0.8171875 0 0.5640625 0.3770833328125 0.5546875 0.4125 0.5546875 0.5458333328125 0.5640625 0.5708333328124999 0.5640625 0.5979166671875 0.578125 0.6229166671875 0.590625 0.6208333328125 0.5953125 0.6395833328125 0.8453125 0.9583333328125001 0.8703125 0.98125 0.884375 0.9875 0.9 0.9833333328125 0.9078125 0.9979166671874999 0.9984375 0.9979166671874999 0.9984375 0 0.8171875 0
10 0.1625 0.46875 0.1703125 0.5322916671875 0.1671875 0.5479166671875 0.1578125 0.5520833328125 0.209375 0.55 0.2015625 0.53125 0.1984375 0.46666666718750005 0.2125 0.3791666671875 0.184375 0.30625 0.175 0.2958333328125 0.1609375 0.30416666718749996 0.1765625 0.35625 0.1765625 0.38333333281250004 0.1734375 0.4291666671875 0.1625 0.46875
4 0.1609375 0.4458333328125 0.1421875 0.4375 0.1015625 0.4375 0.096875 0.4458333328125 0.0859375 0.55625 0.153125 0.5541666671875001 0.1609375 0.5354166671875 0.1609375 0.4458333328125
10 0 0.33125 0.0234375 0.38819444375 0.0234375 0.41041666718750003 0.03125 0.4125 0.0359375 0.3916666671875 0.0328125 0.3333333328125 0.0140625 0.28958333281250004 0 0.28958333281250004 0 0.33125
10 0.0203125 0.2979166671875 0.0109375 0.28958333281250004 0 0.28958333281250004 0.003125 0.3291666671875 0.021875 0.3145833328125 0.0203125 0.2979166671875
10 0.1125 0.35625 0.1125 0.3270833328125 0.096875 0.3229166671875 0.1015625 0.40416666718750005 0.115625 0.40833333281249995 0.121875 0.3854166671875 0.1125 0.35625
1 0.6234375 0.2854166671875 0.6734375 0.20833333281250002 0.6578125 0.20208333281250002 0.5234375 0.20208333281250002 0.521875 0.29375 0.5515625 0.2979166671875 0.58125 0.2854166671875 0.6234375 0.2854166671875
15 0.840625 0.8229166671874999 0.8140625 0.8104166671874999 0.8015625 0.7895833328124999 0.728125 0.7270833328124999 0.55 0.55625 0.546875 0.5458333328125 0.5234375 0.5458333328125 0.509375 0.5604166671875 0.5015625 0.55 0.4859375 0.5479166671875 0.478125 0.5354166671875 0.4203125 0.5395833328124999 0.3828125 0.53125 0.2546875 0.53125 0.21875 0.5416666671875 0.2125 0.55625 0.04375 0.5645833328125 0.0359375 0.5666666671875 0.028125 0.5833333328125 0.0015625 0.5854166671875001 0 0.9979166671874999 0.9984375 0.9979166671874999 0.9984375 0.96875 0.840625 0.8229166671874999