10 0.3140625 0.5354166671875 0.321875 0.53125 0.321875 0.4125 0.33125 0.3916666671875 0.3015625 0.3291666671875 0.2921875 0.3291666671875 0.2890625 0.35208333281250004 0.303125 0.3645833328125 0.2953125 0.53125 0.3140625 0.5354166671875
5 0.3453125 0.51875 0.4015625 0.5166666671875 0.4015625 0.3270833328125 0.39375 0.3270833328125 0.3359375 0.3291666671875 0.334375 0.4604166671875 0.34375 0.48541666718750004 0.3453125 0.51875
10 0 0.3416666671875 0.00625 0.3458333328125 0.0078125 0.5458333328125 0.009375 0.5520833328125 0.0265625 0.55 0.0234375 0.5354166671875 0.03125 0.5104166671875 0.0359375 0.5375 0.0296875 0.55 0.0671875 0.5604166671875 0.0734375 0.5333333328125 0.0625 0.5229166671875001 0.0515625 0.4895833328125 0.059375 0.4166666671875 0.0578125 0.34375 0.0671875 0.3375 0.0671875 0.3291666671875 0.0484375 0.2979166671875 0.0453125 0.2645833328125 0.034375 0.2541666671875 0.028125 0.2541666671875 0 0.3125 0 0.3416666671875
7 0 0.2 0.0296875 0.2104166671875 0.034375 0.2 0.0296875 0.1854166671875 0.021875 0.1854166671875 0 0.1875 0 0.2
14 0.1078125 0.5520833328125 0.2 0.5520833328125 0.203125 0.5458333328125 0.1875 0.5229166671875001 0.178125 0.4875 0.1796875 0.43125 0.1953125 0.4 0.15625 0.3916666671875 0.15 0.3916666671875 0.1328125 0.43333333281249997 0.1328125 0.4895833328125 0.1265625 0.5208333328125 0.1078125 0.5520833328125
10 0.1953125 0.3958333328125 0.1796875 0.44166666718750003 0.18125 0.5 0.1984375 0.53125 0.196875 0.4875 0.2046875 0.4770833328125 0.2140625 0.51875 0.2109375 0.5375 0.2046875 0.5395833328124999 0.2109375 0.5395833328124999 0.225 0.53125 0.2109375 0.4125 0.2234375 0.40416666718750005 0.2359375 0.4145833328125 0.2375 0.40416666718750005 0.21875 0.39375 0.2109375 0.35625 0.19375 0.34375 0.1765625 0.35208333281250004 0.1765625 0.3333333328125 0.16875 0.3270833328125 0.165625 0.3270833328125 0.1578125 0.3375 0.1671875 0.3583333328125 0.159375 0.38333333281250004 0.1953125 0.3958333328125
5 0.475 0.4583333328125 0.4734375 0.3333333328125 0.4359375 0.3291666671875 0.4265625 0.3291666671875 0.4125 0.33125 0.4140625 0.5145833328125 0.46875 0.5166666671875 0.475 0.4583333328125
7 0 0.15 0.021875 0.15 0.025 0.1375 0.015625 0.13125 0.0078125 0.13125 0 0.13125 0 0.15
7 0.48125 0.1770833328125 0.4765625 0.1770833328125 0.4671875 0.18125 0.4671875 0.19375 0.484375 0.19375 0.48125 0.1770833328125
10 0.246875 0.41875 0.234375 0.35625 0.2265625 0.35625 0.2125 0.41875 0.2359375 0.43958333281249995 0.246875 0.4375 0.246875 0.41875
15 0 0.9979166671874999 0.9984375 0.9979166671874999 0.9984375 0.8604166671875 0.9328125 0.8104166671874999 0.934375 0.8375 0.928125 0.84375 0.91875 0.8375 0.9109375 0.84375 0.9046875 0.8354166671875 0.8921875 0.8395833328125001 0.8890625 0.8354166671875 0.892038690625 0.8330357140625001 0.8890625 0.8270833328125 0.890625 0.78125 0.884375 0.76875 0.79375 0.6979166671875 0.790625 0.71875 0.7703125 0.71875 0.7625 0.6729166671875 0.7328125 0.65 0.7234375 0.6583333328125 0.70625 0.65625 0.7015625 0.6270833328125 0.6921875 0.61875 0.66875 0.63125 0.6578125 0.6270833328125 0.653125 0.6104166671875 0.6453125 0.6125 0.6375 0.59375 0.6265625 0.5958333328125 0.621875 0.5791666671875 0.603125 0.56875 0.5921875 0.53125 0.553125 0.5375 0.5296875 0.5229166671875001 0.4828125 0.5229166671875001 0.48125 0.5229166671875001 0.3453125 0.5354166671875 0.321875 0.5458333328125 0.2359375 0.5416666671875 0.1984375 0.5583333328125 0.1046875 0.5625 0.096875 0.55625 0.05625 0.58125 0.0296875 0.5729166671875 0 0.5770833328125 0 0.9979166671874999
12 0.915625 0 0.659375 0.3333333328125 0.6484375 0.3583333328125 0.621875 0.3708333328125 0.628125 0.38333333281250004 0.61875 0.39375 0.6140625 0.38333333281250004 0.603125 0.40416666718750005 0.6 0.5208333328125 0.60625 0.5645833328125 0.615625 0.5604166671875 0.61875 0.5666666671875 0.621875 0.5604166671875 0.6296875 0.5895833328125 0.6328125 0.575 0.6421875 0.5729166671875 0.6484375 0.5833333328125 0.646875 0.5958333328125 0.653125 0.5875 0.6578125 0.5916666671875 0.6578125 0.6208333328125 0.665625 0.6291666671875 0.675 0.6166666671875001 0.684375 0.61875 0.684375 0.6083333328125 0.7046875 0.6229166671875 0.70625 0.6541666671875 0.7171875 0.65625 0.7203125 0.6458333328125 0.715625 0.6375 0.721875 0.6354166671875 0.7609375 0.6666666671875 0.76875 0.6770833328125 0.765625 0.7104166671875001 0.775 0.7208333328125 0.7890625 0.7145833328125 0.79375 0.69375 0.884375 0.7645833328125 0.89375 0.78125 0.8921875 0.8083333328125001 0.8765625 0.8333333328125001 0.89375 0.8520833328125 0.8921875 0.8583333328125 0.9046875 0.8520833328125 0.9078125 0.8645833328125001 0.9125 0.8604166671875 0.9078125 0.85 0.9390625 0.8416666671874999 0.93125 0.8333333328125001 0.934375 0.8041666671875 0.9984375 0.85625 0.9984375 0 0.9901562500000001 0 0.915625 0
10 0.0546875 0.46666666718750005 0.05625 0.4916666671875 0.0953125 0.4895833328125 0.1015625 0.4604166671875 0.1359375 0.4291666671875 0.1359375 0.41041666718750003 0.146875 0.3854166671875 0.1453125 0.36875 0.134375 0.3625 0.121875 0.3625 0.11875 0.3729166671875 0.128125 0.3958333328125 0.0640625 0.45 0.0546875 0.46666666718750005
10 0.628125 0.3479166671875 0.6046875 0.4 0.6359375 0.3604166671875 0.6328125 0.3479166671875 0.628125 0.3479166671875
5 0.5390625 0.5166666671875 0.5453125 0.425 0.54375 0.3270833328125 0.5140625 0.3229166671875 0.5046875 0.3229166671875 0.48125 0.3270833328125 0.478125 0.3395833328125 0.4765625 0.5125 0.5390625 0.5166666671875