11 0.14765625 0.38203125 0.0609375 0.38515625
5 0.53125 0.43671875 0.0625 0.17734375
12 0.8875 0.48203125 0.221875 0.27734375
15 0.4984375 0.75859375 0.996875 0.475
7 0.51796875 0.31484375 0.0203125 0.0375
7 0.03515625 0.13515625 0.0703125 0.0375
7 0.17265625 0.18671875 0.0453125 0.02265625
7 0.97734375 0.34609375 0.0234375 0.02109375
7 0.06171875 0.08515625 0.0359375 0.025
7 0.6296875 0.225 0.01875 0.01640625
7 0.25703125 0.24609375 0.0515625 0.025
7 0.26484375 0.20234375 0.0265625 0.01640625
7 0.56328125 0.02734375 0.0984375 0.05390625
7 0.19765625 0.25546875 0.0234375 0.01484375
7 0.92421875 0.01875 0.1078125 0.0375
7 0.9640625 0.19921875 0.025 0.02265625
10 0.29296875 0.42734375 0.0703125 0.27109375
10 0.47734375 0.44453125 0.0359375 0.18515625
10 0.4390625 0.44765625 0.04375 0.20390625
10 0.45703125 0.446875 0.0328125 0.19375
10 0.23515625 0.35 0.0390625 0.05390625