15 0 0.9979166671874999 0.9984375 0.9979166671874999 0.9984375 0.5479166671875 0.9765625 0.54375 0.9609375 0.5541666671875001 0.940625 0.5458333328125 0.9390625 0.54375 0.9390625 0.55 0.8796875 0.5479166671875 0.8671875 0.5625 0.6171875 0.5645833328125 0.6 0.5770833328125 0.5625 0.5770833328125 0.5484375 0.5916666671875 0.54375 0.5854166671875001 0.5421875 0.5916666671875 0.4453125 0.5854166671875001 0.3734375 0.6083333328125 0.328125 0.6083333328125 0.315625 0.5979166671875 0.2859375 0.6041666671875 0.2671875 0.5958333328125 0.2640625 0.63125 0.2546875 0.6395833328125 0.2078125 0.63125 0.2 0.6395833328125 0.190625 0.6333333328124999 0.1875 0.6395833328125 0.1203125 0.65 0.0828125 0.6333333328124999 0.075 0.6333333328124999 0.0765625 0.6395833328125 0.059375 0.6333333328124999 0.015625 0.6416666671875 0.0125 0.6729166671875 0 0.70625 0 0.9979166671874999
5 0.53125 0.19375 0.5328125 0.2166666671875 0.5390625 0.22291666718749997 0.5375 0.25625 0.5484375 0.3333333328125 0.5765625 0.35625 0.5561357484375 0.4125708546875 0.5561357484375 0.45389121406250005 0.5953125 0.4583333328125 0.61875 0.4604166671875 0.628125 0.4895833328125 0.628125 0.5270833328125 0.6203125 0.55 0.646875 0.5604166671875 0.75 0.5520833328125 0.9984375 0.5520833328125 0.9984375 0.014583332812499999 0.984375 0.014583332812499999 0.625 0.075 0.515625 0.1020833328125 0.515625 0.17916666718750002 0.53125 0.19375
7 0.6953125 0.19375 0.6953125 0.18125 0.665625 0.1375 0.6578125 0.1375 0.6546875 0.14791666718750002 0.66875 0.1708333328125 0.684375 0.1916666671875 0.6953125 0.19375
11 0 0 0 0.3875 0.0375 0.39375 0.0359375 0.40416666718750005 0.0203125 0.40625 0.021875 0.5958333328125 0.0515625 0.6 0.05625 0.61875 0.065625 0.6166666671875001 0.090625 0.5833333328125 0.1109375 0.51875 0.1140625 0.4625 0.10625 0.3541666671875 0.0953125 0.31875 0.0734375 0.2791666671875 0.084375 0.2604166671875 0.078125 0.20416666718749998 0.1015625 0.20208333281250002 0.1046875 0.1875 0.10625 0 0.09807692343749999 0 0 0
7 0.11875 0.0229166671875 0.109375 0.0229166671875 0.10625 0.04375 0.1125 0.05 0.11875 0.0458333328125 0.11875 0.0229166671875
7 0.703125 0.1979166671875 0.7015625 0.1979166671875 0.6984375 0.2104166671875 0.7125 0.21875 0.7125 0.20416666718749998 0.703125 0.1979166671875
10 0.4953125 0.2645833328125 0.496875 0.34375 0.4765625 0.36875 0.471875 0.3895833328125 0.4828125 0.3958333328125 0.4921875 0.38125 0.4984375 0.39375 0.5234375 0.54375 0.4984375 0.5729166671875 0.534375 0.5770833328125 0.5484375 0.5708333328124999 0.5328125 0.45625 0.540625 0.3895833328125 0.5359375 0.3333333328125 0.5390625 0.2708333328125 0.5171875 0.225 0.496875 0.23125 0.4828125 0.20833333281250002 0.475 0.20833333281250002 0.465625 0.21458333281250003 0.4625 0.2375 0.48125 0.2625 0.4953125 0.2645833328125
14 0.1171875 0.4270833328125 0.1171875 0.49375 0.10625 0.55 0.0875 0.5916666671875 0.06875 0.6104166671875 0.06875 0.6229166671875 0.103125 0.6229166671875 0.115625 0.6416666671875 0.1859375 0.6229166671875 0.2421875 0.6208333328125 0.259375 0.6270833328125 0.2609375 0.6104166671875 0.221875 0.5458333328125 0.2078125 0.45625 0.2140625 0.36666666718749996 0.2453125 0.2833333328125 0.2203125 0.2645833328125 0.1265625 0.25625 0.125 0.25625 0.0859375 0.2625 0.075 0.275 0.1078125 0.35208333281250004 0.1171875 0.4270833328125
14 0.5796875 0.5666666671875 0.5609375 0.5291666671875 0.5515625 0.48125 0.553125 0.40833333281249995 0.571875 0.3645833328125 0.5671875 0.35625 0.5588541671875 0.35625 0.5421875 0.35625 0.534375 0.46666666718750005 0.5484375 0.5583333328125 0.5796875 0.5666666671875
4 0.365625 0.5583333328125 0.4265625 0.5625 0.4953125 0.5604166671875 0.5046875 0.5541666671875001 0.50625 0.475 0.496875 0.41041666718750003 0.484375 0.425 0.45 0.4166666671875 0.4390625 0.40208333281249997 0.4140625 0.4 0.4046875 0.4 0.375 0.40625 0.375 0.4479166671875 0.365625 0.475 0.365625 0.5583333328125
10 0.4 0.3604166671875 0.4140625 0.36666666718749996 0.4109375 0.39375 0.45 0.39375 0.4484375 0.3729166671875 0.4578125 0.33125 0.4734375 0.3583333328125 0.4875 0.35208333281250004 0.4578125 0.3 0.4609375 0.2666666671875 0.4515625 0.25 0.44375 0.25 0.434375 0.2875 0.4140625 0.2958333328125 0.403125 0.32083333281250004 0.4 0.3604166671875
10 0.2625 0.2645833328125 0.2703125 0.3854166671875 0.28125 0.39791666718749996 0.284375 0.42291666718750004 0.2828125 0.5895833328125 0.3109375 0.5854166671875001 0.3015625 0.5395833328124999 0.3140625 0.4270833328125 0.3265625 0.43333333281249997 0.3265625 0.4479166671875 0.3375 0.47083333281249995 0.3421875 0.59375 0.3890625 0.5958333328125 0.3875 0.58125 0.3625 0.5625 0.3609375 0.47291666718750003 0.3625 0.4583333328125 0.371875 0.45 0.3734375 0.4166666671875 0.3625 0.40208333281249997 0.340625 0.23958333281250002 0.3296875 0.21875 0.3296875 0.1916666671875 0.315625 0.1708333328125 0.3109375 0.1708333328125 0.3015625 0.18125 0.3015625 0.20416666718749998 0.2703125 0.2375 0.2625 0.2645833328125
10 0.2359375 0.26875 0.2484375 0.28125 0.2359375 0.325 0.2375 0.39791666718749996 0.2453125 0.4145833328125 0.2484375 0.45 0.24375 0.5520833328125 0.25 0.58125 0.2796875 0.5791666671875 0.2796875 0.5645833328125 0.2671875 0.5520833328125 0.2671875 0.5104166671875 0.2734375 0.47083333281249995 0.28125 0.4625 0.28125 0.41875 0.26875 0.3875 0.26875 0.34375 0.2609375 0.31875 0.2625 0.25 0.2921875 0.21458333281250003 0.2921875 0.2 0.2765625 0.1875 0.271875 0.1875 0.2625 0.19583333281249998 0.2546875 0.22916666718749998 0.2359375 0.25625 0.2359375 0.26875