5 0.69453125 0.41328125 0.2140625 0.21875
5 0.66484375 0.44609375 0.0546875 0.15
15 0.4984375 0.75390625 0.996875 0.48359375
7 0.22578125 0.06484375 0.0578125 0.03359375
7 0.65390625 0.34140625 0.0171875 0.02890625
7 0.9671875 0.10234375 0.0625 0.04609375
7 0.309375 0.18125 0.059375 0.02890625
7 0.01171875 0.15625 0.0234375 0.07109375
7 0.6890625 0.13125 0.075 0.04140625
7 0.00546875 0.08359375 0.0109375 0.0375
7 0.40703125 0.271875 0.0296875 0.01484375
7 0.45546875 0.303125 0.0359375 0.01875
7 0.22734375 0.20859375 0.0390625 0.02109375
7 0.3265625 0.24765625 0.040625 0.02109375
7 0.353125 0.22421875 0.021875 0.01484375
7 0.23359375 0.18359375 0.0265625 0.01640625
7 0.46796875 0.27890625 0.0171875 0.0125
10 0.04765625 0.365625 0.0953125 0.51015625
10 0.359375 0.40859375 0.06875 0.325
10 0.2609375 0.41796875 0.059375 0.30234375
10 0.45390625 0.44765625 0.0453125 0.17890625
10 0.58984375 0.459375 0.0296875 0.15234375
10 0.61796875 0.45625 0.0234375 0.15