11 0.2375 0.396875 0.05 0.32265625
5 0.56015625 0.43359375 0.0609375 0.17109375
5 0.6125 0.43125 0.04375 0.16640625
12 0.890625 0.471875 0.215625 0.27265625
15 0.4984375 0.75078125 0.996875 0.48984375
7 0.06875 0.05625 0.0875 0.04609375
7 0.546875 0.315625 0.01875 0.03515625
7 0.91953125 0.028125 0.0984375 0.05625
7 0.1296875 0.17265625 0.04375 0.02890625
7 0.58515625 0.05234375 0.0890625 0.05390625
7 0.30859375 0.26015625 0.0453125 0.02109375
7 0.2375 0.2125 0.040625 0.02109375
7 0.1484375 0.13203125 0.03125 0.01875
7 0.20546875 0.240625 0.0296875 0.01875
7 0.31875 0.22421875 0.021875 0.01484375
7 0.65078125 0.23359375 0.0171875 0.01640625
7 0.953125 0.2125 0.021875 0.02109375
7 0.74140625 0.35859375 0.0296875 0.0375
10 0.06875 0.35234375 0.125 0.54609375
10 0.5140625 0.44296875 0.0375 0.17265625
10 0.1671875 0.43203125 0.04375 0.20234375
10 0.47265625 0.44453125 0.0359375 0.18984375
10 0.2 0.42890625 0.0375 0.17890625