15 0 0.9979166671874999 0.9984375 0.9979166671874999 0.9984375 0.5625 0.9015625 0.55625 0.9 0.55625 0.8828125 0.5583333328125 0.871875 0.5916666671875 0.8484375 0.5791666671875 0.75625 0.5770833328125 0.659375 0.5895833328125 0.590625 0.5833333328125 0.584375 0.5916666671875 0.5625 0.5958333328125 0.5515625 0.5895833328125 0.546875 0.6020833328124999 0.5203125 0.6 0.484375 0.6166666671875001 0.4078125 0.60625 0.4015625 0.6125 0.353125 0.6125 0.3453125 0.60625 0.3453125 0.6125 0.2984375 0.6208333328125 0.29375 0.6333333328124999 0.2796875 0.6395833328125 0.2234375 0.6395833328125 0.209375 0.6145833328125 0.1703125 0.6395833328125 0.146875 0.625 0.1265625 0.6270833328125 0.1109375 0.6875 0.0859375 0.6895833328125 0.0671875 0.68125 0.0625 0.6875 0.0046875 0.6875 0 0.69375 0 0.9979166671874999
5 0.709765625 0 0.6046875 0.0125 0.4671875 0.0416666671875 0.46875 0.1375 0.475 0.1541666671875 0.4953125 0.1708333328125 0.49375 0.19375 0.503125 0.2104166671875 0.5078125 0.3333333328125 0.5390625 0.3458333328125 0.525 0.3875 0.528125 0.4166666671875 0.5421875 0.4125 0.5421875 0.42291666718750004 0.5609375 0.45 0.559375 0.4604166671875 0.584375 0.4625 0.6 0.48541666718750004 0.6 0.54375 0.5890625 0.5645833328125 0.8640625 0.5708333328124999 0.871875 0.5666666671875 0.8734375 0.55 0.884375 0.54375 0.946875 0.5479166671875 0.9796875 0.54375 0.9984375 0.5416666671875 0.9984375 0 0.71875 0 0.709765625 0
7 0.678125 0.1770833328125 0.6703125 0.1770833328125 0.671875 0.19375 0.6890625 0.2104166671875 0.6921875 0.2 0.678125 0.1770833328125
10 0.15625 0.20208333281250002 0.1546875 0.28125 0.16875 0.3145833328125 0.1703125 0.3645833328125 0.1796875 0.38333333281250004 0.178125 0.43541666718750005 0.165625 0.49375 0.159375 0.6208333328125 0.1859375 0.61875 0.1981401578125 0.6184433140625 0.2009175375 0.6073392109375 0.1859375 0.575 0.19375 0.5 0.2078125 0.46666666718750005 0.2109375 0.44166666718750003 0.2203125 0.43333333281249997 0.2265625 0.45416666718750004 0.2296875 0.6229166671875 0.2359375 0.6291666671875 0.2859375 0.625 0.29375 0.6145833328125 0.2625 0.5895833328125 0.2578125 0.5458333328125 0.2689617109375 0.4407783046875 0.2786823828125 0.4481810390625 0.28284829375 0.3871087203125 0.26875 0.38125 0.2765625 0.3729166671875 0.2546875 0.17916666718750002 0.2421875 0.1541666671875 0.25 0.1208333328125 0.2421875 0.09375 0.221875 0.08541666718749999 0.2125 0.08541666718749999 0.2015625 0.0979166671875 0.2046875 0.1291666671875 0.165625 0.1729166671875 0.15625 0.20208333281250002
10 0.4578125 0.21875 0.45625 0.25833333281250004 0.4484375 0.26875 0.4093292125 0.2819363046875 0.4065674296875 0.30033983750000004 0.4515625 0.2916666671875 0.446875 0.3166666671875 0.4515625 0.47291666718750003 0.4734375 0.5458333328125 0.46875 0.575 0.4453125 0.5875 0.440625 0.6 0.4859375 0.60625 0.5015625 0.5958333328125 0.4875 0.43541666718750005 0.5 0.3645833328125 0.5 0.24375 0.4890625 0.19583333281249998 0.465625 0.1854166671875 0.4609375 0.16458333281249998 0.45 0.1541666671875 0.440625 0.1541666671875 0.428125 0.1583333328125 0.421875 0.1895833328125 0.4359375 0.2104166671875 0.4578125 0.21875
7 0.6671875 0.16875 0.6671875 0.15625 0.6421875 0.1125 0.6359375 0.1125 0.6328125 0.12291666718750001 0.6421875 0.1416666671875 0.659375 0.16875 0.6671875 0.16875
10 0.3328125 0.30625 0.33125 0.34375 0.35 0.3541666671875 0.3453125 0.38333333281250004 0.3921875 0.38333333281250004 0.4015625 0.3083333328125 0.4234375 0.3416666671875 0.4328125 0.33125 0.428125 0.3104166671875 0.415625 0.2916666671875 0.409375 0.2958333328125 0.3984375 0.27291666718749996 0.4015625 0.22916666718749998 0.3875 0.2125 0.3828125 0.2125 0.371875 0.23541666718749998 0.371875 0.25833333281250004 0.3484375 0.26875 0.3328125 0.30625
14 0 0.6770833328125 0.084375 0.6729166671875 0.10625 0.6791666671875001 0.1109375 0.675 0.109375 0.6583333328125 0.09375 0.6458333328125 0.0625 0.5833333328125 0.0484375 0.5333333328125 0.0421875 0.47083333281249995 0.0453125 0.3729166671875 0.065625 0.28958333281250004 0.071875 0.28125 0.0828125 0.2604166671875 0.1 0.23541666718749998 0.1015625 0.21875 0.06875 0.19375 0.0078125 0.1770833328125 0 0.1770833328125 0 0.6770833328125
4 0.1265625 0.5645833328125 0.134375 0.4625 0.131484621875 0.41486887031249997 0.09815680156249999 0.4185702390625 0.1023227125 0.5407148765625001 0.10625 0.55 0.1234375 0.55 0.1265625 0.5645833328125
10 0.2 0.6 0.215625 0.5833333328125 0.203125 0.5645833328125 0.20625 0.54375 0.221875 0.5125 0.2125648796875 0.45458482968749997 0.2109375 0.46666666718750005 0.196875 0.5 0.1875 0.575 0.1921875 0.5791666671875 0.2 0.6
10 0.1234375 0.30416666718749996 0.1234375 0.3791666671875 0.134375 0.40416666718750005 0.134375 0.6083333328125 0.1578125 0.6083333328125 0.159516378125 0.5854680671875 0.1625 0.5666666671875 0.1640625 0.4895833328125 0.1765625 0.43541666718750005 0.1765625 0.38125 0.1671875 0.3645833328125 0.1671875 0.32083333281250004 0.153125 0.2875 0.15625 0.18125 0.1890625 0.1458333328125 0.1765625 0.125 0.16796875 0.125 0.1484375 0.1375 0.14375 0.175 0.1140625 0.23333333281250002 0.1234375 0.30416666718749996
4 0.2640625 0.45625 0.259375 0.54375 0.265625 0.5875 0.4078125 0.5791666671875 0.4390625 0.5854166671875001 0.45625 0.575 0.4609375 0.5125 0.4484375 0.46875 0.45 0.40625 0.4421875 0.4 0.440625 0.4145833328125 0.434375 0.41875 0.390625 0.40625 0.3828125 0.3916666671875 0.33125 0.3854166671875 0.321875 0.3854166671875 0.2828125 0.3875 0.278125 0.4479166671875 0.2671875 0.4479166671875 0.2640625 0.45625
14 0.4953125 0.5520833328125 0.5046875 0.58125 0.5453125 0.5895833328125 0.5140625 0.5083333328124999 0.5140625 0.40833333281249995 0.534375 0.35625 0.5328125 0.34375 0.521875 0.3416666671875 0.51171875 0.3416666671875 0.5 0.3458333328125 0.4984375 0.3875 0.4890625 0.41041666718750003 0.4953125 0.5520833328125