11 0.0453125 0.359375 0.071875 0.46015625
11 0.15546875 0.46953125 0.1265625 0.24765625
11 0.33046875 0.41328125 0.0328125 0.26484375
5 0.50625 0.42265625 0.06875 0.19140625
12 0.88828125 0.46328125 0.2203125 0.28984375
15 0.49921875 0.75390625 0.9953125 0.48359375
7 0.48984375 0.29453125 0.0234375 0.03984375
7 0.1 0.14921875 0.053125 0.02734375
7 0.66640625 0.33671875 0.0203125 0.04375
7 0.084375 0.190625 0.028125 0.02265625
7 0.9765625 0.321875 0.03125 0.02265625
7 0.20078125 0.21796875 0.0578125 0.02265625
7 0.98046875 0.153125 0.0265625 0.02265625
7 0.61015625 0.19375 0.0203125 0.01640625
7 0.13671875 0.22890625 0.0265625 0.01640625
7 0.20625 0.165625 0.03125 0.01875
10 0.22578125 0.4125 0.0890625 0.3125
10 0.15859375 0.31875 0.0453125 0.0625
10 0.3875 0.43515625 0.05625 0.22890625
10 0.41953125 0.43671875 0.0515625 0.21015625
10 0.44609375 0.43203125 0.0328125 0.20625