11 0.21953125 0.340625 0.0859375 0.58515625
5 0.79296875 0.42421875 0.0859375 0.23125
15 0.49921875 0.76328125 0.9953125 0.46484375
7 0.1453125 0.06171875 0.075 0.04765625
7 0.771875 0.27734375 0.025 0.05
7 0.45 0.20859375 0.05625 0.02890625
7 0.33515625 0.12734375 0.0515625 0.02890625
7 0.38671875 0.22734375 0.0234375 0.01640625
7 0.31953125 0.18515625 0.0453125 0.025
7 0.44609375 0.13984375 0.0296875 0.02109375
7 0.92890625 0.134375 0.0265625 0.02265625
7 0.83984375 0.26328125 0.0296875 0.02265625
10 0.40234375 0.409375 0.0828125 0.37734375
10 0.1546875 0.4125 0.053125 0.29609375
10 0.7125 0.43203125 0.046875 0.25625
10 0.6609375 0.43046875 0.05 0.31875