11 0.609375 0.26796875 0.040625 0.53515625
11 0.1296875 0.44765625 0.196875 0.37890625
18 0.4734375 0.309375 0.240625 0.37265625
5 0.41015625 0.428125 0.0578125 0.18515625
5 0.1765625 0.3125 0.11875 0.57109375
15 0.49921875 0.753125 0.9953125 0.48515625
7 0.44609375 0.09375 0.0796875 0.04140625
7 0.7234375 0.09140625 0.08125 0.04140625
7 0.19453125 0.08828125 0.0421875 0.03515625
7 0.44609375 0.05703125 0.0828125 0.1140625
7 0.39453125 0.44375 0.0171875 0.025
10 0.0515625 0.33125 0.103125 0.6625
10 0.64453125 0.42890625 0.0578125 0.22890625
10 0.28515625 0.40703125 0.0828125 0.32734375