11 0.109375 0.46875 0.14375 0.275
5 0.60703125 0.41796875 0.1390625 0.20234375
5 0.50078125 0.42421875 0.0703125 0.19765625
15 0.4984375 0.75625 0.996875 0.47890625
7 0.48515625 0.29296875 0.0234375 0.04765625
7 0.6671875 0.3375 0.021875 0.04609375
7 0.06953125 0.13046875 0.0546875 0.03125
7 0.04609375 0.17734375 0.0484375 0.025
7 0.9875 0.32421875 0.021875 0.02734375
7 0.18125 0.20703125 0.059375 0.02734375
7 0.11484375 0.21953125 0.0265625 0.01875
7 0.1828125 0.15078125 0.03125 0.02265625
7 0.609375 0.18828125 0.021875 0.02265625
7 0.99375 0.140625 0.009375 0.02734375
10 0.19140625 0.409375 0.0953125 0.34375
10 0.36796875 0.43671875 0.0671875 0.24765625
10 0.12578125 0.30625 0.0421875 0.05859375