11 0.21171875 0.33984375 0.0890625 0.58359375
11 0.34140625 0.47578125 0.1578125 0.32734375
5 0.78359375 0.421875 0.0859375 0.23125
15 0.4984375 0.76015625 0.996875 0.47109375
7 0.13515625 0.05859375 0.0765625 0.05
7 0.76171875 0.275 0.0234375 0.05
7 0.32578125 0.12578125 0.0515625 0.03125
7 0.440625 0.20859375 0.05625 0.02890625
7 0.309375 0.18359375 0.04375 0.025
7 0.37890625 0.22578125 0.0234375 0.01484375
7 0.43828125 0.1375 0.0296875 0.02109375
7 0.8296875 0.26171875 0.028125 0.02265625
7 0.91640625 0.134375 0.0265625 0.02265625
10 0.39765625 0.40859375 0.0890625 0.375
10 0.70546875 0.43125 0.0453125 0.25390625
10 0.6515625 0.428125 0.053125 0.31484375
10 0.146875 0.40859375 0.05625 0.2875