11 0.79921875 0.26484375 0.0328125 0.52890625
18 0.78671875 0.32734375 0.4203125 0.3625
5 0.31171875 0.39140625 0.2109375 0.40390625
15 0.4984375 0.75078125 0.996875 0.48984375
7 0.6578125 0.15625 0.06875 0.0375
7 0.90859375 0.13046875 0.0765625 0.03515625
7 0.46484375 0.175 0.0203125 0.025
7 0.61796875 0.01796875 0.1015625 0.03515625
7 0.31015625 0.24921875 0.0296875 0.02265625
7 0.90859375 0.109375 0.0765625 0.07734375
7 0.4984375 0.32109375 0.009375 0.07109375
14 0.5 0.47734375 0.1 0.2125
10 0.5578125 0.43828125 0.05 0.21875
10 0.4375 0.40703125 0.10625 0.35234375