11 0.15234375 0.38203125 0.0546875 0.38515625
5 0.5359375 0.43359375 0.065625 0.17890625
12 0.890625 0.47265625 0.215625 0.25859375
15 0.4984375 0.75625 0.996875 0.47890625
7 0.52109375 0.3125 0.0203125 0.0375
7 0.56328125 0.02734375 0.0984375 0.05390625
7 0.03515625 0.13515625 0.0703125 0.0375
7 0.1734375 0.1875 0.04375 0.025
7 0.06015625 0.08515625 0.0359375 0.025
7 0.26640625 0.20234375 0.0265625 0.01640625
7 0.25859375 0.24453125 0.0515625 0.02265625
7 0.1984375 0.25546875 0.021875 0.01484375
7 0.6328125 0.22265625 0.01875 0.01640625
7 0.96796875 0.196875 0.0234375 0.02265625
7 0.6859375 0.359375 0.015625 0.02734375
7 0.92578125 0.01796875 0.1078125 0.03515625
10 0.296875 0.42578125 0.071875 0.26875
10 0.07109375 0.43671875 0.0453125 0.25234375