11 0.21484375 0.33046875 0.0890625 0.58515625
11 0.34375 0.46640625 0.159375 0.32890625
5 0.7890625 0.41171875 0.0875 0.23125
15 0.4984375 0.75703125 0.996875 0.47734375
7 0.1375 0.04765625 0.075 0.05
7 0.7671875 0.26484375 0.025 0.05
7 0.32890625 0.115625 0.0515625 0.03125
7 0.44453125 0.19765625 0.0578125 0.02890625
7 0.44140625 0.12734375 0.0296875 0.02109375
7 0.3125 0.17265625 0.04375 0.025
7 0.38203125 0.21796875 0.0234375 0.01484375
7 0.92421875 0.12265625 0.0265625 0.02109375
7 0.83515625 0.25234375 0.0296875 0.02109375
10 0.3984375 0.396875 0.084375 0.37734375
10 0.14921875 0.40078125 0.0546875 0.29375
10 0.70859375 0.41953125 0.0390625 0.25625
10 0.665625 0.421875 0.053125 0.31015625