19 0.4203125 0 0.3640625 0.0020833328125000002 0.36875 0.1 0.3625 0.13333333281249998 0 0.0354166671875 0 0.1208333328125 0.190625 0.1604166671875 0.2203125 0.1729166671875 0.253125 0.16875 0.3796875 0.19583333281249998 0.3875 0.2125 0.3890625 0.46875 0.365625 0.48333333281249996 0.2296875 0.48541666718750004 0.203125 0.48333333281249996 0.2046875 0.47083333281249995 0.1953125 0.475 0 0.47291666718750003 0 0.61875 0.0703125 0.6083333328125 0.0953125 0.6145833328125 0.1046875 0.6083333328125 0.1125 0.6166666671875001 0.1375 0.6041666671875 0.1453125 0.6104166671875 0.19375 0.6020833328124999 0.215625 0.6020833328124999 0.225 0.6125 0.253125 0.6 0.3171875 0.6 0.3453125 0.5916666671875 0.4109375 0.6 0.44375 0.59375 0.4296875 0.59375 0.43125 0.5875 0.553125 0.5833333328125 0.596875 0.5708333328124999 0.6375 0.5770833328125 0.6453125 0.56875 0.7296875 0.5708333328124999 0.796875 0.5541666671875001 0.9984375 0.5395833328124999 0.9984375 0.4916666671875 0.9890625 0.4916666671875 0.9890625 0.48541666718750004 0.9828125 0.49791666718750005 0.9703125 0.4916666671875 0.971875 0 0.9109375 0 0.9140625 0.060416667187499995 0.91875 0.0645833328125 0.9125 0.075 0.8578125 0.0479166671875 0.8578125 0 0.83125 0 0.8296875 0.029166667187500002 0.7890625 0.0125 0.7671875 0.0125 0.75 0 0.6578125 0 0.6578125 0.4770833328125 0.6890625 0.4770833328125 0.6921875 0.26875 0.7265625 0.275 0.73125 0.2833333328125 0.825 0.2979166671875 0.8328125 0.3104166671875 0.8328125 0.3541666671875 0.840625 0.33541666718749996 0.8453125 0.35 0.8546875 0.35208333281250004 0.84375 0.3604166671875 0.8546875 0.36875 0.8515625 0.3895833328125 0.840625 0.3875 0.8421875 0.375 0.83125 0.375 0.8296875 0.4770833328125 0.85 0.4770833328125 0.840625 0.47291666718750003 0.8421875 0.4375 0.853125 0.43541666718750005 0.85625 0.45 0.8578125 0.43333333281249997 0.85625 0.25625 0.85 0.25625 0.85 0.24583333281250003 0.9125 0.12291666718750001 0.928125 0.1041666671875 0.934375 0.1291666671875 0.9328125 0.48333333281249996 0.4609375 0.48541666718750004 0.4265625 0.48333333281249996 0.428125 0.4770833328125 0.421875 0.48333333281249996 0.3890625 0.48333333281249996 0.390625 0.475 0.41875 0.475 0.415625 0.0791666671875 0.4171875 0.0395833328125 0.428125 0 0.4203125 0
15 0 0.9979166671874999 0.9984375 0.9979166671874999 0.9984375 0.5541666671875001 0.971875 0.5541666671875001 0.9671875 0.5479166671875 0.9625 0.5479166671875 0.9546875 0.5583333328125 0.946875 0.5520833328125 0.8625 0.55625 0.8671875 0.5666666671875 0.853125 0.5729166671875 0.85625 0.58125 0.8484375 0.6041666671875 0.840625 0.5708333328124999 0.8296875 0.5583333328125 0.825 0.5666666671875 0.790625 0.5666666671875 0.7859375 0.5729166671875 0.7015625 0.575 0.69375 0.5854166671875001 0.6890625 0.5729166671875 0.6515625 0.5833333328125 0.6375 0.5791666671875 0.634375 0.5916666671875 0.6265625 0.58125 0.6046875 0.5833333328125 0.5984375 0.6020833328124999 0.5875 0.5833333328125 0.515625 0.5875 0.5046875 0.6375 0.4984375 0.5916666671875 0.4703125 0.5895833328125 0.4828125 0.59375 0.4140625 0.6020833328124999 0.3421875 0.6 0.3 0.6125 0.3 0.60625 0.2359375 0.6104166671875 0.228125 0.6625 0.221875 0.6583333328125 0.215625 0.6104166671875 0.16875 0.6104166671875 0.140625 0.61875 0.121875 0.6375 0.10625 0.625 0.0921875 0.6354166671875 0 0.6416666671875 0 0.9979166671874999
18 0 0.46875 0.3546875 0.47291666718750003 0.3828125 0.46458333281249997 0.384375 0.2 0.2515625 0.16875 0.234375 0.175 0.00625 0.1270833328125 0.0046875 0.125 0 0.1270833328125 0 0.46875
17 0 0.43541666718750005 0.0953125 0.40416666718750005 0.1234375 0.40625 0.0046875 0.4458333328125 0 0.46666666718750005 0.0140625 0.46458333281249997 0.0140625 0.45208333281249996 0.0203125 0.46666666718750005 0.0921875 0.46666666718750005 0.0953125 0.44166666718750003 0.0984375 0.46666666718750005 0.1671875 0.46875 0.1828125 0.43958333281249995 0.196875 0.4375 0.2015625 0.32083333281250004 0.1953125 0.3104166671875 0.1953125 0.2875 0.2046875 0.275 0.20625 0.19375 0.1953125 0.1875 0.1875 0.1875 0.121875 0.21458333281250003 0 0.23333333281250002 0 0.43541666718750005
18 0.4359375 0 0.434375 0.010416667187500001 0.4265625 0.0125 0.41875 0.0416666671875 0.4234375 0.47291666718750003 0.634375 0.4770833328125 0.6546875 0.47083333281249995 0.6546875 0 0.646875 0 0.4359375 0
17 0.4734375 0.17916666718750002 0.471875 0.1729166671875 0.45 0.175 0.434375 0.16458333281249998 0.4234375 0.16458333281249998 0.4203125 0.46666666718750005 0.4234375 0.47291666718750003 0.453125 0.47291666718750003 0.4734375 0.17916666718750002
17 0.3296875 0.47083333281249995 0.3828125 0.47083333281249995 0.3875 0.325 0.3828125 0.2125 0.240625 0.18125 0.2390625 0.17916666718750002 0.23125 0.2208333328125 0.2234375 0.46666666718750005 0.3140625 0.4604166671875 0.3296875 0.47083333281249995
18 0.81875 0.0791666671875 0.778125 0.05625 0.7765625 0.05625 0.7484375 0.10833333281249999 0.7 0.2270833328125 0.8171875 0.25625 0.81875 0.0791666671875
17 0.8140625 0.2541666671875 0.8140625 0.1666666671875 0.7484375 0.1604166671875 0.746875 0.1583333328125 0.7296875 0.1625 0.7203125 0.175 0.703125 0.225 0.8140625 0.2541666671875
18 0.83125 0.3083333328125 0.8171875 0.2958333328125 0.7078125 0.275 0.7015625 0.275 0.6921875 0.28958333281250004 0.690625 0.47291666718750003 0.828125 0.4770833328125 0.83125 0.3083333328125
17 0.825 0.3020833328125 0.7015625 0.275 0.7 0.27291666718749996 0.69375 0.3020833328125 0.690625 0.475 0.8234375 0.4770833328125 0.825 0.3020833328125
17 0.5796875 0.2625 0.5703125 0.2770833328125 0.565625 0.3083333328125 0.5515625 0.33125 0.553125 0.3708333328125 0.53125 0.4 0.53125 0.47291666718750003 0.6546875 0.475 0.653125 0.1770833328125 0.653125 0.1708333328125 0.6125 0.20416666718749998 0.6015625 0.2270833328125 0.5984375 0.2645833328125 0.5796875 0.2625
18 0.8609375 0.4770833328125 0.9328125 0.4770833328125 0.9296875 0.1208333328125 0.91875 0.1208333328125 0.871875 0.20208333281250002 0.8546875 0.24583333281250003 0.859375 0.2666666671875 0.8609375 0.4770833328125
17 0.86875 0.46666666718750005 0.86875 0.47291666718750003 0.8734375 0.4375 0.865625 0.4270833328125 0.865625 0.3916666671875 0.8796875 0.22916666718749998 0.890625 0.2 0.8890625 0.18125 0.8875 0.18125 0.8609375 0.23125 0.859375 0.41875 0.8609375 0.46666666718750005 0.86875 0.46666666718750005
18 0.9765625 0.1166666671875 0.975 0.1166666671875 0.971875 0.475 0.9984375 0.4791666671875 0.9984375 0.11875 0.9765625 0.1166666671875
17 0.9984375 0.17916666718750002 0.996875 0.17916666718750002 0.9734375 0.42291666718750004 0.978125 0.4791666671875 0.9984375 0.4791666671875 0.9984375 0.17916666718750002
17 0.928125 0.125 0.9203125 0.125 0.9046875 0.15 0.8828125 0.4770833328125 0.9328125 0.4770833328125 0.928125 0.125
18 0 0 0 0.0354166671875 0.3625 0.13125 0.3625 0 0.354619565625 0 0 0
18 0.7515625 0 0.8203125 0.025 0.8296875 0.0229166671875 0.8296875 0 0.821875 0 0.7515625 0
18 0.8625 0.09375 0.8625 0.1770833328125 0.8953125 0.1145833328125 0.8703125 0.09375 0.8625 0.09375
18 0.859375 0 0.859375 0.0479166671875 0.9109375 0.07291666718749999 0.9109375 0 0.90234375 0 0.859375 0
18 0.7 0.0208333328125 0.69375 0.0208333328125 0.6921875 0.1854166671875 0.7546875 0.054166667187499996 0.7546875 0.0458333328125 0.7 0.0208333328125