7 0.740625 0.13333333281249998 0.78125 0.125 0.7828125 0.0916666671875 0.7703125 0.08541666718749999 0.76171875 0.08541666718749999 0.7265625 0.09375 0.715625 0.10833333281249999 0.715625 0.12291666718750001 0.740625 0.13333333281249998
14 0.109375 0.3875 0.1140625 0.3708333328125 0.1421875 0.38333333281250004 0.184375 0.38333333281250004 0.2 0.3541666671875 0.2 0.3458333328125 0.1671875 0.325 0.1484375 0.325 0.1578125 0.3291666671875 0.1546875 0.33541666718749996 0.0828125 0.3333333328125 0.071875 0.31875 0.06875 0.31875 0.078125 0.3291666671875 0.075 0.3416666671875 0.096875 0.3875 0.109375 0.3875
7 0.20625 0.2854166671875 0.196875 0.28125 0.1875 0.28125 0.178125 0.28125 0.178125 0.29375 0.2046875 0.2958333328125 0.20625 0.2854166671875
7 0.4609375 0.3541666671875 0.4609375 0.36666666718749996 0.4734375 0.375 0.4640625 0.3541666671875 0.4609375 0.3541666671875
14 0.05625 0.45 0.0609375 0.4458333328125 0.05625 0.43958333281249995 0.053125 0.46875 0.053125 0.575 0.0640625 0.5833333328125 0.0546875 0.5833333328125 0.053125 0.5958333328125 0.059375 0.6041666671875 0.0578125 0.5895833328125 0.065625 0.59375 0.0671875 0.55625 0.0703125 0.575 0.0809375 0.575 0.0734375 0.5666666671875 0.084375 0.5583333328125 0.0828125 0.45 0.0921875 0.43541666718750005 0.1109375 0.43541666718750005 0.1140625 0.4458333328125 0.1171875 0.43541666718750005 0.1234375 0.43541666718750005 0.1296875 0.4604166671875 0.134375 0.43541666718750005 0.165625 0.4375 0.1703125 0.45 0.1984375 0.45208333281249996 0.1984375 0.54375 0.2 0.5625 0.20625 0.5645833328125 0.2 0.5666666671875 0.196875 0.5979166671875 0.203125 0.6041666671875 0.209375 0.5958333328125 0.209375 0.5479166671875 0.2015625 0.54375 0.2015625 0.5020833328125 0.2078125 0.49583333281249997 0.203125 0.46875 0.209375 0.46666666718750005 0.215625 0.43958333281249995 0.2484375 0.43541666718750005 0.25625 0.4479166671875 0.2578125 0.5125 0.2671875 0.5166666671875 0.2640625 0.5375 0.27026019843750004 0.5478294984375001 0.26875 0.425 0.2859375 0.4166666671875 0.2875 0.3916666671875 0.1125 0.38125 0.1109375 0.3791666671875 0.1 0.3916666671875 0.05625 0.3875 0.0453125 0.40625 0.05625 0.4270833328125 0.065625 0.42291666718750004 0.0640625 0.45208333281249996 0.05625 0.45
7 0.2375 0.3145833328125 0.228125 0.3145833328125 0.2171875 0.3166666671875 0.221875 0.325 0.2390625 0.325 0.2375 0.3145833328125
7 0.2125 0.26875 0.2125 0.2791666671875 0.225 0.2791666671875 0.2234375 0.26875 0.2125 0.26875
7 0.2640625 0.3020833328125 0.25546875 0.3020833328125 0.24375 0.30416666718749996 0.24375 0.3104166671875 0.265625 0.3125 0.2640625 0.3020833328125
15 0 0.9979166671874999 0.9984375 0.9979166671874999 0.9984375 0.7833333328125 0.9921875 0.775 0.928125 0.775 0.921875 0.7791666671875 0.925 0.7875 0.89375 0.7729166671875001 0.7515625 0.775 0.6703125 0.6729166671875 0.6625 0.6520833328125 0.6625 0.61875 0.6734375 0.5979166671875 0.671875 0.5666666671875 0.6421875 0.5583333328125 0.621875 0.5395833328124999 0.6125 0.5458333328125 0.6046875 0.525 0.5859375 0.53125 0.575 0.5166666671875 0.5359375 0.5166666671875 0.528125 0.5166666671875 0.484375 0.5208333328125 0.475 0.5333333328125 0.4546875 0.5333333328125 0.4578125 0.5416666671875 0.4640625 0.5395833328124999 0.4625 0.5583333328125 0.4828125 0.59375 0.465625 0.6083333328125 0.4609375 0.6270833328125 0.4359375 0.6333333328124999 0.40625 0.6333333328124999 0.3953125 0.625 0.3609375 0.6291666671875 0.3515625 0.60625 0.35625 0.5479166671875 0.3453125 0.5395833328124999 0.3421875 0.5458333328125 0.3234375 0.5395833328124999 0.2921875 0.5458333328125 0.275 0.55625 0.278125 0.6229166671875 0.2703125 0.64375 0.2515625 0.6375 0.2484375 0.5541666671875001 0.2375 0.5541666671875001 0.2328125 0.5708333328124999 0.2125 0.575 0.2171875 0.6041666671875 0.2078125 0.6125 0.196875 0.6125 0.1921875 0.6020833328124999 0.15625 0.6145833328125 0.134375 0.6125 0.121875 0.6229166671875 0.09375 0.6208333328125 0.0921875 0.6458333328125 0.084375 0.65625 0.0625 0.6520833328125 0.0609375 0.625 0.0515625 0.625 0.046875 0.6104166671875 0.0296875 0.5958333328125 0.0265625 0.5625 0.0203125 0.5625 0.015625 0.5770833328125 0 0.575 0 0.5916666671875 0.0140625 0.59375 0 0.5979166671875 0 0.9979166671874999
14 0.1078125 0.5020833328125 0.1015625 0.5354166671875 0.0859375 0.5708333328124999 0.0875 0.5854166671875001 0.1234375 0.575 0.1296875 0.5895833328125 0.196875 0.5916666671875 0.196875 0.575 0.18125 0.55 0.1671875 0.5041666671875 0.1671875 0.43958333281249995 0.1390625 0.4375 0.1375 0.4458333328125 0.1328125 0.44375 0.1328125 0.4604166671875 0.125 0.46458333281249997 0.1234375 0.4375 0.11875 0.4375 0.1140625 0.45208333281249996 0.1109375 0.43958333281249995 0.10625 0.4458333328125 0.1078125 0.5020833328125
14 0.103125 0.5520833328125 0.1125 0.575 0.13125 0.5645833328125 0.1375 0.5895833328125 0.1359375 0.5625 0.146875 0.55625 0.128125 0.5541666671875001 0.11875 0.54375 0.1359375 0.5395833328124999 0.125 0.5291666671875 0.146875 0.525 0.1296875 0.5229166671875001 0.1328125 0.5083333328124999 0.1203125 0.5 0.11875 0.5 0.1078125 0.5125 0.1171875 0.5208333328125 0.103125 0.525 0.103125 0.5520833328125
10 0.3296875 0.25625 0.328125 0.27291666718749996 0.3390625 0.29375 0.353125 0.30416666718749996 0.359375 0.375 0.36875 0.43541666718750005 0.3734375 0.4375 0.3734375 0.46458333281249997 0.365625 0.47291666718750003 0.3609375 0.5083333328124999 0.3671875 0.5791666671875 0.3609375 0.6145833328125 0.4015625 0.60625 0.40625 0.6229166671875 0.434375 0.625 0.459375 0.6145833328125 0.4421875 0.6020833328124999 0.43125 0.5770833328125 0.428125 0.5020833328125 0.4375 0.4791666671875 0.446875 0.3708333328125 0.434375 0.2104166671875 0.4265625 0.18125 0.4484375 0.125 0.4421875 0.1125 0.4234375 0.1020833328125 0.41875 0.1020833328125 0.403125 0.1125 0.3953125 0.15625 0.36875 0.1833333328125 0.3296875 0.25625
10 0.6140625 0.4625 0.621875 0.4458333328125 0.63125 0.44166666718750003 0.6203125 0.4166666671875 0.61875 0.4145833328125 0.603125 0.4375 0.6046875 0.5166666671875 0.609375 0.5208333328125 0.6140625 0.4625
16 0.6734375 0.5166666671875 0.678125 0.5291666671875 0.678125 0.5979166671875 0.6703125 0.625 0.6703125 0.6541666671875 0.7515625 0.7645833328125 0.925 0.7666666671875 0.9265625 0.7604166671875 0.928125 0.7145833328125 0.9109375 0.7 0.909375 0.6833333328125 0.9078125 0.2833333328125 0.8703125 0.27291666718749996 0.86875 0.2708333328125 0.7515625 0.2770833328125 0.6796875 0.3604166671875 0.678125 0.5145833328125 0.6734375 0.5166666671875
11 0.784375 0 0.7796875 0.2666666671875 0.9 0.2708333328125 0.9078125 0.2791666671875 0.9109375 0.6833333328125 0.9140625 0.6979166671875 0.928125 0.7125 0.9296875 0.7625 0.934375 0.7666666671875 0.9984375 0.7666666671875 0.9984375 0 0.990509259375 0 0.784375 0
11 0.0515625 0.30625 0.0515625 0.3375 0.059375 0.35 0.0640625 0.3416666671875 0.065625 0.13333333281249998 0.1015625 0.12291666718750001 0.1171875 0.1375 0.1171875 0.2541666671875 0.121875 0.26875 0.1265625 0.2416666671875 0.15 0.2270833328125 0.15 0.05 0.1328125 0.0333333328125 0.084375 0.0333333328125 0.0796875 0.0333333328125 0.0640625 0.0354166671875 0.0609375 0.04375 0.0609375 0.2666666671875 0.0515625 0.30625
10 0.040625 0.4270833328125 0.0328125 0.41875 0.03125 0.41875 0.0125 0.43958333281249995 0 0.47291666718750003 0.046875 0.4625 0.040625 0.4270833328125