5 0.30078125 0.4830729171875 0.310546875 0.4934895828125 0.310546875 0.51171875 0.3154296875 0.5182291671875 0.35546875 0.5169270828125 0.353515625 0.37109375 0.3037109375 0.3671875 0.298828125 0.3736979171875 0.30078125 0.4830729171875
10 0 0.41015625 0.0078125 0.4231770828125 0 0.4752604171875 0.009765625 0.48046875 0.0078125 0.5065104171875 0.017578125 0.5455729171875 0.0078125 0.5559895828125 0.015625 0.55859375 0.0234375 0.5533854171875 0.02734375 0.4596354171875 0.009765625 0.4075520828125 0.03515625 0.3997395828125 0.02734375 0.3763020828125 0.0390625 0.3528645828125 0.0322265625 0.3359375 0.01953125 0.33984375 0 0.3815104171875 0 0.41015625
7 0.017578125 0.28515625 0.0166015625 0.2734375 0 0.27734375 0.0029296875 0.2864583328125 0.017578125 0.28515625
10 0.115234375 0.3893229171875 0.099609375 0.33203125 0.0849609375 0.3255208328125 0.064453125 0.37109375 0.05859375 0.4049479171875 0.072265625 0.41015625 0.07421875 0.4440104171875 0.0859375 0.4778645828125 0.087890625 0.5559895828125 0.107421875 0.55859375 0.125 0.55078125 0.11328125 0.53515625 0.107421875 0.50390625 0.115234375 0.3893229171875
7 0.04296875 0.26953125 0.0498046875 0.28125 0.08203125 0.2825520828125 0.08984375 0.2721354171875 0.0810546875 0.265625 0.0537109375 0.2630208328125 0.04296875 0.26953125
12 0.5732421875 0.3854166671875 0.5439453125 0.421875 0.513671875 0.4388020828125 0.509765625 0.5169270828125 0.513671875 0.5299479171875 0.5263671875 0.5390625 0.7138671875 0.6328125 0.818359375 0.6315104171875 1 0.6263020828125 0.9990234375 0.265625 0.7255859375 0.2630208328125 0.5732421875 0.3854166671875
15 1 0.6966145828125 0.9892578125 0.6744791671875 0.9423828125 0.6796875 0.9150390625 0.6770833328125 0.9072265625 0.6666666671875 0.9033203125 0.6770833328125 0.8740234375 0.671875 0.8583984375 0.6927083328125 0.8466796875 0.6822916671875 0.8486328125 0.6901041671875 0.8095703125 0.6848958328125 0.7998046875 0.6979166671875 0.7763671875 0.6979166671875 0.7666015625 0.6666666671875 0.7626953125 0.6953125 0.7431640625 0.6875 0.7451171875 0.6953125 0.7353515625 0.6953125 0.7197265625 0.6901041671875 0.7138671875 0.6744791671875 0.6865234375 0.671875 0.6728515625 0.6536458328125 0.6630859375 0.65625 0.5498046875 0.5807291671875 0.5107421875 0.546875 0.5009765625 0.5260416671875 0.4736328125 0.53125 0.4423828125 0.5208333328125 0.3134765625 0.5286458328125 0.3095703125 0.5390625 0.1337890625 0.5494791671875 0.1123046875 0.5651041671875 0 0.5638020828125 0.0029296875 0.9973958328125001 0.4580078125 0.9973958328125001 0.4638671875 0.9895833328125001 0.4736328125 0.9973958328125001 1 0.99609375 1 0.6966145828125
7 0.5859375 0.1028645828125 0.5859375 0.1158854171875 0.5966796875 0.125 0.638671875 0.1263020828125 0.6640625 0.1106770828125 0.6572265625 0.08854166718749999 0.6142578125 0.08333333281250001 0.5859375 0.1028645828125
10 0.2568359375 0.3828125 0.25390625 0.3971354171875 0.265625 0.4075520828125 0.27734375 0.50390625 0.275390625 0.5299479171875 0.287109375 0.5299479171875 0.28515625 0.4075520828125 0.2763671875 0.3932291671875 0.2685546875 0.3958333328125 0.2568359375 0.3828125
7 0.3212890625 0.3463541671875 0.330078125 0.34765625 0.330078125 0.3372395828125 0.3173828125 0.3203125 0.306640625 0.3216145828125 0.3212890625 0.3463541671875
7 0.294921875 0.08984375 0.294921875 0.10546875 0.3095703125 0.1171875 0.353515625 0.1236979171875 0.375 0.11328125 0.3701171875 0.08854166718749999 0.3193359375 0.078125 0.294921875 0.08984375
7 0.9072265625 0.09635416718749999 0.8837890625 0.1015625 0.87109375 0.11328125 0.87109375 0.12109375 0.8857421875 0.1328125 0.916015625 0.1315104171875 0.9462890625 0.1223958328125 0.951171875 0.1106770828125 0.9287109375 0.09635416718749999 0.9072265625 0.09635416718749999
7 0.408203125 0.3190104171875 0.4072265625 0.3046875 0.37109375 0.30859375 0.3837890625 0.3203125 0.408203125 0.3190104171875
7 0.0078125 0.23567708281250002 0.0029296875 0.22135416718749998 0.001953125 0.24088541718749998 0.0078125 0.23567708281250002
7 0.080078125 0.2513020828125 0.0830078125 0.23697916718749998 0.060546875 0.23828125 0.0634765625 0.25 0.080078125 0.2513020828125
10 0.5126953125 0.390625 0.4921875 0.4309895828125 0.49609375 0.46484375 0.5078125 0.48828125 0.5078125 0.4388020828125 0.525390625 0.4231770828125 0.513671875 0.4049479171875 0.5126953125 0.390625
10 0.1796875 0.4934895828125 0.181640625 0.4778645828125 0.1904296875 0.4739583328125 0.19921875 0.4544270828125 0.1943359375 0.421875 0.1884765625 0.4322916671875 0.17578125 0.43359375 0.1796875 0.4518229171875 0.1669921875 0.4583333328125 0.1572265625 0.4765625 0.123046875 0.4934895828125 0.1171875 0.5377604171875 0.125 0.5403645828125 0.1318359375 0.5078125 0.1455078125 0.5234375 0.1494140625 0.4973958328125 0.1796875 0.4934895828125
10 0.1923828125 0.4192708328125 0.2060546875 0.4166666671875 0.2119140625 0.4296875 0.21875 0.4283854171875 0.216796875 0.4049479171875 0.2021484375 0.375 0.185546875 0.4075520828125 0.1923828125 0.4192708328125
10 0.029296875 0.38671875 0.0341796875 0.4036458328125 0.048828125 0.4049479171875 0.056640625 0.3606770828125 0.0419921875 0.3489583328125 0.029296875 0.37109375 0.029296875 0.38671875
10 0.240234375 0.40234375 0.2314453125 0.3958333328125 0.220703125 0.42578125 0.2265625 0.4309895828125 0.224609375 0.4440104171875 0.2421875 0.4544270828125 0.244140625 0.44140625 0.251953125 0.4361979171875 0.240234375 0.4153645828125 0.240234375 0.40234375
14 0.2119140625 0.4322916671875 0.18359375 0.48046875 0.181640625 0.5169270828125 0.16796875 0.5377604171875 0.173828125 0.54296875 0.232421875 0.5377604171875 0.216796875 0.5013020828125 0.2197265625 0.4322916671875 0.2119140625 0.4322916671875
14 0.0654296875 0.40625 0.0126953125 0.40625 0.029296875 0.4596354171875 0.025390625 0.5559895828125 0.068359375 0.5611979171875 0.087890625 0.55078125 0.072265625 0.5013020828125 0.072265625 0.4127604171875 0.0654296875 0.40625
4 0.216796875 0.46484375 0.21875 0.5091145828125 0.236328125 0.5325520828125 0.271484375 0.52734375 0.2734375 0.49609375 0.2666015625 0.46875 0.216796875 0.46484375
4 0.1962890625 0.07291666718749999 0.201171875 0.07161458281250001 0.203125 0.00390625 0.1748046875 0 0.173828125 0.0377604171875 0.1962890625 0.07291666718749999