5 0.6671875 0.42578125 0.1125 0.15234375
12 0.8921875 0.46328125 0.209375 0.26015625
15 0.49921875 0.75 0.9953125 0.49140625
7 0.14609375 0.10625 0.0796875 0.04140625
7 0.56953125 0.321875 0.0203125 0.03125
7 0.92421875 0.05234375 0.0921875 0.05390625
7 0.05 0.14609375 0.053125 0.02890625
7 0.25625 0.259375 0.034375 0.01875
7 0.05 0.11015625 0.0375 0.025
7 0.346875 0.275 0.04375 0.02109375
7 0.2015625 0.203125 0.015625 0.01875
7 0.284375 0.234375 0.0375 0.01875
7 0.21171875 0.16796875 0.0265625 0.01875
7 0.35859375 0.24375 0.0234375 0.01640625
10 0.171875 0.37265625 0.109375 0.45
10 0.5484375 0.44296875 0.0375 0.16015625
10 0.0359375 0.396875 0.071875 0.41015625
10 0.50078125 0.44453125 0.0328125 0.16875
10 0.23046875 0.44375 0.0390625 0.19609375
10 0.36484375 0.434375 0.0671875 0.22265625
10 0.0609375 0.33515625 0.05625 0.30859375