5 0.7859375 0.28958333281250004 0.784375 0.4458333328125 0.80625 0.47083333281249995 0.809375 0.49375 0.8296875 0.5041666671875 0.8734375 0.5041666671875 0.9109375 0.49375 0.95 0.49375 0.9578125 0.48125 0.965625 0.5 0.9703125 0.4916666671875 0.9984375 0.4916666671875 0.9984375 0.2645833328125 0.9885416671874999 0.2645833328125 0.909375 0.275 0.903125 0.2833333328125 0.8765625 0.2770833328125 0.7859375 0.28958333281250004
5 0.8078125 0.50625 0.8609375 0.5041666671875 0.8671875 0.49583333281249997 0.8625 0.28125 0.853125 0.28125 0.784375 0.2916666671875 0.784375 0.45 0.803125 0.46875 0.8078125 0.50625
15 0.7125 0.5395833328124999 0.665625 0.54375 0.6609375 0.5541666671875001 0.65 0.55625 0.6265625 0.5416666671875 0.5328125 0.54375 0.5171875 0.5541666671875001 0.4765625 0.5541666671875001 0.465625 0.5645833328125 0.3703125 0.5645833328125 0.3265625 0.5770833328125 0.2921875 0.5645833328125 0.225 0.5645833328125 0.2046875 0.5729166671875 0.19375 0.5479166671875 0.1859375 0.5541666671875001 0.1765625 0.5479166671875 0.1703125 0.56875 0.1578125 0.56875 0.153125 0.5770833328125 0.1484375 0.5708333328124999 0.0765625 0.5666666671875 0.0625 0.5729166671875 0.0640625 0.5666666671875 0.0546875 0.5666666671875 0.0484375 0.55625 0.04375 0.6083333328125 0.01875 0.6083333328125 0.0125 0.5541666671875001 0.003125 0.55625 0 0.9979166671874999 0.9984375 0.9979166671874999 0.9984375 0.5145833328125 0.9875 0.5125 0.9765625 0.5125 0.8140625 0.5208333328125 0.7890625 0.53125 0.728125 0.5270833328125 0.7125 0.5395833328124999
7 0.19375 0.0625 0.2328125 0.058333332812500006 0.2359375 0.0333333328125 0.20625 0.01875 0.1984375 0.01875 0.1671875 0.0208333328125 0.159375 0.0395833328125 0.1671875 0.05208333281250001 0.19375 0.0625
7 0.3765625 0.1729166671875 0.378125 0.1604166671875 0.365625 0.1520833328125 0.3546875 0.1520833328125 0.3390625 0.1541666671875 0.3375 0.1666666671875 0.35 0.175 0.3765625 0.1729166671875
7 0.390625 0.11875 0.3984375 0.11041666718750001 0.3953125 0.0979166671875 0.3734375 0.0895833328125 0.3671875 0.0895833328125 0.353125 0.09375 0.3515625 0.11041666718750001 0.3671875 0.11875 0.390625 0.11875
10 0.7015625 0.53125 0.7203125 0.5229166671875001 0.7171875 0.4458333328125 0.7375 0.3729166671875 0.7359375 0.3604166671875 0.7328125 0.3708333328125 0.7265625 0.3625 0.7328125 0.35625 0.7265625 0.34375 0.69375 0.3229166671875 0.6890625 0.3229166671875 0.69375 0.3729166671875 0.6875 0.4166666671875 0.6875 0.5270833328125 0.7015625 0.53125
7 0.7375 0.3145833328125 0.725 0.28958333281250004 0.71875 0.28958333281250004 0.7125 0.30416666718749996 0.7140625 0.3291666671875 0.734375 0.35 0.7375 0.3145833328125
7 0.4875 0.1041666671875 0.4765625 0.1041666671875 0.4671875 0.1125 0.475 0.125 0.4953125 0.11875 0.4875 0.1041666671875
4 0.3546875 0.38125 0.3546875 0.4458333328125 0.3390625 0.5125 0.340625 0.5541666671875001 0.375 0.55 0.4140625 0.5604166671875 0.434375 0.5479166671875 0.465625 0.5520833328125 0.4375 0.49375 0.428125 0.44375 0.4296875 0.3541666671875 0.453125 0.28125 0.4484375 0.2708333328125 0.40625 0.2604166671875 0.39791666718749996 0.2604166671875 0.3390625 0.2625 0.325 0.2708333328125 0.346875 0.33125 0.3546875 0.38125
7 0.4296875 0.2 0.4171875 0.2 0.4140625 0.2125 0.43125 0.21458333281250003 0.434375 0.20625 0.4296875 0.2
10 0.44375 0.2645833328125 0.45625 0.2791666671875 0.4328125 0.35208333281250004 0.4359375 0.4770833328125 0.45625 0.5270833328125 0.471875 0.5395833328124999 0.484375 0.5354166671875 0.475 0.48541666718750004 0.496875 0.3083333328125 0.5046875 0.325 0.5140625 0.3875 0.525 0.3895833328125 0.5140625 0.2625 0.5 0.23125 0.5046875 0.20416666718749998 0.4953125 0.2 0.4921875 0.2 0.4390625 0.2270833328125 0.428125 0.2541666671875 0.428125 0.2625 0.44375 0.2645833328125
10 0.7453125 0.3791666671875 0.7359375 0.3854166671875 0.7328125 0.4 0.7328125 0.45416666718750004 0.7453125 0.49375 0.74375 0.5125 0.7359375 0.5166666671875 0.7578125 0.51875 0.7609375 0.33125 0.746875 0.3020833328125 0.7421875 0.27291666718749996 0.7328125 0.27291666718749996 0.728125 0.2916666671875 0.7375 0.3125 0.734375 0.3541666671875 0.7453125 0.3791666671875
10 0.628125 0.36666666718749996 0.6296875 0.40416666718750005 0.6390625 0.39375 0.6453125 0.40625 0.64375 0.4916666671875 0.6484375 0.51875 0.6390625 0.5333333328125 0.659375 0.53125 0.6578125 0.4895833328125 0.671875 0.5104166671875 0.6734375 0.53125 0.6828125 0.5333333328125 0.6828125 0.5083333328124999 0.65625 0.45208333281249996 0.6703125 0.4 0.671875 0.3583333328125 0.6859375 0.3541666671875 0.6890625 0.3395833328125 0.6796875 0.30416666718749996 0.6515625 0.2479166671875 0.65 0.24583333281250003 0.6375 0.2625 0.6359375 0.28958333281250004 0.6109375 0.33125 0.628125 0.36666666718749996
14 0 0.3479166671875 0.015625 0.35208333281250004 0.0203125 0.375 0.01875 0.5083333328124999 0.025 0.5979166671875 0.040625 0.5979166671875 0.0453125 0.5875 0.04375 0.5395833328124999 0.0390625 0.5395833328124999 0.04375 0.53125 0.0453125 0.3583333328125 0.2015625 0.3854166671875 0.20625 0.5625 0.2171875 0.5583333328125 0.2171875 0.3854166671875 0.2625 0.3791666671875 0.2890625 0.3916666671875 0.321875 0.3895833328125 0.328125 0.39791666718749996 0.325 0.5145833328125 0.328125 0.54375 0.3375 0.5458333328125 0.340625 0.3916666671875 0.31875 0.3770833328125 0.3484375 0.3729166671875 0.3484375 0.3645833328125 0.2546875 0.34375 0.121875 0.2979166671875 0.0484375 0.2854166671875 0.0395833328125 0.2854166671875 0 0.2875 0 0.3479166671875
10 0.2375 0.38333333281250004 0.2296875 0.38333333281250004 0.215625 0.3895833328125 0.2203125 0.49583333281249997 0.2375 0.45 0.2375 0.38333333281250004
10 0.234375 0.22916666718749998 0.228125 0.22916666718749998 0.209375 0.2645833328125 0.196875 0.31875 0.2359375 0.3333333328125 0.234375 0.22916666718749998
14 0.5046875 0.5354166671875 0.5109375 0.54375 0.5203125 0.5291666671875 0.5453125 0.525 0.5203125 0.5166666671875 0.5234375 0.43333333281249997 0.53125 0.4270833328125 0.5828125 0.43333333281249997 0.5875 0.4479166671875 0.571875 0.4583333328125 0.5984375 0.4625 0.5921875 0.4479166671875 0.5953125 0.4145833328125 0.5265625 0.39791666718749996 0.51640625 0.39791666718749996 0.4859375 0.40625 0.4859375 0.42291666718750004 0.5046875 0.40625 0.5046875 0.5354166671875
11 0.5609375 0.51875 0.584375 0.51875 0.5875 0.46666666718750005 0.575 0.46458333281249997 0.571875 0.45625 0.5859375 0.44375 0.546875 0.4291666671875 0.5359375 0.4291666671875 0.5234375 0.43958333281249995 0.5234375 0.5166666671875 0.5546875 0.5104166671875 0.5609375 0.51875
11 0.5484375 0.3333333328125 0.5640625 0.3333333328125 0.5671875 0.3395833328125 0.5546875 0.35625 0.5515625 0.3770833328125 0.5609375 0.38333333281250004 0.559375 0.3958333328125 0.5953125 0.40833333281249995 0.5953125 0.325 0.5890625 0.3145833328125 0.5859375 0.275 0.5859375 0.25833333281250004 0.5953125 0.2645833328125 0.596875 0.2541666671875 0.5953125 0.11875 0.58125 0.0916666671875 0.584375 0.03125 0.5765625 0.025 0.575 0.025 0.51875 0.0395833328125 0.5203125 0.325 0.528125 0.36875 0.5484375 0.3333333328125
2 0.16875 0.55625 0.1765625 0.5208333328125 0.1703125 0.5083333328124999 0.16875 0.47291666718750003 0.10625 0.4770833328125 0.0984375 0.47083333281249995 0.090625 0.47083333281249995 0.0703125 0.47291666718750003 0.071875 0.5583333328125 0.159375 0.5625 0.16875 0.55625
7 0.7984375 0.2270833328125 0.7921875 0.2270833328125 0.790625 0.23958333281250002 0.8015625 0.2666666671875 0.8140625 0.2770833328125 0.7984375 0.2270833328125