5 0.4953125 0.18125 0.490625 0.1916666671875 0.503125 0.21875 0.5078125 0.3333333328125 0.5375 0.34375 0.528125 0.4 0.55 0.42291666718750004 0.5625 0.45208333281249996 0.5859375 0.4583333328125 0.596875 0.4770833328125 0.603125 0.5083333328124999 0.603125 0.5666666671875 0.6421875 0.5604166671875 0.7234375 0.5645833328125 0.7453125 0.5729166671875 0.871875 0.575 0.8765625 0.5520833328125 0.9984375 0.5604166671875 0.9984375 0 0.6546875 0.0020833328125000002 0.653125 0 0.4640625 0.0395833328125 0.4703125 0.1458333328125 0.4921875 0.1666666671875 0.4953125 0.18125
7 0.665625 0.1520833328125 0.640625 0.10833333281249999 0.634375 0.10833333281249999 0.6328125 0.125 0.6546875 0.16458333281249998 0.665625 0.1666666671875 0.665625 0.1520833328125
7 0.6890625 0.1916666671875 0.6734375 0.1729166671875 0.671875 0.1729166671875 0.66875 0.1875 0.678125 0.20416666718749998 0.6890625 0.20625 0.6890625 0.1916666671875
10 0.15625 0.17916666718750002 0.153125 0.19375 0.15625 0.24583333281250003 0.1515625 0.2854166671875 0.165625 0.3145833328125 0.16875 0.36666666718749996 0.178125 0.3895833328125 0.1765625 0.4375 0.1640625 0.5104166671875 0.1609375 0.625 0.1875 0.6166666671875001 0.1890625 0.525 0.2109375 0.44375 0.2203125 0.43541666718750005 0.2265625 0.4604166671875 0.2296875 0.6291666671875 0.234375 0.6354166671875 0.271875 0.6333333328124999 0.29375 0.6229166671875 0.26875 0.6041666671875 0.2609375 0.5895833328125 0.2625 0.4479166671875 0.2484375 0.43541666718750005 0.2484375 0.4166666671875 0.253125 0.3770833328125 0.2671875 0.38125 0.275 0.375 0.275 0.3479166671875 0.2515625 0.18125 0.2390625 0.1541666671875 0.246875 0.13333333281249998 0.2453125 0.11041666718750001 0.2375 0.09375 0.2171875 0.08333333281250001 0.2078125 0.08333333281250001 0.1984375 0.09375 0.2 0.13125 0.184375 0.15625 0.15625 0.17916666718750002
10 0.4546875 0.21875 0.4515625 0.25625 0.4453125 0.26875 0.40643890625 0.2871721484375 0.4106049234375 0.3019775484375 0.45 0.2916666671875 0.4515625 0.47291666718750003 0.4734375 0.5458333328125 0.4703125 0.5791666671875 0.4421875 0.6020833328124999 0.4875 0.6083333328125 0.5046875 0.5979166671875 0.4953125 0.5541666671875001 0.4875 0.44166666718750003 0.4890625 0.40833333281249995 0.4984375 0.38125 0.4984375 0.2416666671875 0.4890625 0.1979166671875 0.478125 0.1854166671875 0.4671875 0.1854166671875 0.4484375 0.1520833328125 0.4390625 0.1520833328125 0.425 0.1583333328125 0.4203125 0.1895833328125 0.434375 0.2104166671875 0.4546875 0.21875
10 0.1109375 0.23541666718749998 0.121875 0.3104166671875 0.121875 0.38333333281250004 0.1328125 0.40833333281249995 0.1359375 0.4479166671875 0.13125 0.5229166671875001 0.1356505328125 0.6258459796875 0.16064642499999998 0.6276966984375 0.1609375 0.5729166671875 0.1625 0.5020833328125 0.175 0.43541666718750005 0.1765625 0.3958333328125 0.1671875 0.375 0.165625 0.3229166671875 0.1515625 0.2875 0.153125 0.1854166671875 0.1859375 0.14791666718750002 0.184375 0.1354166671875 0.1671875 0.12291666718750001 0.1578125 0.12291666718750001 0.1453125 0.1354166671875 0.140625 0.175 0.1171875 0.2125 0.1109375 0.23541666718749998
15 0 0.9979166671874999 0.9984375 0.9979166671874999 0.9984375 0.5604166671875 0.9171875 0.5541666671875001 0.9140625 0.5541666671875001 0.8796875 0.5583333328125 0.871875 0.59375 0.85 0.5791666671875 0.6578125 0.5916666671875 0.5890625 0.5875 0.571875 0.5895833328125 0.5515625 0.6041666671875 0.5125 0.6020833328124999 0.4875 0.61875 0.4703125 0.6208333328125 0.440625 0.6166666671875001 0.434375 0.60625 0.3234375 0.6125 0.3046875 0.61875 0.2921875 0.6354166671875 0.2703125 0.6416666671875 0.2296875 0.6416666671875 0.2234375 0.6333333328124999 0.2234375 0.6166666671875001 0.215625 0.6229166671875 0.2109375 0.6125 0.2 0.6270833328125 0.175 0.6375 0.159375 0.6375 0.153125 0.625 0.128125 0.625 0.1234375 0.5729166671875 0.096875 0.5708333328124999 0.0953125 0.6208333328125 0.115625 0.6375 0.1046875 0.65625 0.1140625 0.6729166671875 0.1078125 0.69375 0.0671875 0.6875 0 0.69375 0 0.9979166671874999
10 0.2171875 0.6020833328124999 0.2171875 0.5895833328125 0.2046875 0.5770833328125 0.2 0.5770833328125 0.190625 0.5875 0.1875 0.60625 0.2109375 0.6083333328125 0.2171875 0.6020833328124999
10 0.3296875 0.3166666671875 0.3296875 0.34375 0.3484375 0.35208333281250004 0.346875 0.375 0.36875 0.375 0.3765625 0.3854166671875 0.3921875 0.38333333281250004 0.39375 0.3291666671875 0.403125 0.30625 0.421875 0.3395833328125 0.428125 0.3395833328125 0.43125 0.3291666671875 0.415625 0.3 0.3984375 0.28958333281250004 0.403125 0.2875 0.3953125 0.2645833328125 0.4 0.22916666718749998 0.3875 0.2125 0.3796875 0.2125 0.36875 0.2416666671875 0.3703125 0.2604166671875 0.3421875 0.275 0.3296875 0.3166666671875
14 0 0.6854166671875 0.0828125 0.6791666671875001 0.103125 0.6875 0.1109375 0.68125 0.1078125 0.6645833328124999 0.075 0.61875 0.053125 0.5645833328125 0.0390625 0.4625 0.0453125 0.3479166671875 0.0625 0.28958333281250004 0.096875 0.23541666718749998 0.0984375 0.2208333328125 0.0765625 0.2 0.0109375 0.17916666718750002 0 0.17916666718750002 0 0.6854166671875
4 0.1265625 0.5520833328125 0.13125 0.45416666718750004 0.1046875 0.44375 0.103125 0.44166666718750003 0.103125 0.5208333328125 0.109375 0.5458333328125 0.1140625 0.5416666671875 0.1265625 0.5520833328125
4 0.265625 0.45416666718750004 0.265625 0.5916666671875 0.440625 0.5895833328125 0.4578125 0.5770833328125 0.4609375 0.51875 0.4484375 0.47083333281249995 0.446875 0.40833333281249995 0.4375 0.42083333281249996 0.4265625 0.42083333281249996 0.3921875 0.41041666718750003 0.38125 0.3916666671875 0.325 0.39375 0.31875 0.3875 0.3109375 0.3875 0.28125 0.3916666671875 0.2796875 0.45208333281249996 0.275 0.4583333328125 0.265625 0.45416666718750004
14 0.5078125 0.5854166671875001 0.546875 0.59375 0.515625 0.5208333328125 0.5125 0.42291666718750004 0.5359375 0.35 0.5140625 0.3395833328125 0.5015625 0.3395833328125 0.5 0.3791666671875 0.4890625 0.42083333281249996 0.4984375 0.5583333328125 0.5078125 0.5854166671875001