5 0.34375 0.5208333328125 0.3484375 0.525 0.4015625 0.5208333328125 0.4 0.3270833328125 0.3921875 0.3270833328125 0.334375 0.33125 0.334375 0.475 0.3421875 0.48541666718750004 0.34375 0.5208333328125
10 0 0.5625 0.0203125 0.5479166671875 0.01875 0.4604166671875 0.0265625 0.4166666671875 0.021875 0.3375 0.0328125 0.325 0.03125 0.30625 0.015625 0.2854166671875 0.0140625 0.25 0.00625 0.2375 0 0.2375 0 0.5625
7 0 0.20833333281250002 0.0265625 0.2125 0.025 0.1875 0.0166666671875 0.1875 0 0.1875 0 0.20833333281250002
5 0.4703125 0.525 0.4734375 0.34375 0.471875 0.3333333328125 0.4515625 0.33125 0.44375 0.33125 0.4109375 0.3333333328125 0.4125 0.5125 0.415625 0.5229166671875001 0.4703125 0.525
12 0.990625 0 0.9078125 0.0041666671875 0.871875 0.05208333281250001 0.871875 0.060416667187499995 0.85625 0.07083333281250001 0.7828125 0.16875 0.778125 0.1875 0.76875 0.1875 0.659375 0.3333333328125 0.646875 0.3583333328125 0.60625 0.3916666671875 0.6015625 0.41041666718750003 0.6015625 0.5291666671875 0.60625 0.5708333328124999 0.6171875 0.5770833328125 0.6453125 0.6208333328125 0.6578125 0.6229166671875 0.6734375 0.6479166671875001 0.68125 0.6395833328125 0.6921875 0.6625 0.70625 0.6666666671875 0.703125 0.6770833328125 0.7203125 0.6854166671875 0.753125 0.7229166671875 0.76875 0.725 0.7703125 0.7375 0.809375 0.7791666671875 0.8328125 0.8166666671874999 0.8734375 0.8479166671874999 0.8828125 0.8708333328125001 0.9078125 0.8833333328125 0.934375 0.91875 0.9546875 0.93125 0.959375 0.94375 0.9703125 0.94375 0.9734375 0.9583333328125001 0.99375 0.9833333328125 0.9984375 0.9833333328125 0.9984375 0 0.990625 0
15 0 0.9979166671874999 0.9921875 0.9958333328125001 0.98125 0.9770833328125 0.9703125 0.975 0.9625 0.95625 0.9546875 0.9583333328125001 0.95 0.94375 0.909375 0.9104166671874999 0.9109375 0.9 0.8921875 0.89375 0.865625 0.8541666671874999 0.8453125 0.8375 0.828125 0.8354166671875 0.8265625 0.8208333328125 0.8125 0.8145833328125001 0.8171875 0.8083333328125001 0.8046875 0.7895833328124999 0.7734375 0.7666666671875 0.778125 0.7604166671875 0.7515625 0.7520833328125 0.740625 0.7354166671875 0.74375 0.73125 0.7078125 0.6958333328124999 0.696875 0.69375 0.684375 0.6645833328124999 0.665625 0.6541666671875 0.6203125 0.59375 0.6046875 0.5854166671875001 0.59375 0.5666666671875 0.590625 0.5354166671875 0.55625 0.55 0.5359375 0.53125 0.5 0.5333333328125 0.4984375 0.53125 0.3375 0.54375 0.321875 0.55625 0.2859375 0.55 0.184375 0.56875 0.11875 0.5645833328125 0.10625 0.5770833328125 0.08125 0.5708333328124999 0.059375 0.5875 0 0.5875 0 0.9979166671874999
7 0.3875 0.3125 0.3859375 0.3020833328125 0.3578125 0.26875 0.353125 0.26875 0.35 0.275 0.359375 0.28958333281250004 0.3796875 0.3125 0.3875 0.3125
10 0.2784855765625 0.46442307656250004 0.2831730765625 0.5310897437500001 0.3019230765625 0.5331730765625 0.3066105765625 0.50608974375 0.3034855765625 0.41650641093749996 0.3128605765625 0.38525641093749996 0.2800480765625 0.32483974375 0.2753605765625 0.32483974375 0.26911057656250004 0.3331730765625 0.2706730765625 0.3477564109375 0.28473557656250004 0.36233974375 0.2784855765625 0.46442307656250004
5 0.5375 0.5166666671875 0.54375 0.4291666671875 0.540625 0.3166666671875 0.53125 0.3166666671875 0.4859375 0.3270833328125 0.4796875 0.5083333328124999 0.5265625 0.5083333328124999 0.5375 0.5166666671875
14 0.104927884375 0.49230769218750003 0.104927884375 0.513141025 0.08774038437500001 0.5423076921875001 0.131490384375 0.5464743578125 0.179927884375 0.538141025 0.158052884375 0.4964743578125 0.153365384375 0.45897435781249996 0.154927884375 0.425641025 0.170552884375 0.38605769218749997 0.137740384375 0.3798076921875 0.136177884375 0.37772435781249997 0.122115384375 0.381891025 0.114302884375 0.4027243578125 0.11117788437500001 0.48189102500000003 0.104927884375 0.49230769218750003
1 0.11875 0.2520833328125 0.0921875 0.2479166671875 0.0875 0.2479166671875 0.0859375 0.35 0.1265625 0.35625 0.125 0.2625 0.11875 0.2520833328125
10 0.0640625 0.425 0.05 0.4291666671875 0.021875 0.46458333281249997 0.0234375 0.4895833328125 0.0703125 0.48333333281249996 0.0734375 0.45625 0.109375 0.42291666718750004 0.109375 0.40208333281249997 0.11875 0.3854166671875 0.1046875 0.3583333328125 0.103125 0.35625 0.0953125 0.36666666718749996 0.0953125 0.3895833328125 0.0703125 0.41041666718750003 0.0640625 0.425
10 0.175 0.3875 0.1578125 0.4375 0.1578125 0.48541666718750004 0.1640625 0.5125 0.18125 0.5354166671875 0.1765625 0.47291666718750003 0.184375 0.46666666718750005 0.2 0.5375 0.2109375 0.53125 0.19375 0.40416666718750005 0.215625 0.40833333281249995 0.2234375 0.3958333328125 0.2015625 0.3854166671875 0.18125 0.3166666671875 0.175 0.3166666671875 0.1703125 0.3333333328125 0.1484375 0.35208333281250004 0.1421875 0.3791666671875 0.175 0.3875
10 0.1984375 0.4166666671875 0.2046875 0.43125 0.221875 0.43541666718750005 0.228125 0.4270833328125 0.2171875 0.3416666671875 0.2078125 0.3416666671875 0.2015625 0.38125 0.2171875 0.3958333328125 0.2 0.40625 0.1984375 0.4166666671875
10 0.146875 0.3166666671875 0.1390625 0.3166666671875 0.13125 0.3291666671875 0.1375 0.3729166671875 0.1546875 0.3395833328125 0.146875 0.3166666671875
4 0.271875 0.5229166671875001 0.2703125 0.4458333328125 0.2140625 0.43958333281249995 0.2125 0.4375 0.2015625 0.44166666718750003 0.2125 0.5291666671875 0.2640625 0.5333333328125 0.271875 0.5229166671875001
10 0.6328125 0.3395833328125 0.6109375 0.38333333281250004 0.640625 0.3458333328125 0.6375 0.3395833328125 0.6328125 0.3395833328125
3 0.0609375 0.5520833328125 0.0796875 0.5604166671875 0.08125 0.54375 0.0875 0.5395833328124999 0.0875 0.49791666718750005 0.0953125 0.49375 0.1 0.5 0.103125 0.5270833328125 0.10625 0.5145833328125 0.1015625 0.46666666718750005 0.1078125 0.43125 0.0984375 0.43125 0.075 0.45416666718750004 0.071875 0.48125 0.0609375 0.4895833328125 0.0609375 0.5520833328125
3 0.05 0.525 0.0546875 0.4895833328125 0.0484375 0.4895833328125 0.0484375 0.525 0.0515625 0.5395833328124999 0.0578125 0.5395833328124999 0.05 0.525