11 0.1890625 0.39296875 0.05625 0.36015625
5 0.54921875 0.43671875 0.0640625 0.17265625
12 0.89296875 0.47890625 0.2109375 0.27890625
15 0.49921875 0.75546875 0.9953125 0.48125
7 0.53515625 0.31796875 0.0203125 0.03515625
7 0.07265625 0.15625 0.0703125 0.0375
7 0.20390625 0.20234375 0.0421875 0.025
7 0.0265625 0.021875 0.053125 0.04375
7 0.57734375 0.034375 0.0953125 0.06015625
7 0.28203125 0.25625 0.0484375 0.025
7 0.1640625 0.23203125 0.015625 0.01875
7 0.93046875 0.02109375 0.1046875 0.04140625
7 0.1015625 0.10859375 0.034375 0.025
7 0.64453125 0.22890625 0.0171875 0.01640625
7 0.22421875 0.26484375 0.0203125 0.01640625
7 0.29140625 0.21484375 0.0234375 0.01640625
7 0.69609375 0.3625 0.0140625 0.025
7 0.96875 0.20390625 0.025 0.02109375
10 0.3234375 0.434375 0.0625 0.24765625
10 0.1171875 0.44140625 0.053125 0.2375
10 0.4953125 0.44765625 0.0375 0.18359375
10 0.45625 0.45 0.034375 0.19609375
10 0.4265625 0.38984375 0.03125 0.05859375