14 0.0625 0.4 0.040625 0.43125 0.0390625 0.4583333328125 0.0390625 0.5458333328125 0.040625 0.5520833328125 0.0515625 0.5416666671875 0.0546875 0.5479166671875 0.05625 0.5958333328125 0.0671875 0.5979166671875 0.0875 0.5854166671875001 0.0921875 0.6229166671875 0.0984375 0.6270833328125 0.1046875 0.6208333328125 0.1078125 0.5770833328125 0.1734375 0.5833333328125 0.1921875 0.59375 0.196875 0.5458333328125 0.2125 0.5375 0.203125 0.5083333328124999 0.2046875 0.4604166671875 0.2109375 0.45 0.225 0.4479166671875 0.24375 0.45 0.2484375 0.4604166671875 0.2484375 0.6083333328125 0.259375 0.6104166671875 0.259375 0.4375 0.275 0.425 0.275 0.40833333281249995 0.171875 0.39791666718749996 0.1828125 0.3625 0.165625 0.35625 0.1625 0.3479166671875 0.0765625 0.3541666671875 0.0609375 0.33541666718749996 0.0578125 0.33541666718749996 0.05625 0.3645833328125 0.065625 0.3708333328125 0.0609375 0.3770833328125 0.0625 0.4
7 0.20859375 0.3083333328125 0.1953125 0.3145833328125 0.2203125 0.31875 0.21875 0.3083333328125 0.20859375 0.3083333328125
10 0.2203125 0.3958333328125 0.2484375 0.3958333328125 0.2515625 0.3875 0.246875 0.34375 0.2390625 0.3291666671875 0.2328125 0.3291666671875 0.2265625 0.3395833328125 0.2296875 0.35625 0.21875 0.3770833328125 0.2203125 0.3958333328125
7 0.2484375 0.3291666671875 0.246875 0.3291666671875 0.2421875 0.3333333328125 0.246875 0.3416666671875 0.2625 0.3375 0.2484375 0.3291666671875
10 0.3 0.29375 0.3328125 0.3375 0.3421875 0.43333333281249997 0.3421875 0.5041666671875 0.3359375 0.5166666671875 0.340625 0.5875 0.3359375 0.5979166671875 0.3484375 0.6020833328124999 0.3703125 0.5916666671875 0.3765625 0.60625 0.41875 0.6041666671875 0.421875 0.5958333328125 0.4 0.5770833328125 0.39375 0.5333333328125 0.4109375 0.3729166671875 0.40625 0.25625 0.4015625 0.2375 0.384375 0.21458333281250003 0.3921875 0.1708333328125 0.375 0.1520833328125 0.3671875 0.1520833328125 0.359375 0.1583333328125 0.359375 0.20416666718749998 0.3265625 0.23541666718749998 0.3 0.29375
15 0 0.9979166671874999 0.9984375 0.9979166671874999 0.9984375 0.6125 0.9828125 0.6020833328124999 0.984375 0.59375 0.9984375 0.5895833328125 0.9984375 0.5645833328125 0.9703125 0.56875 0.959375 0.5625 0.9421875 0.5729166671875 0.9390625 0.5645833328125 0.865625 0.5625 0.8453125 0.5708333328124999 0.8453125 0.6229166671875 0.8578125 0.6520833328125 0.85 0.6958333328124999 0.8390625 0.7020833328125 0.778125 0.69375 0.7640625 0.7020833328125 0.7453125 0.69375 0.6578125 0.6979166671875 0.6375 0.6895833328125 0.6140625 0.6520833328125 0.6 0.6416666671875 0.6046875 0.6375 0.5921875 0.6229166671875 0.596875 0.5645833328125 0.590625 0.55 0.575 0.5395833328124999 0.55625 0.5416666671875 0.55 0.53125 0.5359375 0.5395833328124999 0.5296875 0.5229166671875001 0.5140625 0.5166666671875 0.5 0.5166666671875 0.4296875 0.525 0.4265625 0.5395833328124999 0.4296875 0.5583333328125 0.4359375 0.5625 0.4359375 0.59375 0.428125 0.6083333328125 0.40625 0.6166666671875001 0.334375 0.6083333328125 0.33125 0.54375 0.315625 0.5395833328124999 0.2671875 0.54375 0.265625 0.6083333328125 0.259375 0.625 0.2421875 0.61875 0.2390625 0.5541666671875001 0.2046875 0.5604166671875 0.1984375 0.6020833328124999 0.1625 0.5958333328125 0.153125 0.6041666671875 0.128125 0.6041666671875 0.1109375 0.6104166671875 0.1078125 0.63125 0.0953125 0.6395833328125 0.0828125 0.6041666671875 0.053125 0.6083333328125 0.04375 0.59375 0.0046875 0.5916666671875 0 0.5979166671875 0 0.9979166671874999
7 0.43581730781249994 0 0.340625 0.0041666671875 0.365625 0.025 0.409375 0.03125 0.4390625 0.01875 0.44375 0 0.43581730781249994 0
11 0.83125 0 0.6890625 0.0041666671875 0.6875 0.325 0.74375 0.3291666671875 0.7578125 0.3479166671875 0.7625 0.3958333328125 0.7609375 0.6229166671875 0.7765625 0.6479166671875001 0.771875 0.65625 0.75625 0.64375 0.6890625 0.6458333328125 0.6859375 0.65625 0.65 0.65625 0.65 0.6833333328125 0.7671875 0.6854166671875 0.7828125 0.6375 0.7921875 0.6458333328125 0.7890625 0.6604166671875 0.79375 0.6645833328124999 0.79375 0.6458333328125 0.8015625 0.6395833328125 0.8078125 0.6645833328124999 0.815625 0.6625 0.825 0.6791666671875001 0.8359375 0.6645833328124999 0.840625 0.68125 0.84375 0.6729166671875 0.8375 0.42291666718750004 0.8390625 0 0.83125 0
7 0.6875 0.15 0.6859375 0.11041666718750001 0.684375 0.10833333281249999 0.6546875 0.12291666718750001 0.6515625 0.1416666671875 0.659375 0.15 0.6875 0.15
7 0 0.17916666718750002 0.03125 0.1729166671875 0.0296875 0.1604166671875 0.003125 0.15 0 0.15 0 0.17916666718750002
7 0.16875 0.2645833328125 0.1703125 0.2541666671875 0.1578125 0.2479166671875 0.14895833281249998 0.2479166671875 0.13125 0.2479166671875 0.1234375 0.25625 0.1421875 0.2666666671875 0.16875 0.2645833328125
7 0.125 0.1875 0.1234375 0.1875 0.1203125 0.20208333281250002 0.13125 0.20416666718749998 0.134375 0.19583333281249998 0.125 0.1875
7 0.415625 0.3583333328125 0.4109375 0.3583333328125 0.4109375 0.3708333328125 0.41875 0.3791666671875 0.421875 0.3708333328125 0.415625 0.3583333328125
7 0.1546875 0.28958333281250004 0.146875 0.28958333281250004 0.1484375 0.3020833328125 0.1578125 0.3020833328125 0.1609375 0.29375 0.1546875 0.28958333281250004
7 0.165625 0.2770833328125 0.16875 0.2875 0.1796875 0.2875 0.1796875 0.2770833328125 0.165625 0.2770833328125
7 0.2578125 0.3145833328125 0.2546875 0.3229166671875 0.2671875 0.325 0.2640625 0.3145833328125 0.2578125 0.3145833328125
10 0.559375 0.4583333328125 0.575 0.44375 0.5640625 0.4166666671875 0.5625 0.4166666671875 0.546875 0.43958333281249995 0.55 0.5166666671875 0.55625 0.5208333328125 0.559375 0.4583333328125
16 0.6421875 0.6833333328125 0.771875 0.6854166671875 0.771875 0.6479166671875001 0.7640625 0.6416666671875 0.7703125 0.6333333328124999 0.7609375 0.6291666671875 0.75625 0.35208333281250004 0.740625 0.3333333328125 0.659375 0.33125 0.65625 0.33125 0.60625 0.3854166671875 0.6046875 0.59375 0.5984375 0.61875 0.6421875 0.6833333328125
10 0 0.5395833328124999 0.0140625 0.5395833328124999 0.0203125 0.5354166671875 0.015625 0.525 0.021875 0.48333333281249996 0.025 0.4770833328125 0.034375 0.48125 0.0359375 0.4604166671875 0.03125 0.45208333281249996 0.009375 0.4583333328125 0.0015625 0.4375 0 0.4375 0 0.5395833328124999
11 0.0515625 0.43958333281249995 0.0484375 0.43958333281249995 0.040625 0.45416666718750004 0.040625 0.55 0.053125 0.5479166671875 0.0515625 0.43958333281249995
11 0.0546875 0.41875 0.0546875 0.1729166671875 0.078125 0.1604166671875 0.090625 0.1604166671875 0.1015625 0.1708333328125 0.103125 0.24583333281250003 0.1203125 0.2479166671875 0.1203125 0.08333333281250001 0.1046875 0.0666666671875 0.0959821421875 0.0666666671875 0.04375 0.0666666671875 0.0375 0.075 0.040625 0.4270833328125 0.0546875 0.41875
5 0.525 0.5041666671875 0.525 0.35 0.4515625 0.3479166671875 0.45 0.3458333328125 0.4453125 0.35208333281250004 0.4453125 0.425 0.4515625 0.5083333328124999 0.525 0.5041666671875