11 0.78828125 0.26171875 0.0328125 0.52265625
5 0.2859375 0.37890625 0.225 0.41640625
15 0.4984375 0.75 0.996875 0.49140625
7 0.64609375 0.15 0.0703125 0.03359375
7 0.45078125 0.16484375 0.0203125 0.025
7 0.89765625 0.12578125 0.0765625 0.03515625
7 0.60625 0.0125 0.1 0.025
7 0.89765625 0.10546875 0.0765625 0.07734375
7 0.64609375 0.090625 0.0703125 0.15625
7 0.2921875 0.23359375 0.028125 0.02109375
7 0.4640625 0.19921875 0.015625 0.02265625
14 0.4859375 0.46953125 0.103125 0.21875
10 0.546875 0.43359375 0.05 0.22890625
10 0.421875 0.39765625 0.109375 0.3625