11 0.175 0.38984375 0.059375 0.37109375
5 0.53984375 0.434375 0.0640625 0.17734375
5 0.6328125 0.39375 0.128125 0.25390625
12 0.8890625 0.475 0.21875 0.27890625
15 0.49921875 0.75625 0.9953125 0.47890625
7 0.728125 0.371875 0.03125 0.06875
7 0.1890625 0.196875 0.04375 0.02265625
7 0.525 0.31484375 0.01875 0.0375
7 0.05546875 0.14921875 0.0703125 0.03515625
7 0.06484375 0.95703125 0.0390625 0.03984375
7 0.56640625 0.02890625 0.0953125 0.0578125
7 0.26953125 0.253125 0.0484375 0.02265625
7 0.08359375 0.10234375 0.0328125 0.025
7 0.01640625 0.01640625 0.0328125 0.0328125
7 0.21171875 0.26171875 0.0203125 0.01484375
7 0.9203125 0.01875 0.10625 0.0375
7 0.634375 0.225 0.01875 0.01640625
7 0.27890625 0.21015625 0.0234375 0.01640625
7 0.1484375 0.228125 0.015625 0.01875
7 0.68671875 0.36015625 0.0140625 0.025
7 0.95859375 0.19921875 0.0234375 0.02265625
10 0.31328125 0.42890625 0.0671875 0.25859375
10 0.4859375 0.44375 0.0375 0.18359375
10 0.4453125 0.44765625 0.0375 0.2
10 0.09765625 0.43359375 0.0453125 0.22890625