4 0.296875 0.48125 0.290625 0.46458333281249997 0.29375 0.45208333281249996 0.234375 0.4458333328125 0.228125 0.4458333328125 0.2234375 0.45 0.234375 0.5354166671875 0.2890625 0.53125 0.296875 0.48125
10 0.3 0.42083333281249996 0.3046875 0.44166666718750003 0.29375 0.5333333328125 0.325 0.5354166671875 0.33125 0.38333333281250004 0.3046875 0.3333333328125 0.2953125 0.3333333328125 0.29375 0.3604166671875 0.3046875 0.36666666718749996 0.30625 0.3958333328125 0.3 0.42083333281249996
5 0.4078125 0.51875 0.40625 0.3291666671875 0.3982421875 0.3291666671875 0.340625 0.33125 0.3390625 0.44375 0.35 0.5229166671875001 0.4078125 0.51875
5 0.46875 0.5208333328125 0.4765625 0.5125 0.4765625 0.39791666718749996 0.48125 0.38333333281250004 0.4765625 0.3770833328125 0.4765625 0.3333333328125 0.4375 0.3333333328125 0.428125 0.3333333328125 0.4171875 0.33541666718749996 0.4140625 0.45 0.41875 0.5208333328125 0.46875 0.5208333328125
5 0.5484375 0.43333333281249997 0.5484375 0.3270833328125 0.54375 0.31875 0.53359375 0.31875 0.490625 0.3270833328125 0.4859375 0.5083333328124999 0.54375 0.5145833328125 0.5484375 0.43333333281249997
10 0.009375 0.3333333328125 0.00625 0.36666666718749996 0.009375 0.3770833328125 0.0171875 0.3770833328125 0.0046875 0.3875 0.0125 0.3895833328125 0.01875 0.5479166671875 0.0046875 0.55 0.0046875 0.56875 0.0234375 0.5645833328125 0.0359375 0.5458333328125 0.040625 0.5208333328125 0.0453125 0.525 0.0453125 0.55 0.040625 0.5541666671875001 0.046875 0.5604166671875 0.0359375 0.5625 0.0375 0.56875 0.0484375 0.56875 0.0609375 0.5541666671875001 0.0671875 0.5333333328125 0.0765625 0.5416666671875 0.071875 0.55625 0.08125 0.54375 0.071875 0.5270833328125 0.06875 0.5333333328125 0.0640625 0.5291666671875 0.0625 0.5 0.0703125 0.425 0.06875 0.3583333328125 0.0796875 0.3395833328125 0.0625 0.30625 0.0546875 0.27291666718749996 0.04375 0.2604166671875 0.0390625 0.2604166671875 0.0296875 0.27291666718749996 0.0265625 0.3020833328125 0.0125 0.31875 0.009375 0.3333333328125
7 0.0375 0.1916666671875 0.029166667187500002 0.1916666671875 0.0125 0.1916666671875 0.00625 0.20416666718749998 0.0375 0.21458333281250003 0.0375 0.1916666671875
7 0.35625 0.3604166671875 0.3421875 0.3729166671875 0.3640625 0.3708333328125 0.3625 0.3604166671875 0.35625 0.3604166671875
7 0.365625 0.2708333328125 0.359375 0.2708333328125 0.3578125 0.2791666671875 0.390625 0.3145833328125 0.3921875 0.30416666718749996 0.365625 0.2708333328125
7 0 0.15 0.0171875 0.1583333328125 0.03125 0.15 0.025 0.1375 0.0140625 0.1354166671875 0.0109375 0.1354166671875 0 0.1395833328125 0 0.15
7 0.4859375 0.17916666718750002 0.4765625 0.17916666718750002 0.4703125 0.1833333328125 0.471875 0.1979166671875 0.4859375 0.1979166671875 0.4859375 0.17916666718750002
14 0.11875 0.5583333328125 0.209375 0.5520833328125 0.190625 0.5166666671875 0.184375 0.48333333281249996 0.1875 0.43125 0.2 0.4 0.1796875 0.39791666718749996 0.171875 0.39791666718749996 0.15625 0.39791666718749996 0.1484375 0.4145833328125 0.1375 0.5270833328125 0.11875 0.5583333328125
10 0.1875 0.43958333281249995 0.1875 0.49791666718750005 0.1953125 0.525 0.20625 0.5375 0.203125 0.48125 0.20625 0.475 0.2109375 0.4791666671875 0.221875 0.5208333328125 0.2203125 0.5479166671875 0.234375 0.53125 0.21875 0.42291666718750004 0.2265625 0.4 0.21875 0.3625 0.1984375 0.35 0.196875 0.3479166671875 0.1765625 0.3604166671875 0.1734375 0.3916666671875 0.203125 0.4 0.1875 0.43958333281249995
10 0.2421875 0.3604166671875 0.234375 0.3604166671875 0.2203125 0.42083333281249996 0.2265625 0.44166666718750003 0.253125 0.44166666718750003 0.2421875 0.3604166671875
12 0.9171875 0 0.6453125 0.3604166671875 0.6265625 0.375 0.6203125 0.3895833328125 0.6109375 0.3895833328125 0.60625 0.40625 0.6046875 0.5291666671875 0.6109375 0.5666666671875 0.6296875 0.5791666671875 0.634375 0.5916666671875 0.6375 0.5875 0.6453125 0.6041666671875 0.653125 0.6041666671875 0.653125 0.6125 0.6609375 0.6083333328125 0.665625 0.6229166671875 0.675 0.6229166671875 0.675 0.6041666671875 0.6828125 0.6041666671875 0.7078125 0.625 0.7125 0.6479166671875001 0.7234375 0.65 0.7140625 0.6375 0.7203125 0.6333333328124999 0.7640625 0.6666666671875 0.76875 0.6729166671875 0.7671875 0.7083333328125 0.775 0.7229166671875 0.7859375 0.7208333328125 0.7875 0.6916666671875 0.79375 0.6895833328125 0.8796875 0.7604166671875 0.8859375 0.76875 0.88125 0.8229166671874999 0.8890625 0.8333333328125001 0.9234375 0.8333333328125001 0.921875 0.8020833328125001 0.9296875 0.8 0.9953125 0.8541666671874999 0.9984375 0 0.9903124999999999 0 0.9171875 0
10 0.6296875 0.35 0.60625 0.40416666718750005 0.6390625 0.3645833328125 0.6375 0.35 0.6296875 0.35
15 0.228125 0.5479166671875 0.2234375 0.55625 0.2 0.5625 0.121875 0.5625 0.11875 0.56875 0.10625 0.5625 0.053125 0.58125 0.0015625 0.5770833328125 0 0.9979166671874999 0.9984375 0.9979166671874999 0.9984375 0.8604166671875 0.93125 0.8083333328125001 0.9234375 0.8479166671874999 0.890625 0.8479166671874999 0.8765625 0.8208333328125 0.884375 0.8041666671875 0.8828125 0.7708333328125 0.8765625 0.7625 0.79375 0.6979166671875 0.7890625 0.7166666671875 0.771875 0.7208333328125 0.7625 0.6729166671875 0.7359375 0.6520833328125 0.7109375 0.65625 0.6984375 0.6229166671875 0.6796875 0.6270833328125 0.6734375 0.6416666671875 0.6578125 0.6104166671875 0.65 0.61875 0.6078125 0.5708333328124999 0.60625 0.54375 0.6 0.5333333328125 0.5484375 0.5375 0.53125 0.525 0.4734375 0.525 0.4703125 0.525 0.4671875 0.53125 0.3515625 0.5375 0.328125 0.5458333328125 0.228125 0.5479166671875
10 0.0640625 0.47291666718750003 0.0640625 0.49375 0.1078125 0.49375 0.1109375 0.46875 0.1453125 0.43333333281249997 0.1515625 0.38125 0.1390625 0.36666666718749996 0.134375 0.36666666718749996 0.128125 0.3729166671875 0.1328125 0.40416666718750005 0.0796875 0.45 0.0640625 0.47291666718750003
11 0.0796875 0.3375 0.0703125 0.3729166671875 0.0765625 0.3958333328125 0.071875 0.40208333281249997 0.071875 0.44375 0.0984375 0.43333333281249997 0.11875 0.40416666718750005 0.1171875 0.1729166671875 0.0984375 0.1520833328125 0.1015625 0.0979166671875 0.09375 0.0916666671875 0.0856770828125 0.0916666671875 0.0390625 0.0958333328125 0.0390625 0.25833333281250004 0.0546875 0.26875 0.0796875 0.3375
1 0.1328125 0.36666666718749996 0.15 0.3729166671875 0.159375 0.3604166671875 0.153125 0.2770833328125 0.1296875 0.26875 0.1203125 0.26875 0.121875 0.40208333281249997 0.1265625 0.3708333328125 0.1296875 0.3770833328125 0.1328125 0.36666666718749996
1 0.7109375 0.2708333328125 0.7203125 0.2479166671875 0.728125 0.24583333281250003 0.715625 0.2375 0.6640625 0.2375 0.6578125 0.2375 0.58125 0.24375 0.5796875 0.3166666671875 0.678125 0.3104166671875 0.7109375 0.2708333328125