7 0.9734375 0.1291666671875 0.9703125 0.1291666671875 0.959375 0.15 0.959375 0.1708333328125 0.9703125 0.1604166671875 0.9734375 0.1291666671875
7 0.7046875 0.1875 0.6890625 0.1625 0.68125 0.1625 0.678125 0.16875 0.6859375 0.1875 0.703125 0.2 0.7046875 0.1875
7 0.6765625 0.1541666671875 0.678125 0.1395833328125 0.653125 0.0958333328125 0.65 0.0958333328125 0.64375 0.1 0.646875 0.1166666671875 0.66875 0.1541666671875 0.6765625 0.1541666671875
7 0.8984375 0.2625 0.89375 0.20416666718749998 0.8875 0.2 0.8828125 0.2 0.8703125 0.20625 0.871875 0.2770833328125 0.8890625 0.2770833328125 0.8984375 0.2625
10 0.1390625 0.16875 0.140625 0.20208333281250002 0.13125 0.2666666671875 0.15 0.3125 0.15 0.35 0.1625 0.3708333328125 0.159375 0.43541666718750005 0.14375 0.5104166671875 0.1390625 0.6354166671875 0.1796875 0.6270833328125 0.1671875 0.5979166671875 0.171875 0.5395833328124999 0.1953125 0.43958333281249995 0.2109375 0.40625 0.2171875 0.43541666718750005 0.2171875 0.6375 0.2703125 0.6395833328125 0.2828125 0.6270833328125 0.25 0.6020833328124999 0.246875 0.5625 0.25 0.40625 0.2578125 0.36875 0.2703125 0.3604166671875 0.28125 0.3333333328125 0.2703125 0.18125 0.265625 0.1416666671875 0.2296875 0.11875 0.2359375 0.0895833328125 0.2296875 0.060416667187499995 0.21875 0.05208333281250001 0.209375 0.05208333281250001 0.196875 0.0645833328125 0.1953125 0.10833333281249999 0.1484375 0.13333333281249998 0.1390625 0.16875
7 0.228125 0.1145833328125 0.2375 0.0958333328125 0.2359375 0.075 0.23125 0.060416667187499995 0.2171875 0.05 0.2140625 0.05 0.196875 0.0625 0.1953125 0.1041666671875 0.2125 0.1 0.228125 0.1145833328125
7 0.8046875 0.20416666718749998 0.8484375 0.2 0.859375 0.1833333328125 0.853125 0.175 0.84375 0.1770833328125 0.8421875 0.16458333281249998 0.83125 0.16458333281249998 0.821875 0.17916666718750002 0.7953125 0.1854166671875 0.7921875 0.19583333281249998 0.8046875 0.20416666718749998
7 0.9953125 0.0791666671875 0.9921875 0.06875 0.98125 0.06875 0.9703125 0.1041666671875 0.9734375 0.1166666671875 0.9875 0.11041666718750001 0.9953125 0.0791666671875
10 0.4625 0.2 0.4578125 0.2666666671875 0.434375 0.2979166671875 0.4375 0.3166666671875 0.4515625 0.3083333328125 0.453125 0.3270833328125 0.446875 0.3416666671875 0.4234375 0.3604166671875 0.421875 0.3729166671875 0.434375 0.3770833328125 0.4453125 0.35625 0.453125 0.35625 0.45625 0.47083333281249995 0.478125 0.54375 0.4734375 0.5791666671875 0.4515625 0.5958333328125 0.446875 0.6104166671875 0.484375 0.6166666671875001 0.5109375 0.6041666671875 0.5015625 0.5583333328125 0.49375 0.43333333281249997 0.50625 0.3708333328125 0.50625 0.23541666718749998 0.49375 0.175 0.4828125 0.16458333281249998 0.4703125 0.16458333281249998 0.4640625 0.1416666671875 0.453125 0.1291666671875 0.44375 0.1291666671875 0.4296875 0.1354166671875 0.4234375 0.16458333281249998 0.4359375 0.1875 0.4625 0.2
10 0.3375 0.2708333328125 0.328125 0.3125 0.33125 0.3375 0.35 0.3458333328125 0.396875 0.3479166671875 0.3984375 0.3125 0.40625 0.30416666718749996 0.4234375 0.3416666671875 0.4390625 0.3166666671875 0.4421875 0.30625 0.4265625 0.2979166671875 0.4015625 0.2625 0.4046875 0.2166666671875 0.390625 0.19583333281249998 0.384375 0.19583333281249998 0.371875 0.22291666718749997 0.371875 0.24375 0.34375 0.25833333281250004 0.3375 0.2708333328125
10 0.175 0.53125 0.171875 0.5895833328125 0.19375 0.56875 0.2015625 0.5375 0.196875 0.5291666671875 0.1984375 0.5020833328125 0.209375 0.49375 0.2125 0.48125 0.2125 0.45 0.2046875 0.45208333281249996 0.2 0.46666666718750005 0.196875 0.45208333281249996 0.196875 0.45 0.1890625 0.4604166671875 0.1859375 0.5041666671875 0.18125 0.5020833328125 0.175 0.53125
10 0.090625 0.2125 0.103125 0.2979166671875 0.1015625 0.36875 0.1140625 0.4 0.1125 0.5708333328124999 0.11875 0.6166666671875001 0.1234375 0.6145833328125 0.1234375 0.5979166671875 0.140625 0.58125 0.1421875 0.5083333328124999 0.15625 0.4375 0.1609375 0.375 0.1484375 0.3541666671875 0.1484375 0.3125 0.1234375 0.27291666718749996 0.1375 0.2166666671875 0.1375 0.1625 0.14375 0.1354166671875 0.1578125 0.12291666718750001 0.171875 0.12291666718750001 0.165625 0.10625 0.1546875 0.1020833328125 0.1421875 0.1020833328125 0.1265625 0.12291666718750001 0.125 0.1541666671875 0.0984375 0.1895833328125 0.090625 0.2125