15 0 0.9958333328125001 0.9546875 0.9979166671874999 0.9578125 0.9833333328125 0.9640625 0.9979166671874999 0.9984375 0.9979166671874999 0.9984375 0.5625 0.965625 0.5583333328125 0.9609375 0.5583333328125 0.9390625 0.5625 0.93125 0.5979166671875 0.7921875 0.5895833328125 0.6953125 0.6041666671875 0.5765625 0.6 0.571875 0.6083333328125 0.559375 0.6020833328124999 0.5515625 0.6166666671875001 0.50625 0.6208333328125 0.490625 0.6395833328125 0.4671875 0.6458333328125 0.38125 0.63125 0.303125 0.6333333328124999 0.2578125 0.6479166671875001 0.2375 0.6395833328125 0.2328125 0.6541666671875 0.215625 0.6708333328125 0.1578125 0.6854166671875 0.134375 0.6791666671875001 0.13125 0.6875 0.1140625 0.65625 0.0734375 0.6645833328124999 0.05625 0.6770833328125 0.0328125 0.66875 0.028125 0.6395833328125 0.0234375 0.6416666671875 0.0125 0.6208333328125 0.01875 0.6145833328125 0.021875 0.5895833328125 0.0046875 0.56875 0 0.575 0 0.9958333328125001
7 0.70625 0.1666666671875 0.684375 0.1270833328125 0.6765625 0.1270833328125 0.6734375 0.13333333281249998 0.6828125 0.15625 0.7015625 0.17916666718750002 0.70625 0.1666666671875
7 0.6734375 0.1166666671875 0.6734375 0.0979166671875 0.653125 0.060416667187499995 0.6484375 0.060416667187499995 0.6421875 0.0645833328125 0.646875 0.08541666718749999 0.6625 0.1145833328125 0.6734375 0.1166666671875
7 0.8140625 0.1916666671875 0.859375 0.1833333328125 0.865625 0.1666666671875 0.8609375 0.1458333328125 0.8296875 0.1395833328125 0.828125 0.1395833328125 0.796875 0.14791666718750002 0.790625 0.1604166671875 0.7921875 0.1833333328125 0.8140625 0.1916666671875
7 0.9859375 0.14375 0.9984375 0.11041666718750001 0.9984375 0.08541666718749999 0.996875 0.08541666718749999 0.9875 0.09375 0.9765625 0.1270833328125 0.978125 0.14791666718750002 0.9859375 0.14375
10 0.434375 0.1520833328125 0.43125 0.23125 0.4171875 0.2541666671875 0.4234375 0.2625 0.403125 0.26875 0.40625 0.2854166671875 0.4109375 0.2854166671875 0.4265625 0.2666666671875 0.4296875 0.2875 0.3921875 0.35625 0.40625 0.35625 0.4265625 0.325 0.4359375 0.325 0.4359375 0.4625 0.4609375 0.5541666671875001 0.4609375 0.58125 0.4234375 0.6104166671875 0.41875 0.6229166671875 0.4421875 0.6229166671875 0.446875 0.6354166671875 0.4796875 0.6333333328124999 0.496875 0.6208333328125 0.49375 0.5770833328125 0.4875 0.5666666671875 0.4796875 0.44375 0.4796875 0.40625 0.49375 0.35 0.4953125 0.3125 0.4859375 0.1729166671875 0.4703125 0.12291666718750001 0.459375 0.11041666718750001 0.440625 0.10833333281249999 0.4328125 0.08125 0.4171875 0.0666666671875 0.4125 0.0666666671875 0.396875 0.075 0.3890625 0.11041666718750001 0.4125 0.1520833328125 0.434375 0.1520833328125
10 0.2953125 0.2479166671875 0.2890625 0.2791666671875 0.2921875 0.3125 0.3109375 0.3145833328125 0.315625 0.3229166671875 0.365625 0.325 0.36875 0.2833333328125 0.375 0.27291666718749996 0.3921875 0.29375 0.396875 0.3166666671875 0.40625 0.30416666718749996 0.4125 0.2791666671875 0.409375 0.275 0.403125 0.2833333328125 0.3953125 0.25833333281250004 0.371875 0.22916666718749998 0.36875 0.1979166671875 0.3734375 0.16875 0.35625 0.15 0.3515625 0.15 0.3359375 0.18125 0.3390625 0.20833333281250002 0.309375 0.21875 0.2953125 0.2479166671875
10 0.1484375 0 0.0859375 0.0395833328125 0.0484375 0.08541666718749999 0.0390625 0.2 0.0453125 0.24375 0.0421875 0.2875 0.059375 0.3020833328125 0.0609375 0.325 0.0609375 0.4270833328125 0.0484375 0.50625 0.0484375 0.6375 0.059375 0.6395833328125 0.0640625 0.6541666671875 0.08125 0.6520833328125 0.0921875 0.6416666671875 0.084375 0.6333333328124999 0.090625 0.625 0.0765625 0.61875 0.08125 0.60625 0.078125 0.53125 0.09375 0.4458333328125 0.10625 0.43333333281249997 0.1109375 0.4166666671875 0.1234375 0.4458333328125 0.1234375 0.5520833328125 0.134375 0.6395833328125 0.1296875 0.6666666671875 0.134375 0.6708333328125 0.2046875 0.6645833328124999 0.21875 0.6541666671875 0.2140625 0.64375 0.1765625 0.6208333328125 0.1734375 0.5854166671875001 0.1640625 0.5604166671875 0.16875 0.5 0.1640625 0.4145833328125 0.16875 0.3958333328125 0.1765625 0.4 0.1734375 0.3916666671875 0.184375 0.3791666671875 0.1890625 0.35208333281250004 0.196875 0.34375 0.184375 0.3166666671875 0.1671875 0.075 0.1609375 0.05208333281250001 0.165625 0.03125 0.1625 0.0125 0.15 0 0.1484375 0
10 0.0875 0.5479166671875 0.0953125 0.6229166671875 0.121875 0.6208333328125 0.1234375 0.6145833328125 0.1203125 0.45208333281249996 0.11875 0.43958333281249995 0.1125 0.4375 0.1109375 0.43541666718750005 0.1078125 0.45208333281249996 0.0953125 0.4625 0.090625 0.49375 0.0875 0.5479166671875
10 0 0.20416666718749998 0.0140625 0.2666666671875 0.0109375 0.3416666671875 0.0265625 0.38125 0.03125 0.43958333281249995 0.025 0.5354166671875 0.0328125 0.6333333328124999 0.04375 0.63125 0.0453125 0.6229166671875 0.0453125 0.5083333328124999 0.059375 0.4270833328125 0.059375 0.30625 0.0390625 0.28958333281250004 0.04375 0.23541666718749998 0.0296875 0.2208333328125 0.0359375 0.2166666671875 0.0375 0.125 0.04375 0.0916666671875 0.0640625 0.058333332812500006 0.0828125 0.0416666671875 0.075 0.0333333328125 0.0640625 0.0333333328125 0.0453125 0.0479166671875 0.0296875 0.11041666718750001 0 0.1416666671875 0 0.20416666718749998
14 0.546875 0.60625 0.5453125 0.59375 0.53125 0.5854166671875001 0.5296875 0.5625 0.5140625 0.5291666671875 0.509375 0.40625 0.5171875 0.3625 0.5359375 0.3145833328125 0.5109375 0.3020833328125 0.4984375 0.3020833328125 0.4796875 0.43125 0.4890625 0.5604166671875 0.4984375 0.59375 0.546875 0.60625
4 0.18125 0.4458333328125 0.1734375 0.44166666718750003 0.175 0.5333333328125 0.1703125 0.5395833328124999 0.175 0.54375 0.1703125 0.55625 0.1796875 0.6145833328125 0.35625 0.5979166671875 0.4234375 0.6 0.44375 0.5854166671875001 0.4453125 0.50625 0.434375 0.46458333281249997 0.434375 0.39375 0.4296875 0.38125 0.4234375 0.38333333281250004 0.415625 0.36875 0.384375 0.36666666718749996 0.38125 0.3729166671875 0.4046875 0.3770833328125 0.4078125 0.3895833328125 0.403125 0.3958333328125 0.3515625 0.38125 0.3421875 0.3604166671875 0.290625 0.3604166671875 0.2625 0.35208333281250004 0.253125 0.35208333281250004 0.196875 0.35625 0.2015625 0.3770833328125 0.19375 0.43541666718750005 0.18125 0.4458333328125