11 0.109375 0.46953125 0.140625 0.27265625
5 0.49375 0.42578125 0.071875 0.20234375
12 0.8890625 0.4625 0.21875 0.29140625
15 0.4984375 0.75625 0.996875 0.47890625
7 0.65859375 0.33671875 0.0203125 0.04765625
7 0.47734375 0.290625 0.0234375 0.04375
7 0.0640625 0.13046875 0.053125 0.02734375
7 0.175 0.20703125 0.059375 0.02734375
7 0.04140625 0.17734375 0.0453125 0.025
7 0.98671875 0.61171875 0.0140625 0.03125
7 0.17578125 0.15 0.0296875 0.02109375
7 0.10859375 0.21953125 0.0234375 0.01875
7 0.60078125 0.18671875 0.0203125 0.01875
7 0.97890625 0.321875 0.0296875 0.02734375
7 0.9859375 0.140625 0.025 0.02265625
7 0.734375 0.33828125 0.025 0.04375
10 0.18984375 0.409375 0.0984375 0.33984375
10 0.36328125 0.4375 0.0671875 0.24609375
10 0.42890625 0.43203125 0.0328125 0.21875
10 0.12265625 0.30859375 0.0421875 0.0625