11 0.21640625 0.34140625 0.0859375 0.58359375
11 0.34453125 0.48046875 0.1546875 0.32734375
5 0.7875 0.42578125 0.0875 0.23125
15 0.4984375 0.76484375 0.996875 0.4625
7 0.14296875 0.0625 0.0765625 0.05
7 0.7671875 0.28125 0.025 0.05
7 0.3328125 0.12890625 0.053125 0.02890625
7 0.446875 0.21171875 0.05625 0.03125
7 0.315625 0.18671875 0.046875 0.02734375
7 0.38359375 0.23046875 0.0234375 0.01875
7 0.44375 0.14140625 0.03125 0.02109375
7 0.92421875 0.13828125 0.0265625 0.01875
7 0.83515625 0.265625 0.0296875 0.02265625
10 0.71015625 0.43671875 0.0484375 0.25625
10 0.39921875 0.41015625 0.0828125 0.375
10 0.1515625 0.41640625 0.053125 0.3
10 0.65390625 0.43125 0.0546875 0.3125