15 0 0.9979166671874999 0.9984375 0.9979166671874999 0.9984375 0.5666666671875 0.9609375 0.5645833328125 0.9265625 0.5770833328125 0.88125 0.55 0.8796875 0.5479166671875 0.778125 0.5541666671875001 0.7703125 0.5604166671875 0.5515625 0.56875 0.5234375 0.5791666671875 0.5015625 0.5770833328125 0.496875 0.59375 0.49375 0.5833333328125 0.465625 0.59375 0.4078125 0.5895833328125 0.278125 0.6145833328125 0.2515625 0.6020833328124999 0.2265625 0.6125 0.2125 0.6395833328125 0.2078125 0.6333333328124999 0.184375 0.6395833328125 0.159375 0.6333333328124999 0.1515625 0.64375 0.0921875 0.6479166671875001 0.03125 0.6395833328125 0.028125 0.6333333328124999 0.009375 0.64375 0.0046875 0.6395833328125 0 0.64375 0 0.9979166671874999
7 0.1265625 0.07083333281250001 0.11875 0.05625 0.08125 0.04375 0.071875 0.04375 0.0578125 0.0479166671875 0.0609375 0.08125 0.075 0.07083333281250001 0.1265625 0.07083333281250001
5 0.4578125 0.25 0.4828125 0.2979166671875 0.48125 0.3479166671875 0.4984375 0.3791666671875 0.4859375 0.40625 0.48125 0.4604166671875 0.4921875 0.48125 0.5 0.46875 0.5171875 0.46666666718750005 0.5453125 0.48125 0.5359375 0.48541666718750004 0.55 0.4916666671875 0.5515625 0.5291666671875 0.5453125 0.5479166671875 0.534375 0.5479166671875 0.540625 0.55625 0.7671875 0.5520833328125 0.775 0.5416666671875 0.825 0.5395833328124999 0.8890625 0.54375 0.8875 0.2208333328125 0.8953125 0.2 0.890625 0.04375 0.88125 0.04375 0.43125 0.1125 0.4359375 0.2166666671875 0.4515625 0.22291666718749997 0.4578125 0.25
7 0.615625 0.22291666718749997 0.6171875 0.2104166671875 0.5828125 0.16458333281249998 0.58125 0.16458333281249998 0.575 0.1708333328125 0.58125 0.1875 0.603125 0.21875 0.615625 0.22291666718749997
7 0.621875 0.2270833328125 0.6203125 0.23958333281250002 0.63125 0.2416666671875 0.6296875 0.2270833328125 0.621875 0.2270833328125
10 0.4078125 0.3854166671875 0.40625 0.3958333328125 0.4078125 0.40416666718750005 0.41875 0.40625 0.425 0.3895833328125 0.4328125 0.39375 0.434375 0.46875 0.45 0.5104166671875 0.4484375 0.5541666671875001 0.4265625 0.5791666671875 0.475 0.5791666671875 0.484375 0.56875 0.4984375 0.5708333328124999 0.503125 0.5604166671875 0.4921875 0.5541666671875001 0.4695902625 0.49176822031249995 0.4657150578125 0.45389121406250005 0.478125 0.38333333281250004 0.4734375 0.36875 0.4796875 0.3 0.4609375 0.2625 0.45 0.2520833328125 0.4421875 0.25625 0.4234375 0.22291666718749997 0.4140625 0.22291666718749997 0.40625 0.2541666671875 0.434375 0.28125 0.434375 0.35625 0.4078125 0.3854166671875
14 0.0640625 0.39375 0.0734375 0.4166666671875 0.075 0.5041666671875 0.0609375 0.56875 0.0296875 0.6145833328125 0.03125 0.6291666671875 0.065625 0.625 0.084375 0.6416666671875 0.134375 0.625 0.19375 0.6208333328125 0.2046875 0.6270833328125 0.2125 0.6208333328125 0.1796875 0.5666666671875 0.1609375 0.48541666718750004 0.1640625 0.3916666671875 0.19375 0.3083333328125 0.1421875 0.2854166671875 0.128125 0.2854166671875 0.059375 0.28958333281250004 0.0359375 0.3020833328125 0.0609375 0.35625 0.0640625 0.39375
10 0.1984375 0.3104166671875 0.1796875 0.3458333328125 0.1765625 0.39375 0.1859375 0.4291666671875 0.186702578125 0.57785229375 0.20220330937500003 0.6019558859374999 0.2280378046875 0.5967907953125 0.2099536328125 0.5623572015625 0.21875 0.45 0.215625 0.4145833328125 0.2046875 0.40208333281249997 0.2046875 0.27291666718749996 0.23125 0.2375 0.2203125 0.2166666671875 0.20625 0.2166666671875 0.196875 0.2270833328125 0.19375 0.2541666671875 0.175 0.2833333328125 0.1984375 0.3104166671875
10 0.2015625 0.2833333328125 0.2078125 0.2979166671875 0.2046875 0.39791666718749996 0.21875 0.41875 0.2265625 0.5895833328125 0.228125 0.5958333328125 0.271875 0.5958333328125 0.2625 0.5729166671875 0.253125 0.58125 0.2421875 0.5583333328125 0.2421875 0.5104166671875 0.25625 0.4479166671875 0.265625 0.45625 0.2625 0.4625 0.275 0.49791666718750005 0.2796875 0.59375 0.325 0.5958333328125 0.328125 0.5875 0.3 0.575 0.29375 0.49583333281249997 0.3 0.43958333281249995 0.2859375 0.3916666671875 0.265625 0.2520833328125 0.2671875 0.21875 0.2546875 0.20208333281250002 0.246875 0.20208333281250002 0.2359375 0.2166666671875 0.2359375 0.23541666718749998 0.209375 0.2625 0.2015625 0.2833333328125
10 0.3375 0.33541666718749996 0.3328125 0.3708333328125 0.3453125 0.38333333281250004 0.3359375 0.40833333281249995 0.340625 0.4125 0.3859375 0.41041666718750003 0.3890625 0.35625 0.39375 0.3604166671875 0.390625 0.3729166671875 0.40625 0.3770833328125 0.4140625 0.3708333328125 0.409375 0.3479166671875 0.3859375 0.3166666671875 0.3875 0.28125 0.378125 0.27291666718749996 0.3765625 0.2708333328125 0.365625 0.2854166671875 0.3640625 0.3083333328125 0.346875 0.3166666671875 0.3375 0.33541666718749996
4 0.3046875 0.56875 0.41875 0.5708333328124999 0.4359375 0.5604166671875 0.440625 0.5479166671875 0.43125 0.425 0.41875 0.4375 0.3828125 0.4291666671875 0.3765625 0.4166666671875 0.3375 0.4145833328125 0.32734375 0.4145833328125 0.296875 0.41875 0.303125 0.4291666671875 0.296875 0.5041666671875 0.3046875 0.56875
11 0.896875 0 0.8921875 0.0666666671875 0.8953125 0.19583333281249998 0.8890625 0.2104166671875 0.89375 0.5520833328125 0.9265625 0.5645833328125 0.95 0.5625 0.953125 0.55 0.9453125 0.26875 0.9484375 0.0791666671875 0.946875 0.0041666671875 0.9421875 0 0.9331250000000001 0 0.896875 0
11 0 0 0 0.6041666671875 0.0125 0.6041666671875 0.015625 0.6229166671875 0.0265625 0.6208333328125 0.0484375 0.5916666671875 0.0640625 0.5520833328125 0.0609375 0.36666666718749996 0.034375 0.3083333328125 0.0453125 0.28958333281250004 0.040625 0.23125 0.04375 0.225 0.046875 0.23541666718749998 0.05625 0.23541666718749998 0.0609375 0.1270833328125 0.0578125 0 0.049553571875 0 0 0