11 0.78515625 0.265625 0.0359375 0.53125
15 0.49921875 0.75390625 0.9984375 0.48359375
7 0.6375 0.146875 0.071875 0.03515625
7 0.8953125 0.121875 0.078125 0.03984375
7 0.4359375 0.16328125 0.025 0.02734375
7 0.89609375 0.10234375 0.0796875 0.07890625
7 0.63671875 0.084375 0.0734375 0.16484375
7 0.590625 0.01015625 0.071875 0.0203125
7 0.4390625 0.17734375 0.03125 0.05390625
14 0.46640625 0.47578125 0.1109375 0.23984375
10 0.3953125 0.39765625 0.121875 0.4
10 0.53359375 0.43515625 0.0546875 0.24140625
10 0.92265625 0.35390625 0.0328125 0.05859375