11 0.128125 0.38203125 0.0625 0.40234375
5 0.52578125 0.43125 0.0671875 0.18359375
12 0.8875 0.46953125 0.221875 0.28515625
15 0.4984375 0.75546875 0.996875 0.48125
7 0.71953125 0.37265625 0.0328125 0.08359375
7 0.51015625 0.30703125 0.0203125 0.03984375
7 0.55078125 0.01875 0.0984375 0.0375
7 0.034375 0.075 0.0375 0.025
7 0.97421875 0.33359375 0.0234375 0.02109375
7 0.15390625 0.18125 0.0453125 0.025
7 0.0234375 0.12890625 0.046875 0.0375
7 0.24140625 0.240625 0.0515625 0.02265625
7 0.621875 0.21484375 0.01875 0.01640625
7 0.24921875 0.19609375 0.0265625 0.01640625
7 0.18125 0.25078125 0.021875 0.01484375
7 0.678125 0.34609375 0.015625 0.05
7 0.96171875 0.18203125 0.0234375 0.02265625
7 0.91015625 0.00859375 0.0921875 0.01640625
10 0.28046875 0.42421875 0.0765625 0.27734375
10 0.05 0.43046875 0.046875 0.24375
10 0.425 0.44453125 0.034375 0.21015625
10 0.4515625 0.44296875 0.046875 0.20234375
10 0.46953125 0.440625 0.0421875 0.19375