11 0.265625 0.340625 0.078125 0.53515625
11 0.38359375 0.46640625 0.1421875 0.3
5 0.921875 0.403125 0.15 0.24375
5 0.80546875 0.41171875 0.0859375 0.22734375
15 0.49921875 0.75703125 0.9984375 0.48125
7 0.1890625 0.06875 0.08125 0.04609375
7 0.784375 0.26796875 0.025 0.04765625
7 0.36171875 0.12890625 0.0484375 0.02890625
7 0.46953125 0.20390625 0.0546875 0.02890625
7 0.34453125 0.18359375 0.0421875 0.025
7 0.46796875 0.13984375 0.0296875 0.02109375
7 0.409375 0.22265625 0.021875 0.01640625
10 0.20390625 0.41875 0.0578125 0.3
10 0.65703125 0.42890625 0.0765625 0.275
10 0.72734375 0.42109375 0.0484375 0.24609375
10 0.43046875 0.40546875 0.0765625 0.34375
10 0.31875 0.42109375 0.040625 0.25859375
10 0.70625 0.44140625 0.053125 0.22890625