1 0.2203125 0.45625 0.2203125 0.3229166671875 0.2015625 0.30625 0.2 0.30625 0.20625 0.3645833328125 0.196875 0.38333333281250004 0.1953125 0.4458333328125 0.2203125 0.45625
7 0.2125 0.26875 0.1984375 0.2666666671875 0.196875 0.2645833328125 0.190625 0.26875 0.19375 0.2791666671875 0.2140625 0.2770833328125 0.2125 0.26875
10 0.575 0.5354166671875 0.5921875 0.5 0.603125 0.5208333328125 0.6078125 0.51875 0.603125 0.49791666718750005 0.6078125 0.4375 0.5953125 0.4 0.590625 0.4 0.58125 0.43958333281249995 0.584375 0.45416666718750004 0.571875 0.525 0.575 0.5354166671875
7 0.38125 0 0.396875 0.05208333281250001 0.46875 0.05208333281250001 0.4921875 0.0416666671875 0.496875 0.03125 0.49375 0 0.4 0 0.3953125 0.03125 0.3890625 0 0.38125 0
10 0 0 0 0.4458333328125 0.00625 0.4604166671875 0.0140625 0.5770833328125 0.0421875 0.7625 0.04375 0.8291666671875 0.05625 0.85625 0.0375 0.9395833328125001 0.053125 0.9479166671874999 0.0921875 0.9479166671874999 0.1734375 0.9041666671874999 0.196875 0.8729166671874999 0.190625 0.84375 0.1640625 0.8333333328125001 0.1453125 0.8145833328125001 0.14375 0.7770833328125 0.134375 0.7541666671875 0.1359375 0.6979166671875 0.1171875 0.47083333281249995 0.1203125 0.21458333281250003 0.128125 0.18125 0.1359375 0.0395833328125 0.1328125 0 0.125 0 0 0
15 0 0.9979166671874999 0.9984375 0.9979166671874999 0.9984375 0.6166666671875001 0.978125 0.61875 0.971875 0.6354166671875 0.9625 0.6354166671875 0.9546875 0.6145833328125 0.91875 0.6333333328124999 0.7703125 0.63125 0.7609375 0.6166666671875001 0.6734375 0.5729166671875 0.6171875 0.5291666671875 0.578125 0.5416666671875 0.5640625 0.5208333328125 0.5625 0.5208333328125 0.35 0.5375 0.3328125 0.55625 0.3140625 0.5541666671875001 0.309375 0.5416666671875 0.2859375 0.55 0.2359375 0.55 0.2265625 0.54375 0.2 0.5479166671875 0.19375 0.5583333328125 0.1765625 0.55625 0.16875 0.575 0.134375 0.575 0.1375 0.68125 0.16875 0.6958333328124999 0.178125 0.7125 0.165625 0.7375 0.140625 0.7395833328125 0.1484375 0.8020833328125001 0.1609375 0.8229166671874999 0.184375 0.83125 0.196875 0.8458333328125001 0.2 0.8791666671874999 0.178125 0.9083333328125001 0.0953125 0.95625 0.05625 0.95625 0.0328125 0.9458333328125 0.05 0.85625 0.0375 0.825 0.0375 0.7666666671875 0.0125 0.58125 0.0078125 0.5729166671875 0 0.575 0.00625 0.6104166671875 0 0.625 0 0.9979166671874999
10 0.16875 0.7041666671875 0.1421875 0.6875 0.1359375 0.6875 0.140625 0.7270833328124999 0.1640625 0.7270833328124999 0.1734375 0.7166666671875 0.16875 0.7041666671875
10 0.1453125 0 0.14375 0.060416667187499995 0.1359375 0.0770833328125 0.1296875 0.1854166671875 0.121875 0.225 0.1203125 0.3395833328125 0.1296875 0.36875 0.121875 0.375 0.11875 0.46666666718750005 0.13125 0.5708333328124999 0.1421875 0.5708333328124999 0.1453125 0.55 0.153125 0.5416666671875 0.1546875 0.5666666671875 0.1671875 0.56875 0.1703125 0.5395833328124999 0.1875 0.5270833328125 0.1828125 0.3916666671875 0.1984375 0.3708333328125 0.2 0.3416666671875 0.18125 0.1895833328125 0.190625 0.10833333281249999 0.178125 0 0.169921875 0 0.1453125 0
1 0.2234375 0.525 0.2234375 0.4791666671875 0.2109375 0.4770833328125 0.2015625 0.4770833328125 0.2 0.5395833328124999 0.2046875 0.5416666671875 0.2203125 0.5395833328124999 0.2234375 0.525
14 0.2953125 0.5416666671875 0.2828125 0.5 0.2828125 0.46458333281249997 0.29375 0.4270833328125 0.26875 0.42083333281249996 0.265625 0.42083333281249996 0.2390625 0.4270833328125 0.246875 0.46666666718750005 0.2390625 0.5458333328125 0.2953125 0.5416666671875
10 0.30625 0.5145833328125 0.3140625 0.5416666671875 0.3296875 0.5208333328125 0.33125 0.4270833328125 0.3375 0.40208333281249997 0.3203125 0.3583333328125 0.3125 0.3583333328125 0.3 0.39791666718749996 0.3078125 0.4145833328125 0.303125 0.4375 0.30625 0.5145833328125
10 0.246875 0.40208333281249997 0.2359375 0.3645833328125 0.23125 0.3645833328125 0.225 0.3791666671875 0.225 0.43958333281249995 0.234375 0.4375 0.246875 0.40208333281249997
10 0.2875 0.42291666718750004 0.2875 0.3770833328125 0.28125 0.3770833328125 0.278125 0.3958333328125 0.265625 0.40625 0.265625 0.41875 0.2875 0.42291666718750004
5 0.4125 0.3916666671875 0.4171875 0.43333333281249997 0.434375 0.4375 0.4390625 0.4583333328125 0.4375 0.40416666718750005 0.4484375 0.3916666671875 0.4546875 0.3958333328125 0.4734375 0.43125 0.4640625 0.45625 0.4703125 0.5145833328125 0.5734375 0.5104166671875 0.58125 0.4583333328125 0.578125 0.44375 0.5890625 0.3958333328125 0.5875 0.3229166671875 0.4203125 0.3229166671875 0.41875 0.32083333281250004 0.39375 0.3291666671875 0.396875 0.40625 0.4078125 0.3875 0.4125 0.3916666671875
10 0.45625 0.49791666718750005 0.4609375 0.5125 0.4671875 0.5125 0.4625 0.45625 0.4640625 0.43333333281249997 0.4671875 0.4291666671875 0.46875 0.43958333281249995 0.4703125 0.4291666671875 0.453125 0.40625 0.453125 0.3958333328125 0.45 0.3916666671875 0.44375 0.4291666671875 0.446875 0.5208333328125 0.453125 0.5208333328125 0.45625 0.49791666718750005
12 0.6375 0.4625 0.6296875 0.4770833328125 0.6328125 0.5333333328125 0.6703125 0.5666666671875 0.746875 0.6041666671875 0.7703125 0.625 0.9984375 0.63125 0.9984375 0.34375 0.8390625 0.34375 0.8359375 0.34375 0.759375 0.35625 0.6421875 0.43958333281249995 0.6265625 0.4583333328125 0.6375 0.4625
10 0.628125 0.45625 0.6515625 0.43125 0.6421875 0.40208333281249997 0.6375 0.40208333281249997 0.6203125 0.4375 0.621875 0.5229166671875001 0.6265625 0.5208333328125 0.628125 0.45625
7 0.7171875 0.16458333281249998 0.7625 0.1583333328125 0.775 0.14791666718750002 0.775 0.1395833328125 0.7609375 0.125 0.752734375 0.125 0.7171875 0.1291666671875 0.703125 0.1416666671875 0.703125 0.1541666671875 0.7171875 0.16458333281249998
7 0.5125 0.16458333281249998 0.5125 0.1416666671875 0.484375 0.1354166671875 0.4765625 0.1354166671875 0.45 0.1395833328125 0.446875 0.15625 0.4796875 0.1708333328125 0.5125 0.16458333281249998
7 0.7625 0 0.7546875 0.0229166671875 0.771875 0.0395833328125 0.8171875 0.0395833328125 0.85625 0.0208333328125 0.859375 0 0.8513020828125001 0 0.7625 0