15 0.6640625 0.54375 0.63125 0.55625 0.5328125 0.5604166671875 0.5265625 0.56875 0.484375 0.5708333328124999 0.48125 0.5770833328125 0.4625 0.56875 0.45 0.575 0.409375 0.5729166671875 0.325 0.5916666671875 0.3046875 0.5833333328125 0.2890625 0.6375 0.26875 0.6458333328125 0.2515625 0.6375 0.2203125 0.6375 0.209375 0.6291666671875 0.2140625 0.6104166671875 0.178125 0.6020833328124999 0.1671875 0.6020833328124999 0.1546875 0.6166666671875001 0.0953125 0.60625 0.0875 0.63125 0.06875 0.6208333328125 0.003125 0.63125 0 0.9979166671874999 0.9984375 0.9979166671874999 0.9984375 0.64375 0.99375 0.6333333328124999 0.9984375 0.6166666671875001 0.99375 0.6208333328125 0.990625 0.6104166671875 0.99375 0.6 0.9984375 0.6020833328124999 0.98125 0.58125 0.978125 0.5625 0.946875 0.5604166671875 0.95 0.5895833328125 0.9078125 0.5979166671875 0.8984375 0.5791666671875 0.9015625 0.5520833328125 0.8875 0.5625 0.85625 0.5625 0.8296875 0.5395833328124999 0.7453125 0.5395833328124999 0.7328125 0.5458333328125 0.721875 0.5395833328124999 0.7203125 0.5375 0.715625 0.5458333328125 0.7078125 0.5395833328124999 0.7015625 0.5479166671875 0.6640625 0.54375
10 0.9229855656250001 0.3075482203125 0.8997345109375001 0.3557553453125 0.9036095421875 0.3867455859375 0.9296875 0.3916666671875 0.9328125 0.4479166671875 0.915625 0.5125 0.90625 0.5875 0.94375 0.5833333328125 0.9234375 0.5541666671875001 0.94375 0.4916666671875 0.9578125 0.46875 0.9703125 0.48125 0.971875 0.51875 0.984375 0.56875 0.990625 0.56875 0.98125 0.48333333281249996 0.9796875 0.3958333328125 0.98125 0.36875 0.990625 0.3479166671875 0.984375 0.33541666718749996 0.984375 0.2854166671875 0.990625 0.2791666671875 0.99375 0.2541666671875 0.9859375 0.23125 0.9671875 0.225 0.9625 0.225 0.9546875 0.23333333281250002 0.95 0.275 0.9390625 0.30416666718749996 0.9229855656250001 0.3075482203125
10 0.29375 0.3683569484375 0.284375 0.48294028125 0.2921875 0.5662736140625 0.303481696875 0.5644380359375 0.30855435625 0.48837517343750003 0.3140625 0.5683569484375 0.3313814109375 0.5881020234375 0.3757672265625 0.5864117421875 0.3757672265625 0.5661283171875 0.3491358046875 0.5610574734375 0.3421875 0.5246069484375 0.340625 0.47252361406250004 0.34735643125000004 0.4748978359375 0.34735643125000004 0.42875660781249997 0.3375 0.42669028124999997 0.3234375 0.2996069484375 0.3265625 0.2787736140625 0.3171875 0.2621069484375 0.309375 0.2621069484375 0.3046875 0.30169028125 0.284375 0.3162736140625 0.2921875 0.3371069484375 0.29375 0.3683569484375
10 0.190625 0.23958333281250002 0.190625 0.30416666718749996 0.196875 0.3020833328125 0.2 0.2854166671875 0.1983281046875 0.31099163124999996 0.2109375 0.3166666671875 0.209375 0.40208333281249997 0.2421875 0.5854166671875001 0.2390625 0.6104166671875 0.2296875 0.6104166671875 0.21875 0.6229166671875 0.2359375 0.625 0.259375 0.6145833328125 0.2640625 0.6354166671875 0.2828125 0.6291666671875 0.2890625 0.5770833328125 0.2828125 0.45416666718750004 0.2921875 0.40208333281249997 0.2921875 0.35625 0.2828125 0.3104166671875 0.3015625 0.3 0.3046875 0.2875 0.2921875 0.2270833328125 0.2828125 0.20416666718749998 0.259375 0.18125 0.2609375 0.14375 0.2546875 0.12291666718750001 0.2421875 0.1125 0.23359375 0.1125 0.2203125 0.1145833328125 0.2078125 0.1375 0.2046875 0.2 0.190625 0.23958333281250002
10 0.0359375 0.5708333328124999 0.0203125 0.5145833328125 0.0171875 0.5104166671875 0.0109375 0.5520833328125 0.015625 0.5979166671875 0.0359375 0.6020833328124999 0.0359375 0.5708333328124999
10 0 0.5395833328124999 0.0046875 0.5395833328124999 0.00625 0.5041666671875 0.0609375 0.43333333281249997 0.06875 0.39791666718749996 0.059375 0.36666666718749996 0.0015625 0.28958333281250004 0 0.28958333281250004 0 0.5395833328124999
10 0.371875 0.3895833328125 0.3796875 0.40416666718750005 0.371875 0.42291666718750004 0.3765625 0.4270833328125 0.41254413906250004 0.4309054546875 0.41127601562500005 0.39879000625 0.428125 0.3916666671875 0.4265625 0.36875 0.4046875 0.3375 0.4 0.30416666718749996 0.39375 0.30416666718749996 0.3875 0.3125 0.3859375 0.3375 0.371875 0.3541666671875 0.371875 0.3895833328125
5 0.4921875 0.2708333328125 0.5 0.2979166671875 0.5171875 0.3166666671875 0.5234375 0.36666666718749996 0.5140625 0.45208333281249996 0.51875 0.46666666718750005 0.5453125 0.4791666671875 0.5515625 0.5354166671875 0.8328125 0.525 0.8328125 0.3 0.834375 0.2520833328125 0.840625 0.23958333281250002 0.840625 0.12291666718750001 0.834375 0.11875 0.8296875 0.11875 0.45 0.1729166671875 0.4546875 0.25833333281250004 0.4734375 0.27291666718749996 0.4921875 0.2708333328125
10 0.4921875 0.3416666671875 0.48125 0.46458333281249997 0.4875 0.55 0.475 0.5604166671875 0.4953125 0.5625 0.5125 0.5541666671875001 0.5078125 0.4604166671875 0.521875 0.35 0.5125 0.3125 0.4984375 0.3 0.4890625 0.2708333328125 0.4796875 0.2708333328125 0.4703125 0.2875 0.475 0.30416666718749996 0.4921875 0.31875 0.4921875 0.3416666671875
14 0.1953125 0.43125 0.1953125 0.5041666671875 0.184375 0.5520833328125 0.159375 0.5916666671875 0.196875 0.5916666671875 0.2125 0.6 0.240625 0.5854166671875001 0.2078125 0.40833333281249995 0.2078125 0.34375 0.1921875 0.3416666671875 0.1890625 0.3416666671875 0.175 0.34375 0.16875 0.35625 0.184375 0.38333333281250004 0.1953125 0.43125
14 0.4390625 0.4145833328125 0.4609375 0.43541666718750005 0.4546875 0.5583333328125 0.484375 0.5458333328125 0.478125 0.4791666671875 0.484375 0.40625 0.475 0.3916666671875 0.46875 0.3916666671875 0.43125 0.4 0.4359375 0.40416666718750005 0.43125 0.4166666671875 0.4390625 0.4145833328125
4 0.446875 0.55625 0.45625 0.5479166671875 0.45625 0.44166666718750003 0.4625 0.43541666718750005 0.446875 0.43541666718750005 0.4359375 0.4458333328125 0.415625 0.44166666718750003 0.40625 0.43125 0.39718749999999997 0.43125 0.3484375 0.4375 0.3421875 0.4895833328125 0.35625 0.55625 0.446875 0.55625
4 0.0095650171875 0.49655911875000003 0.0043434375 0.63575111875 0.006581271875 0.6347568609375001 0.015532507812499999 0.5045129234375 0.0655104203125 0.5065013734375 0.07073199999999999 0.62481460625 0.0737157453125 0.62481460625 0.068494165625 0.5035186984375 0.0828125 0.61875 0.0828125 0.50625 0.1348826765625 0.5084898578125 0.1520392890625 0.6158665437499999 0.158752740625 0.6228260875 0.140625 0.49583333281249997 0.14375 0.4 0.090625 0.39375 0.08125 0.39375 0.0765625 0.41875 0.071875 0.43958333281249995 0.071045725 0.4911831390625 0.0095650171875 0.49655911875000003
11 0.87421875 0 0.846875 0.0041666671875 0.8484375 0.4625 0.846875 0.51875 0.840625 0.5166666671875 0.8390625 0.53125 0.840625 0.54375 0.8453125 0.5375 0.859375 0.5520833328125 0.875 0.5520833328125 0.8859375 0.5354166671875 0.8828125 0.275 0.8875 0.0166666671875 0.8828125 0 0.87421875 0
11 0.0609375 0 0.0609375 0.3645833328125 0.071875 0.39375 0.1453125 0.40208333281249997 0.1421875 0.5125 0.153125 0.5854166671875001 0.178125 0.5520833328125 0.175 0.4458333328125 0.1796875 0.3875 0.165625 0.35625 0.1734375 0.3375 0.16875 0.3 0.1734375 0.29375 0.175 0.1541666671875 0.1765625 0.0125 0.1625 0 0.1546875 0 0.0609375 0
11 0.1203125 0.5125 0.128125 0.5166666671875 0.1296875 0.5666666671875 0.1390625 0.5729166671875 0.134375 0.5125 0.09375 0.5083333328124999 0.0828125 0.5083333328124999 0.0859375 0.575 0.115625 0.5729166671875 0.115625 0.5166666671875 0.1203125 0.5125
7 0.6140625 0.24583333281250003 0.578125 0.20416666718749998 0.5765625 0.20208333281250002 0.571875 0.21458333281250003 0.603125 0.2541666671875 0.6140625 0.25833333281250004 0.6140625 0.24583333281250003
7 0.1875 0.11875 0.178125 0.1166666671875 0.1765625 0.1145833328125 0.171875 0.125 0.175 0.1395833328125 0.190625 0.1291666671875 0.1875 0.11875
5 0.475 0.3125 0.4734375 0.3104166671875 0.4734375 0.3729166671875 0.4796875 0.3729166671875 0.490625 0.3270833328125 0.475 0.3125
12 0.9828125 0.4895833328125 0.9921875 0.5666666671875 0.9984375 0.5770833328125 0.9984375 0.3145833328125 0.996875 0.3145833328125 0.9890625 0.3229166671875 0.990625 0.35208333281250004 0.9828125 0.36875 0.9828125 0.4895833328125