5 0.47890625 0.36015625 0.1515625 0.48359375
15 0.49921875 0.78671875 0.9984375 0.42265625
7 0.37109375 0.35625 0.0265625 0.06640625
7 0.478125 0.328125 0.0875 0.10234375
7 0.65859375 0.18203125 0.0453125 0.03125
7 0.459375 0.35625 0.0375 0.04609375
7 0.02578125 0.1125 0.0515625 0.02890625
7 0.62265625 0.309375 0.0359375 0.05234375
7 0.0359375 0.2125 0.034375 0.02109375
7 0.5 0.17890625 0.04375 0.03359375
10 0.125 0.38046875 0.175 0.55234375
10 0.6703125 0.39375 0.115625 0.425
10 0.30703125 0.36484375 0.1328125 0.57109375
10 0.940625 0.353125 0.115625 0.56875
10 0.7953125 0.390625 0.084375 0.36875