1 0.5171875 0.5458333328125 0.5203125 0.5520833328125 0.53125 0.5458333328125 0.584375 0.5479166671875 0.5953125 0.5291666671875 0.59375 0.48541666718750004 0.5984375 0.47291666718750003 0.59375 0.2125 0.4984375 0.20416666718749998 0.496875 0.20416666718749998 0.4921875 0.23125 0.4984375 0.54375 0.5046875 0.5520833328125 0.5171875 0.5458333328125
1 0.615625 0.5604166671875 0.696875 0.5604166671875 0.7015625 0.5479166671875 0.7 0.5166666671875 0.684375 0.5145833328125 0.678125 0.5 0.68125 0.39791666718749996 0.6734375 0.3541666671875 0.68125 0.3229166671875 0.7015625 0.3 0.7046875 0.27291666718749996 0.71875 0.25625 0.7171875 0.21458333281250003 0.7046875 0.21458333281250003 0.6140625 0.21875 0.6171875 0.40416666718750005 0.609375 0.48125 0.615625 0.5604166671875
10 0.6765625 0.3541666671875 0.684375 0.39791666718749996 0.6796875 0.49791666718750005 0.684375 0.5083333328124999 0.703125 0.5104166671875 0.7015625 0.5666666671875 0.70625 0.5708333328124999 0.7296875 0.56875 0.7390625 0.55 0.7390625 0.43958333281249995 0.7265625 0.36875 0.73125 0.35208333281250004 0.728125 0.27291666718749996 0.7203125 0.25833333281250004 0.71875 0.25833333281250004 0.70625 0.27291666718749996 0.703125 0.3 0.68125 0.3270833328125 0.6765625 0.3541666671875
10 0.2578125 0.35208333281250004 0.2734375 0.3729166671875 0.2703125 0.41041666718750003 0.2828125 0.425 0.2828125 0.45 0.2921875 0.4583333328125 0.29375 0.5020833328125 0.3015625 0.49375 0.296875 0.49583333281249997 0.2953125 0.48541666718750004 0.3078125 0.48333333281249996 0.309375 0.50625 0.3046875 0.5125 0.309375 0.51875 0.3140625 0.47083333281249995 0.321875 0.46875 0.328125 0.48125 0.325 0.56875 0.321875 0.575 0.3125 0.5708333328124999 0.3109375 0.5229166671875001 0.30625 0.53125 0.29375 0.5291666671875 0.2890625 0.5333333328125 0.2953125 0.5625 0.290625 0.5895833328125 0.3109375 0.5875 0.315625 0.575 0.3296875 0.5895833328125 0.3515625 0.5875 0.359375 0.5791666671875 0.35 0.56875 0.34375 0.5395833328124999 0.3484375 0.4125 0.33125 0.35625 0.3359375 0.28125 0.325 0.2625 0.321875 0.21875 0.3125 0.20833333281250002 0.3015625 0.20833333281250002 0.2921875 0.22291666718749997 0.29375 0.2604166671875 0.265625 0.2916666671875 0.2578125 0.35208333281250004
10 0.8640625 0.27291666718749996 0.865625 0.3020833328125 0.8796875 0.3375 0.8703125 0.55 0.8609375 0.5770833328125 0.875 0.5854166671875001 0.8859375 0.58125 0.9015625 0.45208333281249996 0.9125 0.42083333281249996 0.91875 0.43541666718750005 0.9328125 0.5833333328125 0.9390625 0.5895833328125 0.965625 0.5875 0.9703125 0.5770833328125 0.953125 0.55625 0.95 0.5375 0.953125 0.425 0.946875 0.3708333328125 0.9546875 0.3604166671875 0.946875 0.3479166671875 0.9515625 0.3375 0.9453125 0.3270833328125 0.959375 0.28125 0.95 0.2416666671875 0.928125 0.225 0.93125 0.1895833328125 0.921875 0.1708333328125 0.9078125 0.1708333328125 0.8953125 0.1854166671875 0.896875 0.225 0.8671875 0.2541666671875 0.8640625 0.27291666718749996
14 0.771875 0.5125 0.7515625 0.56875 0.7671875 0.5770833328125 0.7890625 0.56875 0.8546875 0.5770833328125 0.85625 0.5666666671875 0.8375 0.5333333328125 0.828125 0.4875 0.8296875 0.41875 0.8515625 0.3604166671875 0.84375 0.35 0.8328125 0.35 0.7484375 0.3645833328125 0.765625 0.40208333281249997 0.7734375 0.46458333281249997 0.771875 0.5125
10 0.8375 0.3958333328125 0.8375 0.39375 0.828125 0.45416666718750004 0.8375 0.5270833328125 0.84375 0.43333333281249997 0.8375 0.3958333328125
10 0.778125 0.3541666671875 0.8125 0.3479166671875 0.8140625 0.3270833328125 0.81875 0.33541666718749996 0.828125 0.3291666671875 0.828125 0.34375 0.8171875 0.3479166671875 0.8421875 0.34375 0.8390625 0.325 0.8203125 0.30625 0.8171875 0.2833333328125 0.80625 0.2645833328125 0.803125 0.2645833328125 0.7921875 0.275 0.7890625 0.3166666671875 0.7796875 0.3291666671875 0.778125 0.3541666671875
15 0 0.9979166671874999 0.9984375 0.9979166671874999 0.9984375 0.5708333328124999 0.978125 0.5666666671875 0.98125 0.5791666671875 0.9734375 0.59375 0.9390625 0.5979166671875 0.90625 0.5875 0.8890625 0.6 0.825 0.5791666671875 0.7203125 0.58125 0.7 0.5791666671875 0.6921875 0.5666666671875 0.65625 0.5666666671875 0.61875 0.56875 0.603125 0.5854166671875001 0.5953125 0.5708333328124999 0.5953125 0.5666666671875 0.58125 0.5770833328125 0.5046875 0.5791666671875 0.49375 0.5895833328125 0.4765625 0.5875 0.4625 0.5979166671875 0.4359375 0.5875 0.4265625 0.6 0.375 0.5875 0.371875 0.5791666671875 0.3515625 0.5958333328125 0.3109375 0.5979166671875 0.2890625 0.5979166671875 0.2828125 0.5895833328125 0.2 0.5875 0.18125 0.5958333328125 0.1890625 0.6041666671875 0.18125 0.6125 0.1890625 0.6208333328125 0.215625 0.6270833328125 0.196875 0.6458333328125 0.1515625 0.6479166671875001 0.0875 0.6375 0.075 0.6479166671875001 0 0.6479166671875001 0 0.9979166671874999
1 0.2796875 0.5479166671875 0.271875 0.5479166671875 0.2703125 0.5458333328125 0.259375 0.5520833328125 0.2578125 0.5791666671875 0.284375 0.5791666671875 0.2796875 0.5479166671875
1 0.2921875 0.2166666671875 0.303125 0.20208333281250002 0.325 0.21458333281250003 0.3234375 0.1729166671875 0.2921875 0.15625 0.284375 0.15625 0.2515625 0.1583333328125 0.25565978125 0.33970629531249996 0.259375 0.3083333328125 0.265625 0.2875 0.29375 0.25625 0.2921875 0.2166666671875
1 0.2703125 0.3729166671875 0.25588867187500003 0.3498385421875 0.259375 0.5041666671875 0.265625 0.46875 0.2703125 0.45416666718750004 0.2796875 0.45 0.28125 0.43541666718750005 0.2671875 0.41041666718750003 0.2703125 0.3729166671875
1 0.9578125 0.2979166671875 0.946875 0.325 0.9578125 0.3458333328125 0.959375 0.2979166671875 0.9578125 0.2979166671875
1 0.9609375 0.55625 0.959375 0.3645833328125 0.9546875 0.3645833328125 0.95 0.3708333328125 0.95625 0.425 0.953125 0.5291666671875 0.9609375 0.55625
1 0.921875 0.5666666671875 0.9265625 0.5583333328125 0.91875 0.4458333328125 0.9125 0.425 0.9109375 0.42291666718750004 0.8921875 0.5479166671875 0.8921875 0.5645833328125 0.90625 0.56875 0.921875 0.5666666671875
1 0.8953125 0.18125 0.90625 0.1708333328125 0.921875 0.1708333328125 0.93125 0.1854166671875 0.928125 0.22291666718749997 0.953125 0.24375 0.959375 0.27291666718749996 0.9609375 0.16458333281249998 0.940625 0.1583333328125 0.9296875 0.1583333328125 0.8796875 0.16875 0.8796875 0.2375 0.896875 0.22291666718749997 0.8953125 0.18125
10 0.39375 0.28958333281250004 0.390625 0.3458333328125 0.4015625 0.39791666718749996 0.3984375 0.42291666718750004 0.4078125 0.4770833328125 0.4109375 0.5604166671875 0.4046875 0.5833333328125 0.415625 0.5895833328125 0.4359375 0.5791666671875 0.425 0.575 0.4234375 0.5604166671875 0.434375 0.46458333281249997 0.44375 0.48125 0.4515625 0.5354166671875 0.4515625 0.5854166671875001 0.4875 0.575 0.48125 0.5645833328125 0.4734375 0.5708333328124999 0.4625 0.5604166671875 0.4625 0.48333333281249996 0.471875 0.43541666718750005 0.4671875 0.4 0.4734375 0.36875 0.4734375 0.2958333328125 0.46875 0.2770833328125 0.44375 0.2479166671875 0.44375 0.20833333281250002 0.434375 0.19583333281249998 0.4265625 0.19583333281249998 0.4140625 0.20625 0.4203125 0.2520833328125 0.3984375 0.275 0.39375 0.28958333281250004
11 0 0 0.003125 0.6333333328124999 0.071875 0.63125 0.08125 0.6229166671875 0.0734375 0.4583333328125 0.0703125 0 0.0625 0 0 0