10 0.121875 0 0.1046875 0.05208333281250001 0.109375 0.16458333281249998 0.1234375 0.21875 0.11875 0.28125 0.1359375 0.3416666671875 0.140625 0.4145833328125 0.128125 0.5375 0.1375 0.6625 0.1265625 0.69375 0.1546875 0.7 0.1875 0.6875 0.1859375 0.7041666671875 0.19375 0.7104166671875001 0.2703125 0.7041666671875 0.2984375 0.6833333328125 0.29375 0.6729166671875 0.275 0.6708333328125 0.253125 0.65625 0.2390625 0.6145833328125 0.2421875 0.49375 0.25625 0.4625 0.2609375 0.3625 0.2703125 0.32083333281250004 0.2640625 0.1583333328125 0.2484375 0.0791666671875 0.24375 0 0.23562500000000003 0 0.121875 0
15 0.35 0.6458333328125 0.3265625 0.6541666671875 0.2921875 0.6458333328125 0.290625 0.6604166671875 0.303125 0.6833333328125 0.296875 0.6958333328124999 0.28125 0.7083333328125 0.2203125 0.7145833328125 0.21875 0.7208333328125 0.19375 0.7208333328125 0.1765625 0.7 0.128125 0.70625 0.1203125 0.6958333328124999 0.1296875 0.66875 0.1296875 0.6125 0.1203125 0.5666666671875 0.0953125 0.5708333328124999 0.08125 0.5604166671875 0.040625 0.5645833328125 0.0453125 0.575 0.040625 0.59375 0.0015625 0.59375 0 0.9979166671874999 0.7609375 0.9979166671874999 0.759375 0.98125 0.703125 0.8916666671875 0.7046875 0.8854166671874999 0.6734375 0.84375 0.65625 0.8 0.659375 0.6645833328124999 0.65 0.6520833328125 0.653125 0.625 0.64375 0.6208333328125 0.6453125 0.6125 0.640625 0.6208333328125 0.6375 0.6083333328125 0.665625 0.60625 0.6671875 0.5979166671875 0.6578125 0.6041666671875 0.653125 0.5958333328125 0.6390625 0.5979166671875 0.6140625 0.5854166671875001 0.590625 0.5645833328125 0.5359375 0.5395833328124999 0.528125 0.525 0.5171875 0.5229166671875001 0.5078125 0.53125 0.496875 0.5208333328125 0.4328125 0.51875 0.428125 0.51875 0.3296875 0.5333333328125 0.328125 0.6 0.35 0.6270833328125 0.35 0.6458333328125
10 0.3796875 0.5041666671875 0.3828125 0.5145833328125 0.3875 0.5083333328124999 0.3828125 0.4583333328125 0.3921875 0.43333333281249997 0.371875 0.3958333328125 0.36875 0.3958333328125 0.365625 0.4625 0.36875 0.5125 0.3734375 0.5166666671875 0.3796875 0.5041666671875
7 0.3734375 0.3416666671875 0.371875 0.3416666671875 0.3703125 0.3541666671875 0.384375 0.36666666718749996 0.3828125 0.35208333281250004 0.3734375 0.3416666671875
7 0.06875 0.2104166671875 0.0640625 0.2 0.0328125 0.19375 0.025 0.19375 0.009375 0.20625 0.0328125 0.21875 0.0609375 0.21875 0.06875 0.2104166671875
10 0.0953125 0.3729166671875 0.1046875 0.3854166671875 0.109375 0.5291666671875 0.0984375 0.5541666671875001 0.1046875 0.5583333328125 0.1203125 0.5520833328125 0.1375 0.43125 0.1328125 0.3416666671875 0.1171875 0.2916666671875 0.115625 0.2916666671875 0.1171875 0.3145833328125 0.103125 0.3270833328125 0.0953125 0.35208333281250004 0.0953125 0.3729166671875
4 0 0.5791666671875 0.0375 0.5854166671875001 0.028125 0.5604166671875 0.03125 0.5541666671875001 0.090625 0.5541666671875001 0.103125 0.54375 0.0875 0.4895833328125 0.0890625 0.44166666718750003 0.1 0.40833333281249995 0.0890625 0.40208333281249997 0.03125 0.40208333281249997 0.0453125 0.4375 0.05 0.49375 0.0421875 0.5270833328125 0.0234375 0.5479166671875 0.0109375 0.5 0.0109375 0.44375 0.021875 0.3916666671875 0.0359375 0.36666666718749996 0.0078125 0.3541666671875 0 0.3541666671875 0 0.5791666671875
7 0.10390625 0.2916666671875 0.0875 0.3 0.1109375 0.30625 0.1125 0.2916666671875 0.10390625 0.2916666671875
7 0.4234375 0.1916666671875 0.4328125 0.18125 0.4265625 0.1666666671875 0.3890625 0.1604166671875 0.3859375 0.1604166671875 0.36875 0.1666666671875 0.3734375 0.1875 0.4046875 0.19375 0.4234375 0.1916666671875
10 0.2765625 0.2979166671875 0.26875 0.3854166671875 0.275 0.4145833328125 0.2734375 0.5125 0.2421875 0.6083333328125 0.2546875 0.6520833328125 0.2625 0.5958333328125 0.29375 0.5458333328125 0.296875 0.5979166671875 0.290625 0.6395833328125 0.3453125 0.64375 0.346875 0.6333333328124999 0.3171875 0.60625 0.3203125 0.5520833328125 0.328125 0.5166666671875 0.359375 0.5125 0.35625 0.38333333281250004 0.3453125 0.3270833328125 0.35625 0.28958333281250004 0.35 0.20208333281250002 0.328125 0.1125 0.309375 0.08541666718749999 0.3 0.08541666718749999 0.2859375 0.0958333328125 0.26875 0.1458333328125 0.2671875 0.22291666718749997 0.2765625 0.2979166671875
7 0.615625 0.19375 0.6609375 0.1875 0.665625 0.17916666718750002 0.6625 0.1666666671875 0.65 0.1604166671875 0.640625 0.1604166671875 0.6140625 0.16458333281249998 0.603125 0.1729166671875 0.603125 0.1854166671875 0.615625 0.19375
16 0.8546875 0 0.8453125 0.00625 0.8421875 0.0270833328125 0.8265625 0.0354166671875 0.79375 0.075 0.7921875 0.08541666718749999 0.746875 0.1458333328125 0.7296875 0.1583333328125 0.678125 0.23541666718749998 0.678125 0.725 0.6609375 0.7333333328125 0.659375 0.7958333328125 0.759375 0.9708333328125001 0.78125 0.9979166671874999 0.9984375 0.9979166671874999 0.9984375 0 0.9904513890625 0 0.8546875 0
7 0.6890625 0.0979166671875 0.71875 0.0895833328125 0.7328125 0.0770833328125 0.728125 0.05 0.7 0.0416666671875 0.6859375 0.0416666671875 0.653125 0.054166667187499996 0.6421875 0.075 0.6453125 0.0895833328125 0.6890625 0.0979166671875
12 0.540625 0.45625 0.5421875 0.5270833328125 0.5796875 0.5583333328125 0.634375 0.5854166671875001 0.6765625 0.5895833328125 0.6765625 0.39791666718749996 0.65625 0.3958333328125 0.653125 0.40416666718750005 0.6375 0.40416666718750005 0.6328125 0.3958333328125 0.6265625 0.3958333328125 0.60625 0.42083333281249996 0.59375 0.42083333281249996 0.5859375 0.43333333281249997 0.540625 0.45625
10 0.5375 0.5166666671875 0.5390625 0.4458333328125 0.534375 0.44166666718750003 0.5234375 0.44166666718750003 0.521875 0.47083333281249995 0.53125 0.4791666671875 0.53125 0.5166666671875 0.5375 0.5166666671875