11 0.33828125 0.4625 0.1421875 0.2875
11 0.21953125 0.34375 0.0828125 0.52109375
18 0.7953125 0.346875 0.334375 0.34375
5 0.74765625 0.40546875 0.0796875 0.21875
15 0.49921875 0.75 0.9984375 0.49140625
7 0.1390625 0.075 0.084375 0.04609375
7 0.728125 0.265625 0.025 0.04765625
7 0.228125 0.35234375 0.059375 0.12109375
7 0.31171875 0.13203125 0.0484375 0.03125
7 0.42109375 0.20546875 0.0546875 0.02734375
7 0.41796875 0.14296875 0.0265625 0.02265625
7 0.3609375 0.22265625 0.021875 0.01640625
7 0.2953125 0.18359375 0.04375 0.025
7 0.14453125 0.00390625 0.0390625 0.0078125
7 0.871875 0.134375 0.025 0.02265625
10 0.38046875 0.4 0.0828125 0.3375
10 0.6046875 0.42421875 0.075 0.26484375
10 0.67421875 0.415625 0.0484375 0.23515625
10 0.27265625 0.41875 0.0390625 0.25859375
10 0.15390625 0.43203125 0.0609375 0.32734375
10 0.65390625 0.43125 0.0484375 0.225