15 0 0.9979166671874999 0.9984375 0.9979166671874999 0.9984375 0.6145833328125 0.99375 0.60625 0.9859375 0.6125 0.9828125 0.60625 0.9234375 0.6 0.9203125 0.5854166671875001 0.940625 0.575 0.9328125 0.5666666671875 0.9109375 0.575 0.9078125 0.5645833328125 0.8046875 0.5625 0.7796875 0.5729166671875 0.778125 0.6395833328125 0.725 0.6395833328125 0.7171875 0.6479166671875001 0.634375 0.6458333328125 0.6125 0.6291666671875 0.5921875 0.5916666671875 0.6015625 0.56875 0.5921875 0.5458333328125 0.578125 0.54375 0.56875 0.5541666671875001 0.559375 0.5354166671875 0.534375 0.5270833328125 0.503125 0.5291666671875 0.5015625 0.5270833328125 0.4703125 0.5354166671875 0.4703125 0.5541666671875001 0.4828125 0.5645833328125 0.48125 0.5854166671875001 0.434375 0.6020833328124999 0.41875 0.59375 0.3953125 0.5979166671875 0.3890625 0.5895833328125 0.390625 0.5583333328125 0.3796875 0.5395833328124999 0.3453125 0.5458333328125 0.3453125 0.5875 0.3328125 0.6083333328125 0.325 0.5895833328125 0.325 0.5479166671875 0.309375 0.5479166671875 0.29375 0.5625 0.2828125 0.5625 0.278125 0.5916666671875 0.234375 0.5916666671875 0.2328125 0.60625 0.2203125 0.6125 0.2015625 0.59375 0.16875 0.59375 0.1625 0.5854166671875001 0.0875 0.5833333328125 0.0796875 0.575 0.0734375 0.58125 0.0515625 0.5791666671875 0.040625 0.5895833328125 0.0359375 0.56875 0 0.56875 0 0.9979166671874999
7 0 0.1270833328125 0.0375 0.1416666671875 0.0734375 0.13333333281249998 0.065625 0.1145833328125 0.0328125 0.1041666671875 0.02265625 0.1041666671875 0 0.10833333281249999 0 0.1270833328125
7 0.66875 0.1604166671875 0.6640625 0.1604166671875 0.65625 0.1770833328125 0.665625 0.1875 0.671875 0.17916666718750002 0.66875 0.1604166671875
7 0 0.24583333281250003 0.03125 0.2416666671875 0.0296875 0.23125 0.0109375 0.225 0 0.225 0 0.24583333281250003
7 0.1046875 0.21875 0.103125 0.2104166671875 0.0828125 0.20208333281250002 0.07291666718749999 0.20208333281250002 0.053125 0.20208333281250002 0.0453125 0.2125 0.06875 0.225 0.1046875 0.21875
10 0.3890625 0.3645833328125 0.4015625 0.40208333281249997 0.3984375 0.43541666718750005 0.4046875 0.45416666718750004 0.3953125 0.5854166671875001 0.403125 0.5875 0.4140625 0.5708333328124999 0.4328125 0.5916666671875 0.45 0.5833333328125 0.44375 0.56875 0.4375 0.56875 0.4375 0.5541666671875001 0.44375 0.5354166671875 0.4390625 0.525 0.4515625 0.4895833328125 0.45625 0.3791666671875 0.45 0.3083333328125 0.434375 0.2833333328125 0.4359375 0.2479166671875 0.425 0.23541666718749998 0.4171875 0.23541666718749998 0.409375 0.24375 0.4125 0.2791666671875 0.3890625 0.3229166671875 0.3890625 0.3645833328125
10 0.5734375 0.4895833328125 0.58125 0.4625 0.5671875 0.43333333281249997 0.565625 0.43333333281249997 0.553125 0.4583333328125 0.5640625 0.53125 0.5734375 0.525 0.5734375 0.4895833328125
14 0.171875 0.475 0.190625 0.46875 0.196875 0.4791666671875 0.1953125 0.5625 0.1875 0.5583333328125 0.1890625 0.5479166671875 0.1734375 0.55625 0.178125 0.5395833328124999 0.1703125 0.48541666718750004 0.1734375 0.5833333328125 0.209375 0.5645833328125 0.2203125 0.60625 0.2296875 0.5770833328125 0.25625 0.575 0.275 0.5833333328125 0.2796875 0.5583333328125 0.278125 0.47291666718750003 0.29375 0.4604166671875 0.31875 0.46875 0.3265625 0.48125 0.3296875 0.5958333328125 0.3390625 0.5958333328125 0.3390625 0.46875 0.3421875 0.45416666718750004 0.35 0.45 0.35 0.4375 0.2515625 0.4291666671875 0.2609375 0.4 0.2578125 0.39375 0.1734375 0.3895833328125 0.159375 0.375 0.1578125 0.3729166671875 0.196875 0.44166666718750003 0.153125 0.45625 0.1703125 0.4583333328125 0.171875 0.475
10 0.265625 0.48541666718750004 0.259375 0.48125 0.259375 0.5125 0.2671875 0.5291666671875 0.265625 0.48541666718750004
10 0.2875 0.54375 0.2953125 0.5479166671875 0.3 0.53125 0.290625 0.46666666718750005 0.28125 0.46666666718750005 0.2796875 0.5395833328124999 0.284375 0.5395833328124999 0.2859375 0.5145833328125 0.2875 0.54375
10 0.2984375 0.39375 0.2890625 0.36666666718749996 0.2828125 0.36666666718749996 0.2625 0.40833333281249995 0.26875 0.4291666671875 0.2953125 0.4291666671875 0.2984375 0.39375
10 0.0375 0.5375 0.04375 0.4875 0.05625 0.50625 0.0609375 0.5375 0.0765625 0.5375 0.0828125 0.49791666718750005 0.0734375 0.4895833328125 0.0640625 0.4375 0.0578125 0.4375 0.025 0.48333333281249996 0.01875 0.525 0.0234375 0.5395833328124999 0.0375 0.5375
7 0.415625 0.0895833328125 0.4421875 0.0895833328125 0.465625 0.0770833328125 0.4671875 0.05625 0.459375 0.0395833328125 0.4265625 0.029166667187500002 0.425 0.029166667187500002 0.3796875 0.0458333328125 0.375 0.0666666671875 0.3921875 0.08333333281250001 0.415625 0.0895833328125
7 0.778125 0 0.7734375 0.0395833328125 0.7859375 0.04375 0.790625 0.0354166671875 0.7984375 0.05 0.7859375 0.06875 0.775 0.0666666671875 0.775 0.075 0.7828125 0.0791666671875 0.7765625 0.0875 0.78125 0.10625 0.8015625 0.07083333281250001 0.8328125 0.06875 0.8375 0.060416667187499995 0.8296875 0.054166667187499996 0.8328125 0.0458333328125 0.8265625 0.054166667187499996 0.81875 0.05208333281250001 0.8375 0.025 0.8328125 0.0416666671875 0.8421875 0.0333333328125 0.8578125 0.0083333328125 0.8453125 0.01875 0.8515625 0 0.80625 0 0.7984375 0.014583332812499999 0.796875 0 0.7875 0 0.778125 0
7 0.590625 0 0.5828125 0.0375 0.5859375 0.05208333281250001 0.578125 0.0666666671875 0.665625 0.06875 0.6609375 0.054166667187499996 0.5953125 0.05625 0.5921875 0.04375 0.66875 0.0375 0.6703125 0 0.66234375 0 0.590625 0
16 0.603125 0.5916666671875 0.6109375 0.6166666671875001 0.634375 0.6375 0.7125 0.6375 0.7171875 0.63125 0.7171875 0.6083333328125 0.709375 0.59375 0.7078125 0.43958333281249995 0.7 0.3958333328125 0.691796875 0.3958333328125 0.634375 0.3958333328125 0.6078125 0.42083333281249996 0.6078125 0.5770833328125 0.603125 0.5916666671875
11 0.134375 0.5541666671875001 0.153125 0.5479166671875 0.153125 0.4625 0.146875 0.42291666718750004 0.153125 0.35625 0.153125 0.23541666718749998 0.190625 0.23125 0.190625 0.1541666671875 0.178125 0.1395833328125 0.1609375 0.1375 0.1578125 0.1375 0.125 0.1395833328125 0.1203125 0.1604166671875 0.1234375 0.5458333328125 0.134375 0.5541666671875001
11 0.7558238640625 0 0.671875 0.0020833328125000002 0.6703125 0.38125 0.6734375 0.3895833328125 0.7 0.3916666671875 0.709375 0.40416666718750005 0.7109375 0.5979166671875 0.7203125 0.6083333328125 0.771875 0.6041666671875 0.7734375 0.0166666671875 0.7640625 0 0.7558238640625 0
10 0.2015625 0.33125 0.2046875 0.3125 0.196875 0.3020833328125 0.1921875 0.3020833328125 0.1921875 0.3854166671875 0.2203125 0.3854166671875 0.21875 0.3604166671875 0.2015625 0.33125