11 0.08203125 0.45390625 0.1640625 0.3875
15 0.4984375 0.74921875 0.996875 0.49375
7 0.14453125 0.01796875 0.0671875 0.03515625
7 0.9546875 0.07734375 0.0875 0.05
7 0.621875 0.33046875 0.01875 0.02734375
7 0.4140625 0.290625 0.0375 0.01875
7 0.2484375 0.15390625 0.065625 0.03359375
7 0.65546875 0.10703125 0.0796875 0.04375
7 0.6109375 0.49140625 0.021875 0.0375
7 0.3 0.20234375 0.025 0.01640625
7 0.36015625 0.25625 0.0328125 0.01640625
7 0.16171875 0.18515625 0.0453125 0.02109375
7 0.4265625 0.2625 0.01875 0.0125
7 0.275 0.23046875 0.0375 0.02265625
7 0.165625 0.15703125 0.028125 0.01875
7 0.3375 0.278125 0.021875 0.01484375
10 0.2984375 0.39375 0.08125 0.3625
10 0.41328125 0.43984375 0.0484375 0.19140625
10 0.35234375 0.440625 0.0234375 0.13984375
10 0.1875 0.4125 0.06875 0.33359375