10 0.1765625 0.3458333328125 0.1625 0.3145833328125 0.16875 0.30416666718749996 0.1578125 0.3 0.15625 0.3104166671875 0.15 0.3083333328125 0.15625 0.2875 0.1453125 0.2708333328125 0.1453125 0.2666666671875 0.1390625 0.27291666718749996 0.1375 0.3625 0.171875 0.3645833328125 0.1765625 0.3458333328125
7 0.1984375 0.3270833328125 0.196875 0.3270833328125 0.1875 0.3333333328125 0.2046875 0.3375 0.20625 0.33125 0.1984375 0.3270833328125
7 0.2265625 0.3166666671875 0.215625 0.3166666671875 0.2109375 0.3270833328125 0.2328125 0.3291666671875 0.234375 0.32083333281250004 0.2265625 0.3166666671875
14 0.09375 0.4458333328125 0.125 0.44166666718750003 0.125 0.43541666718750005 0.1390625 0.44166666718750003 0.134375 0.45416666718750004 0.109375 0.45625 0.1421875 0.4604166671875 0.14375 0.6125 0.153125 0.6104166671875 0.1546875 0.5875 0.153125 0.4604166671875 0.146875 0.45416666718750004 0.153125 0.45416666718750004 0.159375 0.43333333281249997 0.171875 0.4375 0.1765625 0.46458333281249997 0.1890625 0.45208333281249996 0.1921875 0.4583333328125 0.2015625 0.45208333281249996 0.2234375 0.4583333328125 0.2296875 0.45 0.2796875 0.4604166671875 0.28125 0.60625 0.2875 0.6083333328125 0.29375 0.5354166671875 0.2921875 0.43958333281249995 0.30625 0.43958333281249995 0.3078125 0.42291666718750004 0.2890625 0.4145833328125 0.2234375 0.42083333281249996 0.2140625 0.4125 0.190625 0.4125 0.1890625 0.41041666718750003 0.1328125 0.41875 0.10625 0.4375 0.0875 0.43958333281249995 0.09375 0.4458333328125
5 0.4578125 0.5020833328125 0.496875 0.5166666671875 0.5296875 0.5125 0.5296875 0.3604166671875 0.4796875 0.3583333328125 0.471875 0.3583333328125 0.4515625 0.3604166671875 0.45 0.39375 0.4578125 0.41041666718750003 0.4578125 0.5020833328125
15 0 0.9979166671874999 0.9984375 0.9979166671874999 0.9984375 0.6166666671875001 0.971875 0.6145833328125 0.953125 0.6020833328124999 0.9671875 0.59375 0.99375 0.5979166671875 0.9984375 0.58125 0.9625 0.5708333328124999 0.9265625 0.5791666671875 0.915625 0.56875 0.8609375 0.5708333328124999 0.85625 0.5645833328125 0.828125 0.575 0.8140625 0.5645833328125 0.8109375 0.61875 0.81875 0.6270833328125 0.815625 0.6375 0.8203125 0.6458333328125 0.80625 0.6854166671875 0.8015625 0.6791666671875001 0.75 0.6791666671875001 0.746875 0.6729166671875 0.7421875 0.6791666671875001 0.7203125 0.6729166671875 0.634375 0.6770833328125 0.60625 0.6333333328124999 0.59375 0.6270833328125 0.5921875 0.5791666671875 0.5984375 0.5645833328125 0.5890625 0.55 0.5640625 0.5479166671875 0.55 0.53125 0.5375 0.5333333328125 0.521875 0.5229166671875001 0.4859375 0.5229166671875001 0.4765625 0.5229166671875001 0.4390625 0.5270833328125 0.4390625 0.5583333328125 0.4515625 0.5625 0.4515625 0.5854166671875001 0.434375 0.6083333328125 0.4078125 0.6145833328125 0.4046875 0.6083333328125 0.359375 0.6083333328125 0.3515625 0.5916666671875 0.353125 0.5520833328125 0.340625 0.5395833328124999 0.296875 0.5479166671875 0.296875 0.60625 0.2875 0.6166666671875001 0.2765625 0.6020833328124999 0.2765625 0.55 0.2375 0.55625 0.228125 0.5979166671875 0.2125 0.5916666671875 0.165625 0.5958333328125 0.153125 0.6229166671875 0.14375 0.6229166671875 0.1375 0.6020833328124999 0.0765625 0.5854166671875001 0.065625 0.5916666671875 0.0390625 0.58125 0.0359375 0.5729166671875 0.025 0.5895833328125 0.0203125 0.5791666671875 0.0125 0.5916666671875 0.0046875 0.5854166671875001 0 0.5916666671875 0 0.9979166671874999
7 0.378125 0 0.359375 0.010416667187500001 0.353125 0.03125 0.3859375 0.05625 0.4359375 0.05625 0.453125 0.0416666671875 0.453125 0.025 0.4328125 0 0.425 0 0.378125 0
10 0.265625 0.41041666718750003 0.2703125 0.40208333281249997 0.271875 0.3875 0.259375 0.34375 0.253125 0.34375 0.253125 0.3604166671875 0.2390625 0.3854166671875 0.2359375 0.41041666718750003 0.265625 0.41041666718750003
7 0.2609375 0.3395833328125 0.2640625 0.35 0.271875 0.3479166671875 0.271875 0.3395833328125 0.2609375 0.3395833328125
7 0.26875 0.325 0.2671875 0.3333333328125 0.278125 0.3333333328125 0.278125 0.325 0.26875 0.325
10 0.3453125 0.2916666671875 0.34375 0.3479166671875 0.35625 0.38125 0.3609375 0.42291666718750004 0.3625 0.5666666671875 0.3578125 0.5916666671875 0.3796875 0.59375 0.384375 0.575 0.3921875 0.5979166671875 0.434375 0.5979166671875 0.4296875 0.5895833328125 0.434375 0.5854166671875001 0.421875 0.58125 0.43125 0.5666666671875 0.4234375 0.575 0.4140625 0.56875 0.4109375 0.5 0.4234375 0.4270833328125 0.421875 0.39791666718749996 0.4265625 0.3895833328125 0.434375 0.39375 0.4359375 0.3854166671875 0.4359375 0.32083333281250004 0.4234375 0.2604166671875 0.4046875 0.24375 0.409375 0.20625 0.3953125 0.1895833328125 0.384375 0.1895833328125 0.378125 0.2 0.3796875 0.23958333281250002 0.353125 0.2708333328125 0.3453125 0.2916666671875
10 0.2703125 0.5083333328124999 0.265625 0.4604166671875 0.24375 0.45625 0.2390625 0.45625 0.2421875 0.5208333328125 0.2375 0.5416666671875 0.2640625 0.54375 0.2703125 0.5083333328124999
10 0.5734375 0.45416666718750004 0.5640625 0.425 0.5625 0.425 0.55 0.45416666718750004 0.559375 0.525 0.5625 0.47291666718750003 0.5734375 0.45416666718750004
7 0 0.0979166671875 0.00625 0.0979166671875 0.015625 0.0916666671875 0.0171875 0.08125 0.0015625 0.0645833328125 0 0.0645833328125 0 0.0979166671875
7 0.6796875 0.1395833328125 0.6765625 0.1354166671875 0.65625 0.1458333328125 0.6546875 0.1666666671875 0.678125 0.1729166671875 0.6796875 0.1395833328125
7 0.1640625 0.29375 0.1953125 0.2958333328125 0.1859375 0.2854166671875 0.1875 0.2666666671875 0.1765625 0.2625 0.1677083328125 0.2625 0.15 0.2625 0.1484375 0.2708333328125 0.165625 0.2854166671875 0.1640625 0.29375
7 0 0.1895833328125 0.009375 0.19375 0.0484375 0.1979166671875 0.059375 0.1916666671875 0.059375 0.18125 0.046875 0.1729166671875 0.003125 0.16875 0 0.16875 0 0.1895833328125
7 0.5796875 0 0.5703125 0.04375 0.6765625 0.05208333281250001 0.6828125 0 0.6748798078125 0 0.5796875 0
10 0 0.46666666718750005 0.00625 0.475 0.028056853124999996 0.47707684375000003 0.0265625 0.43125 0.0203125 0.425 0.0171875 0.425 0 0.4458333328125 0 0.46666666718750005
10 0.0296875 0.53125 0.04375 0.49375 0.028125 0.4791666671875 0.028059210937500002 0.47714912343749993 0.015625 0.4895833328125 0.015625 0.50625 0.0203125 0.5083333328124999 0.015625 0.5125 0.03125 0.5145833328125 0.0203125 0.5229166671875001 0.0296875 0.53125
11 0.0921875 0.45416666718750004 0.0859375 0.44166666718750003 0.09375 0.43125 0.09375 0.20416666718749998 0.0984375 0.1916666671875 0.1109375 0.1854166671875 0.1375 0.1916666671875 0.1453125 0.2479166671875 0.1484375 0.1125 0.1359375 0.0979166671875 0.0765625 0.0979166671875 0.075 0.0958333328125 0.0703125 0.1395833328125 0.0703125 0.54375 0.090625 0.5479166671875 0.0921875 0.45416666718750004
11 0.6859375 0 0.678125 0.3583333328125 0.68125 0.3645833328125 0.721875 0.3645833328125 0.7375 0.3729166671875 0.73125 0.3770833328125 0.734375 0.49791666718750005 0.715625 0.5020833328125 0.721875 0.5083333328124999 0.725 0.5020833328125 0.7328125 0.5145833328125 0.73125 0.625 0.75 0.6291666671875 0.7984375 0.63125 0.80625 0.6229166671875 0.809375 0 0.8011458328125001 0 0.6859375 0
16 0.6375 0.6666666671875 0.74375 0.66875 0.7453125 0.6333333328124999 0.734375 0.6145833328125 0.7328125 0.41875 0.7203125 0.38333333281250004 0.7234375 0.3770833328125 0.6515625 0.3645833328125 0.65 0.3645833328125 0.640625 0.36666666718749996 0.6078125 0.40416666718750005 0.5984375 0.6166666671875001 0.6375 0.6666666671875
16 0.634375 0.625 0.734375 0.625 0.7296875 0.3791666671875 0.721875 0.36875 0.6921875 0.36666666718749996 0.6838541671875 0.36666666718749996 0.6421875 0.36666666718749996 0.60625 0.40416666718750005 0.6015625 0.5875 0.634375 0.625