7 0.068359375 0.2747395828125 0.0869140625 0.2890625 0.111328125 0.2877604171875 0.115234375 0.27734375 0.1083984375 0.2708333328125 0.0771484375 0.2682291671875 0.068359375 0.2747395828125
12 0.6884765625 0.3020833328125 0.52734375 0.44140625 0.525390625 0.5169270828125 0.5302734375 0.53125 0.7177734375 0.6223958328125 0.759765625 0.62109375 1 0.6158854171875 0.9990234375 0.2760416671875 0.7275390625 0.2760416671875 0.6884765625 0.3020833328125
5 0.421875 0.5143229171875 0.42578125 0.3736979171875 0.3798828125 0.3697916671875 0.376953125 0.5143229171875 0.421875 0.5143229171875
15 0 0.9934895828125001 0.0048828125 0.9973958328125001 0.99609375 0.99609375 1 0.6705729171875 0.9951171875 0.6822916671875 0.9833984375 0.6822916671875 0.9755859375 0.6510416671875 0.9150390625 0.6510416671875 0.9052734375 0.6588541671875 0.8837890625 0.6510416671875 0.8662109375 0.671875 0.8427734375 0.6536458328125 0.8349609375 0.6536458328125 0.8330078125 0.6614583328125 0.8212890625 0.6510416671875 0.8193359375 0.6770833328125 0.7802734375 0.6796875 0.775390625 0.6627604171875 0.779296875 0.6497395828125 0.7744140625 0.6458333328125 0.7666015625 0.6770833328125 0.744140625 0.6783854171875 0.7646484375 0.671875 0.7626953125 0.6640625 0.7197265625 0.6744791671875 0.7119140625 0.6614583328125 0.7001953125 0.6640625 0.5615234375 0.5729166671875 0.5244140625 0.5416666671875 0.5166015625 0.5234375 0.4794921875 0.5260416671875 0.4697265625 0.5182291671875 0.3310546875 0.5260416671875 0.3251953125 0.5416666671875 0.3154296875 0.5338541671875 0.2763671875 0.5338541671875 0.2529296875 0.5416666671875 0.1650390625 0.5442708328125 0.1318359375 0.5625 0 0.5638020828125 0 0.9934895828125001
7 0.603515625 0.1080729171875 0.603515625 0.12109375 0.6162109375 0.1302083328125 0.65234375 0.12890625 0.6796875 0.1158854171875 0.6728515625 0.09114583281250001 0.6240234375 0.08854166718749999 0.603515625 0.1080729171875
7 0.349609375 0.34765625 0.3330078125 0.3203125 0.326171875 0.3216145828125 0.3408203125 0.3463541671875 0.349609375 0.34765625
7 0.9052734375 0.1015625 0.88671875 0.1158854171875 0.8935546875 0.1328125 0.94140625 0.1341145828125 0.9619140625 0.1276041671875 0.966796875 0.11328125 0.9501953125 0.1015625 0.9052734375 0.1015625
7 0.037109375 0.24609375 0.0302734375 0.22916666718749998 0 0.23046875 0.0107421875 0.24739583281250002 0.037109375 0.24609375
7 0.111328125 0.2565104171875 0.1083984375 0.2421875 0.087890625 0.24348958281250002 0.0947265625 0.2578125 0.111328125 0.2565104171875
10 0.134765625 0.3763020828125 0.126953125 0.3606770828125 0.126953125 0.3372395828125 0.1201171875 0.328125 0.1083984375 0.328125 0.091796875 0.3684895828125 0.1015625 0.4622395828125 0.09765625 0.5533854171875 0.134765625 0.5559895828125 0.123046875 0.53515625 0.12890625 0.5247395828125 0.134765625 0.45703125 0.134765625 0.3763020828125
10 0.529296875 0.3893229171875 0.529296875 0.4049479171875 0.513671875 0.4309895828125 0.521484375 0.4778645828125 0.521484375 0.4388020828125 0.546875 0.41796875 0.5361328125 0.3880208328125 0.529296875 0.3893229171875
10 0.2978515625 0.3958333328125 0.2900390625 0.3958333328125 0.28515625 0.4309895828125 0.294921875 0.49609375 0.29296875 0.5247395828125 0.314453125 0.52734375 0.302734375 0.4908854171875 0.30859375 0.4622395828125 0.306640625 0.4153645828125 0.2978515625 0.3958333328125