15 1 0.8346354171874999 0.962890625 0.8216145828125001 0.966796875 0.7408854171875 0.9306640625 0.6614583328125 0.9287109375 0.6692708328125 0.9130859375 0.671875 0.787109375 0.6783854171875 0.765625 0.7252604171875 0.76171875 0.7486979171875 0.775390625 0.80859375 0.810546875 0.8450520828125001 0.814453125 0.8736979171874999 0.8095703125 0.8854166671874999 0.7978515625 0.890625 0.7666015625 0.8932291671874999 0.6748046875 0.8255208328125001 0.658203125 0.8033854171874999 0.66015625 0.7825520828125 0.693359375 0.7252604171875 0.7109375 0.67578125 0.6728515625 0.6484375 0.6650390625 0.6328125 0.5654296875 0.5729166671875 0.5185546875 0.5260416671875 0.4365234375 0.5182291671875 0.3447265625 0.5260416671875 0.3330078125 0.5390625 0.3212890625 0.5338541671875 0.1923828125 0.546875 0.1865234375 0.5546875 0.1767578125 0.5494791671875 0.1708984375 0.5625 0.1396484375 0.5572916671875 0 0.5638020828125 0.0009765625 0.9973958328125001 0.2685546875 0.9973958328125001 0.2744140625 0.9895833328125001 0.2783203125 0.9973958328125001 1 0.99609375 1 0.8346354171874999
10 0.2900390625 0.3828125 0.28515625 0.39453125 0.296875 0.4127604171875 0.296875 0.43359375 0.279296875 0.45703125 0.296875 0.4544270828125 0.30078125 0.52734375 0.31640625 0.5299479171875 0.32421875 0.5247395828125 0.3125 0.4908854171875 0.318359375 0.4153645828125 0.2900390625 0.3828125
5 0.333984375 0.4908854171875 0.3359375 0.5169270828125 0.376953125 0.5169270828125 0.376953125 0.3736979171875 0.3271484375 0.3697916671875 0.32421875 0.48046875 0.333984375 0.4908854171875
10 0.07421875 0.37890625 0.080078125 0.3502604171875 0.0634765625 0.34375 0.04296875 0.3893229171875 0.05078125 0.4127604171875 0.048828125 0.4544270828125 0.072265625 0.45703125 0.05859375 0.4127604171875 0.0810546875 0.4088541671875 0.083984375 0.3997395828125 0.07421875 0.37890625
7 0.0546875 0.29296875 0.0537109375 0.28125 0.0390625 0.2825520828125 0.0419921875 0.2942708328125 0.0546875 0.29296875
10 0.142578125 0.4075520828125 0.125 0.36328125 0.125 0.33984375 0.1083984375 0.3307291671875 0.091796875 0.3841145828125 0.099609375 0.41015625 0.09765625 0.4440104171875 0.11328125 0.5559895828125 0.1201171875 0.5572916671875 0.12890625 0.5455729171875 0.119140625 0.5299479171875 0.1220703125 0.4791666671875 0.12890625 0.4856770828125 0.146484375 0.55078125 0.16015625 0.5559895828125 0.173828125 0.54296875 0.154296875 0.53515625 0.134765625 0.4309895828125 0.142578125 0.4075520828125
7 0.078125 0.27734375 0.0888671875 0.2890625 0.12109375 0.2877604171875 0.123046875 0.27734375 0.1181640625 0.2734375 0.0888671875 0.2708333328125 0.078125 0.27734375
10 0.21484375 0.4934895828125 0.216796875 0.4778645828125 0.240234375 0.4440104171875 0.2353515625 0.4192708328125 0.224609375 0.4205729171875 0.2197265625 0.4453125 0.2099609375 0.4322916671875 0.20703125 0.4388020828125 0.212890625 0.44921875 0.2001953125 0.4583333328125 0.1923828125 0.4765625 0.16015625 0.4908854171875 0.154296875 0.52734375 0.162109375 0.5299479171875 0.1689453125 0.5078125 0.1826171875 0.5234375 0.1845703125 0.4973958328125 0.21484375 0.4934895828125
5 0.380859375 0.5143229171875 0.41015625 0.5169270828125 0.43359375 0.5091145828125 0.431640625 0.3763020828125 0.3837890625 0.3723958328125 0.380859375 0.5143229171875
7 0.6396484375 0.09114583281250001 0.603515625 0.1106770828125 0.603515625 0.1236979171875 0.6142578125 0.1328125 0.6484375 0.1341145828125 0.6748046875 0.125 0.6796875 0.1184895828125 0.677734375 0.1028645828125 0.6396484375 0.09114583281250001
7 0.6396484375 0.09114583281250001 0.603515625 0.1106770828125 0.603515625 0.1236979171875 0.6142578125 0.1328125 0.646484375 0.1341145828125 0.6748046875 0.125 0.6796875 0.1184895828125 0.677734375 0.1028645828125 0.6396484375 0.09114583281250001
7 0.3349609375 0.09114583281250001 0.322265625 0.1002604171875 0.3291015625 0.1223958328125 0.3486328125 0.1302083328125 0.38671875 0.12890625 0.400390625 0.12109375 0.400390625 0.10546875 0.3916015625 0.09635416718749999 0.3349609375 0.09114583281250001
10 1 0.6966145828125 0.974609375 0.6263020828125 0.978515625 0.5872395828125 0.974609375 0.5716145828125 0.962890625 0.5611979171875 0.953125 0.47265625 0.9296875 0.3841145828125 0.93359375 0.1783854171875 0.916015625 0.0325520828125 0.8994140625 0.013020832812499999 0.8369140625 0.0026041671875 0.7548828125 0.0026041671875 0.72265625 0.014322917187500001 0.71875 0.06119791718749999 0.7470703125 0.125 0.7890625 0.1471354171875 0.77734375 0.22005208281250002 0.77734375 0.3424479171875 0.748046875 0.49609375 0.76171875 0.51953125 0.740234375 0.5716145828125 0.740234375 0.6393229171875 0.73046875 0.66796875 0.671875 0.7643229171875 0.666015625 0.79296875 0.6748046875 0.8177083328125001 0.7451171875 0.8697916671874999 0.7724609375 0.8854166671874999 0.796875 0.8841145828125001 0.80859375 0.8763020828125001 0.8125 0.8606770828125001 0.7734375 0.8138020828125001 0.75 0.7565104171875 0.7734375 0.6966145828125 0.787109375 0.6393229171875 0.81640625 0.6028645828125 0.8388671875 0.5598958328125 0.8505859375 0.5677083328125 0.9091796875 0.5651041671875 0.919921875 0.5716145828125 0.919921875 0.5924479171875 0.9375 0.6549479171875 0.97265625 0.7434895828125 0.966796875 0.81640625 0.9755859375 0.8255208328125001 1 0.82421875 1 0.6966145828125
7 0.78515625 0.6471354171875 0.7880859375 0.671875 0.81640625 0.6731770828125 0.830078125 0.6653645828125 0.8251953125 0.6432291671875 0.7919921875 0.6380208328125 0.78515625 0.6471354171875
7 0.01171875 0.2721354171875 0.01953125 0.2591145828125 0.0009765625 0.2526041671875 0 0.26953125 0.01171875 0.2721354171875
7 0.01171875 0.23567708281250002 0.0166015625 0.24739583281250002 0.041015625 0.24869791718749998 0.048828125 0.24348958281250002 0.0458984375 0.234375 0.0224609375 0.22916666718749998 0.01171875 0.23567708281250002
7 0.3359375 0.3372395828125 0.353515625 0.3502604171875 0.34765625 0.3294270828125 0.3330078125 0.3203125 0.330078125 0.3268229171875 0.3359375 0.3372395828125
7 0.1171875 0.2591145828125 0.1181640625 0.24479166718749998 0.09765625 0.24869791718749998 0.1005859375 0.2578125 0.1171875 0.2591145828125
10 0.521484375 0.4309895828125 0.51953125 0.5221354171875 0.525390625 0.5221354171875 0.52734375 0.4388020828125 0.5546875 0.41796875 0.5419921875 0.3880208328125 0.521484375 0.4309895828125
10 0.0625 0.5403645828125 0.06640625 0.4856770828125 0.0595703125 0.4765625 0.05078125 0.5247395828125 0.0625 0.5403645828125
10 0.216796875 0.4231770828125 0.2353515625 0.4192708328125 0.2412109375 0.4322916671875 0.248046875 0.4309895828125 0.24609375 0.4075520828125 0.2314453125 0.3802083328125 0.21875 0.40234375 0.216796875 0.4231770828125
10 0.248046875 0.42578125 0.2578125 0.43359375 0.2578125 0.4466145828125 0.263671875 0.4466145828125 0.27734375 0.4283854171875 0.267578125 0.40234375 0.2568359375 0.3984375 0.248046875 0.42578125