11 0.075 0.36015625 0.065625 0.44609375
5 0.61875 0.41953125 0.13125 0.18984375
5 0.51796875 0.425 0.0671875 0.19140625
12 0.8921875 0.47578125 0.2125 0.29765625
15 0.4984375 0.75390625 0.996875 0.48359375
7 0.503125 0.296875 0.021875 0.03984375
7 0.12265625 0.153125 0.0484375 0.02734375
7 0.21953125 0.22109375 0.0546875 0.025
7 0.10859375 0.19375 0.0203125 0.02109375
7 0.225 0.16953125 0.028125 0.01875
7 0.15703125 0.23125 0.0234375 0.01640625
10 0.24609375 0.41015625 0.0796875 0.30390625
10 0.459375 0.43359375 0.04375 0.20390625
10 0.41328125 0.434375 0.0390625 0.22734375
10 0.1828125 0.32109375 0.05 0.0625