5 0.471875 0.4145833328125 0.475 0.5020833328125 0.4953125 0.5104166671875 0.546875 0.5125 0.5484375 0.3645833328125 0.4796875 0.3645833328125 0.471875 0.3645833328125 0.465625 0.36666666718749996 0.471875 0.38125 0.465625 0.40833333281249995 0.471875 0.4145833328125
7 0.403125 0.0770833328125 0.4203125 0.08125 0.4546875 0.08125 0.471875 0.07291666718749999 0.4796875 0.058333332812500006 0.475 0.0395833328125 0.4453125 0.0229166671875 0.4359375 0.0229166671875 0.4015625 0.029166667187500002 0.3859375 0.04375 0.384375 0.058333332812500006 0.403125 0.0770833328125
7 0.078125 0.125 0.075 0.10625 0.0375 0.09375 0.0265625 0.09375 0.00625 0.0979166671875 0.003125 0.1145833328125 0.04375 0.13333333281249998 0.078125 0.125
7 0 0.23958333281250002 0.0359375 0.2375 0.0328125 0.22291666718749997 0.009375 0.2166666671875 0 0.2166666671875 0 0.23958333281250002
7 0.109375 0.21458333281250003 0.10625 0.2 0.0828125 0.19375 0.07265625 0.19375 0.05625 0.19583333281249998 0.0515625 0.20833333281250002 0.075 0.21875 0.109375 0.21458333281250003
11 0.1328125 0.55625 0.1484375 0.5541666671875001 0.1515625 0.54375 0.1484375 0.3916666671875 0.1546875 0.35208333281250004 0.15625 0.2270833328125 0.18125 0.2166666671875 0.1921875 0.225 0.196875 0.2166666671875 0.196875 0.14375 0.1828125 0.1291666671875 0.175 0.1291666671875 0.1359375 0.1291666671875 0.1265625 0.14375 0.1234375 0.54375 0.1328125 0.55625
7 0.1234375 0.2854166671875 0.121875 0.2854166671875 0.115625 0.28958333281250004 0.121875 0.3 0.1265625 0.2958333328125 0.1234375 0.2854166671875
14 0.1625 0.56875 0.1703125 0.58125 0.20625 0.5791666671875 0.209375 0.59375 0.2203125 0.6 0.228125 0.5770833328125 0.275 0.5791666671875 0.278125 0.46458333281249997 0.29375 0.4583333328125 0.3265625 0.47083333281249995 0.3296875 0.5916666671875 0.3390625 0.5895833328125 0.3390625 0.4583333328125 0.353125 0.44375 0.3515625 0.4291666671875 0.26875 0.425 0.2578125 0.4145833328125 0.2625 0.3895833328125 0.2484375 0.3791666671875 0.175 0.38333333281250004 0.1578125 0.3645833328125 0.1546875 0.3645833328125 0.1546875 0.5666666671875 0.15625 0.49375 0.1625 0.4895833328125 0.1625 0.56875
10 0.2390625 0.3604166671875 0.228125 0.3604166671875 0.2171875 0.3458333328125 0.2125 0.3104166671875 0.2015625 0.2958333328125 0.196875 0.2958333328125 0.196875 0.3791666671875 0.2234375 0.38125 0.2453125 0.3729166671875 0.2390625 0.3604166671875
7 0.225 0.3 0.2203125 0.3 0.2171875 0.3083333328125 0.23125 0.3104166671875 0.2328125 0.30416666718749996 0.225 0.3
10 0.3921875 0.36666666718749996 0.40625 0.4458333328125 0.3953125 0.575 0.4 0.5833333328125 0.4171875 0.5666666671875 0.43125 0.5875 0.446875 0.58125 0.4484375 0.5666666671875 0.44375 0.55625 0.459375 0.43125 0.453125 0.3416666671875 0.4578125 0.33541666718749996 0.465625 0.3458333328125 0.4796875 0.3395833328125 0.4796875 0.3125 0.46875 0.3145833328125 0.440625 0.275 0.44375 0.2375 0.4359375 0.225 0.421875 0.225 0.415625 0.23333333281250002 0.41875 0.2708333328125 0.3921875 0.3145833328125 0.3921875 0.36666666718749996
7 0.684375 0.15625 0.675 0.15625 0.6703125 0.16458333281249998 0.675 0.17916666718750002 0.684375 0.175 0.684375 0.15625
7 0.6015625 0 0.5921875 0.060416667187499995 0.68125 0.0645833328125 0.6875 0 0.6796875 0 0.6015625 0
7 0.7953125 0 0.7921875 0.0916666671875 0.796875 0.10833333281249999 0.828125 0.0770833328125 0.840625 0.075 0.8625 0.0354166671875 0.896875 0 0.8890625 0 0.7953125 0
16 0.640625 0.6333333328124999 0.71875 0.6333333328124999 0.725 0.6291666671875 0.7265625 0.6145833328125 0.71875 0.5895833328125 0.7171875 0.39791666718749996 0.7125 0.3895833328125 0.675 0.3854166671875 0.6734375 0.3854166671875 0.634375 0.3895833328125 0.6140625 0.41875 0.609375 0.5958333328125 0.640625 0.6333333328124999
11 0.6890625 0 0.68125 0.23541666718749998 0.68125 0.3791666671875 0.715625 0.3854166671875 0.721875 0.4145833328125 0.7203125 0.5916666671875 0.73125 0.6083333328125 0.7625 0.6104166671875 0.7703125 0.61875 0.76875 0.6125 0.7828125 0.60625 0.7859375 0.5416666671875 0.7875 0 0.779296875 0 0.6890625 0
15 0 0.9979166671874999 0.975 0.9979166671874999 0.9984375 0.9916666671875 0.9984375 0.65625 0.9921875 0.6520833328125 0.9984375 0.64375 0.9734375 0.6416666671875 0.9734375 0.65 0.98125 0.6458333328125 0.9875 0.6520833328125 0.965625 0.6541666671875 0.9703125 0.6291666671875 0.990625 0.6354166671875 0.9984375 0.6270833328125 0.9609375 0.6229166671875 0.9703125 0.6145833328125 0.990625 0.61875 0.9921875 0.6104166671875 0.9390625 0.6104166671875 0.9390625 0.6 0.9515625 0.6020833328124999 0.93125 0.5958333328125 0.9265625 0.5833333328125 0.9140625 0.5770833328125 0.9046875 0.5833333328125 0.9171875 0.5875 0.9171875 0.59375 0.884375 0.5958333328125 0.8796875 0.5770833328125 0.8796875 0.5916666671875 0.86875 0.59375 0.865625 0.5895833328125 0.8734375 0.5791666671875 0.86875 0.58125 0.865625 0.56875 0.853125 0.5833333328125 0.85 0.5645833328125 0.8453125 0.5791666671875 0.8421875 0.5708333328124999 0.8296875 0.575 0.8171875 0.5625 0.815625 0.5770833328125 0.8046875 0.5791666671875 0.8015625 0.5666666671875 0.796875 0.5791666671875 0.8015625 0.5916666671875 0.7984375 0.65625 0.790625 0.6479166671875001 0.7953125 0.6458333328125 0.784375 0.6416666671875 0.76875 0.65 0.728125 0.65 0.7078125 0.6416666671875 0.6421875 0.64375 0.603125 0.60625 0.6015625 0.5729166671875 0.6078125 0.5625 0.590625 0.5333333328125 0.578125 0.5479166671875 0.5671875 0.5479166671875 0.5609375 0.53125 0.521875 0.5166666671875 0.5171875 0.5166666671875 0.46875 0.5270833328125 0.475 0.5604166671875 0.4578125 0.5916666671875 0.4421875 0.5958333328125 0.3921875 0.59375 0.38125 0.575 0.3796875 0.5375 0.371875 0.53125 0.3625 0.5458333328125 0.3453125 0.5395833328124999 0.34375 0.5916666671875 0.3375 0.6 0.325 0.5916666671875 0.3265625 0.5479166671875 0.3140625 0.5458333328125 0.2875 0.55625 0.278125 0.5916666671875 0.228125 0.5875 0.2234375 0.6083333328125 0.2109375 0.60625 0.2 0.5916666671875 0.165625 0.5895833328125 0.146875 0.5770833328125 0.1171875 0.575 0.0984375 0.5833333328125 0.0875 0.5770833328125 0.08125 0.5854166671875001 0.075 0.575 0.0625 0.575 0.0640625 0.5916666671875 0.046875 0.59375 0.040625 0.5791666671875 0.021875 0.575 0.0296875 0.5729166671875 0.0296875 0.5625 0.0203125 0.5645833328125 0.009375 0.55 0.0015625 0.5541666671875001 0.00625 0.5645833328125 0 0.5645833328125 0 0.9979166671874999
10 0.2640625 0.47083333281249995 0.2625 0.46875 0.2578125 0.5145833328125 0.2515625 0.5125 0.2625 0.5479166671875 0.2640625 0.47083333281249995
10 0.2828125 0.51875 0.2828125 0.5375 0.2921875 0.5375 0.3015625 0.5291666671875 0.303125 0.5166666671875 0.2984375 0.47083333281249995 0.290625 0.4583333328125 0.2828125 0.4583333328125 0.28125 0.5145833328125 0.2953125 0.5208333328125 0.2875 0.53125 0.2828125 0.51875
10 0.2625 0.41875 0.3046875 0.41875 0.303125 0.3875 0.2921875 0.35625 0.290625 0.35625 0.2796875 0.3604166671875 0.278125 0.3791666671875 0.2578125 0.40833333281249995 0.2625 0.41875
10 0.0390625 0.5270833328125 0.0453125 0.5354166671875 0.05 0.5125 0.0578125 0.5166666671875 0.059375 0.5354166671875 0.0765625 0.5354166671875 0.084375 0.49375 0.0734375 0.47291666718750003 0.065625 0.43333333281249997 0.0609375 0.43333333281249997 0.025 0.48541666718750004 0.0234375 0.5291666671875 0.028125 0.5354166671875 0.0390625 0.5270833328125