5 0.921875 0 0.4921875 0.08541666718749999 0.49375 0.1895833328125 0.5078125 0.2 0.5171875 0.2208333328125 0.5171875 0.24583333281250003 0.528125 0.27291666718749996 0.528125 0.3395833328125 0.5328125 0.35625 0.5453125 0.3541666671875 0.5609375 0.36666666718749996 0.5484375 0.4 0.5421875 0.45625 0.5671875 0.46458333281249997 0.5765625 0.46458333281249997 0.5796875 0.45625 0.6125 0.4770833328125 0.615625 0.54375 0.603125 0.5583333328125 0.6140625 0.5645833328125 0.65625 0.5541666671875001 0.85625 0.5583333328125 0.8609375 0.5479166671875 0.8828125 0.5416666671875 0.9625 0.5479166671875 0.9703125 0.5583333328125 0.984375 0.5604166671875 0.99375 0.55625 0.9984375 0.5333333328125 0.9984375 0 0.98993055625 0 0.921875 0
7 0.646875 0.1395833328125 0.64375 0.1520833328125 0.6578125 0.1770833328125 0.6828125 0.2 0.6828125 0.1854166671875 0.653125 0.1395833328125 0.646875 0.1395833328125
7 0.7015625 0.22291666718749997 0.7 0.20833333281250002 0.6828125 0.2 0.6921875 0.22291666718749997 0.7015625 0.22291666718749997
7 0.6828125 0.1979166671875 0.6796875 0.17916666718750002 0.653125 0.1395833328125 0.646875 0.1395833328125 0.64375 0.15 0.6609375 0.18125 0.671875 0.19583333281249998 0.6828125 0.1979166671875
7 0.69375 0.20208333281250002 0.6875 0.20208333281250002 0.6859375 0.2166666671875 0.7 0.225 0.7015625 0.2125 0.69375 0.20208333281250002
11 0 0 0 0.6104166671875 0.0203125 0.6125 0.028125 0.6291666671875 0.0640625 0.5833333328125 0.084375 0.5020833328125 0.0765625 0.36875 0.0625 0.32083333281250004 0.0421875 0.2854166671875 0.053125 0.2625 0.0484375 0.20833333281250002 0.0625 0.20416666718749998 0.0765625 0.2 0.078125 0 0.0703125 0 0 0
7 0.0828125 0.08125 0.0796875 0.0958333328125 0.0890625 0.09375 0.0875 0.08125 0.0828125 0.08125
10 0.2171875 0.40416666718750005 0.2265625 0.425 0.228125 0.45208333281249996 0.2234375 0.51875 0.2265625 0.5895833328125 0.25625 0.5854166671875001 0.246875 0.5395833328124999 0.2546875 0.48333333281249996 0.2640625 0.4625 0.2671875 0.4145833328125 0.240625 0.3145833328125 0.246875 0.3 0.25 0.25 0.2765625 0.2208333328125 0.271875 0.2 0.2625 0.1916666671875 0.25 0.1916666671875 0.2125 0.26875 0.225 0.2854166671875 0.2140625 0.325 0.2171875 0.40416666718750005
10 0.4828125 0.2625 0.4828125 0.35625 0.4625 0.375 0.45625 0.4 0.465625 0.40416666718750005 0.478125 0.38125 0.484375 0.38125 0.4921875 0.47291666718750003 0.50625 0.5291666671875 0.5046875 0.5583333328125 0.475 0.5833333328125 0.5171875 0.5875 0.5359375 0.5791666671875 0.51875 0.45208333281249996 0.528125 0.4 0.521875 0.3395833328125 0.525 0.27291666718749996 0.503125 0.22916666718749998 0.4859375 0.23541666718749998 0.4703125 0.2104166671875 0.4609375 0.2104166671875 0.4515625 0.2208333328125 0.45 0.2416666671875 0.465625 0.2645833328125 0.4828125 0.2625
10 0.3875 0.3270833328125 0.384375 0.3645833328125 0.3984375 0.3729166671875 0.396875 0.40416666718750005 0.4359375 0.40208333281249997 0.4390625 0.35208333281250004 0.4453125 0.3375 0.459375 0.3645833328125 0.471875 0.35625 0.4421875 0.3020833328125 0.4453125 0.2666666671875 0.4359375 0.2541666671875 0.4296875 0.2541666671875 0.421875 0.26875 0.4203125 0.2916666671875 0.3984375 0.3020833328125 0.3875 0.3270833328125
10 0.2515625 0.2479166671875 0.2421875 0.32083333281250004 0.259375 0.3708333328125 0.2609375 0.39375 0.26875 0.40416666718750005 0.2625 0.5958333328125 0.296875 0.59375 0.2828125 0.5625 0.2828125 0.525 0.2984375 0.4375 0.3078125 0.43125 0.33125 0.48333333281249996 0.33125 0.5854166671875001 0.325 0.5958333328125 0.3328125 0.6020833328124999 0.36875 0.6 0.36875 0.5916666671875 0.3546875 0.5791666671875 0.3546875 0.48333333281249996 0.3515625 0.45625 0.34375 0.45 0.35625 0.43958333281249995 0.359375 0.45 0.3765625 0.45625 0.3796875 0.4145833328125 0.371875 0.41041666718750003 0.3640625 0.38333333281250004 0.3375 0.23125 0.3140625 0.21458333281250003 0.31875 0.2 0.315625 0.17916666718750002 0.3046875 0.16875 0.3015625 0.16875 0.290625 0.1770833328125 0.290625 0.20416666718749998 0.284375 0.21458333281250003 0.2515625 0.2479166671875
14 0.0875 0.43125 0.0875 0.50625 0.075 0.5666666671875 0.0625 0.59375 0.0390625 0.6208333328125 0.0375 0.6333333328124999 0.071875 0.6333333328124999 0.084375 0.65625 0.1734375 0.6333333328124999 0.215625 0.63125 0.2203125 0.6416666671875 0.2359375 0.6395833328125 0.2359375 0.61875 0.2109375 0.5854166671875001 0.19375 0.54375 0.1828125 0.4770833328125 0.184375 0.3958333328125 0.1984375 0.3375 0.221875 0.2854166671875 0.196875 0.26875 0.1203125 0.25833333281250004 0.11145833281249999 0.25833333281250004 0.05625 0.2645833328125 0.04375 0.2791666671875 0.0765625 0.35208333281250004 0.0875 0.43125
4 0.2265625 0.475 0.2203125 0.43125 0.21875 0.43125 0.203125 0.43541666718750005 0.2015625 0.5395833328124999 0.21875 0.55625 0.2265625 0.475
4 0.48125 0.5729166671875 0.4921875 0.5520833328125 0.49375 0.5208333328125 0.4890625 0.4458333328125 0.4828125 0.4270833328125 0.4546875 0.4291666671875 0.4265625 0.4125 0.3875 0.40833333281249995 0.384375 0.40833333281249995 0.38125 0.45416666718750004 0.3546875 0.45208333281249996 0.3578125 0.5729166671875 0.48125 0.5729166671875
14 0.5625 0.575 0.5671875 0.5666666671875 0.546875 0.5291666671875 0.5390625 0.47291666718750003 0.5421875 0.4125 0.559375 0.3729166671875 0.55 0.3604166671875 0.53984375 0.3604166671875 0.528125 0.3645833328125 0.5203125 0.46458333281249997 0.5375 0.5666666671875 0.5625 0.575
15 0 0.9979166671874999 0.9984375 0.9979166671874999 0.9984375 0.63125 0.9953125 0.5708333328124999 0.9875 0.5416666671875 0.9859375 0.5395833328124999 0.9796875 0.55 0.88125 0.5458333328125 0.8671875 0.55 0.85625 0.5666666671875 0.603125 0.5729166671875 0.584375 0.5854166671875001 0.54375 0.5791666671875 0.5171875 0.5979166671875 0.4671875 0.5895833328125 0.4546875 0.5979166671875 0.3859375 0.6 0.328125 0.6145833328125 0.2984375 0.60625 0.265625 0.6104166671875 0.253125 0.5979166671875 0.2375 0.6083333328125 0.2421875 0.6229166671875 0.2390625 0.64375 0.1578125 0.6416666671875 0.09375 0.6604166671875 0.053125 0.6416666671875 0.0046875 0.6416666671875 0 0.6479166671875001 0 0.9979166671874999
7 0.090625 0.0229166671875 0.0890625 0.0229166671875 0.084375 0.029166667187500002 0.0875 0.04375 0.0921875 0.0395833328125 0.090625 0.0229166671875