12 0.89453125 0.46640625 0.2078125 0.25
15 0.49921875 0.753125 0.9953125 0.48515625
7 0.0859375 0.01328125 0.071875 0.0265625
7 0.9140625 0.08359375 0.0875 0.05
7 0.58515625 0.3375 0.0171875 0.02890625
7 0.19921875 0.15390625 0.0671875 0.03359375
7 0.6171875 0.11171875 0.078125 0.04375
7 0.3734375 0.296875 0.040625 0.01875
7 0.9140625 0.05390625 0.0875 0.1078125
7 0.22421875 0.234375 0.0390625 0.02265625
7 0.253125 0.20390625 0.025 0.01640625
7 0.109375 0.18671875 0.046875 0.02265625
7 0.31796875 0.26171875 0.0328125 0.01875
7 0.29375 0.28359375 0.025 0.01640625
7 0.3859375 0.26875 0.01875 0.0125
7 0.1125 0.15703125 0.03125 0.01875
10 0.246875 0.40234375 0.084375 0.375
10 0.1296875 0.421875 0.071875 0.34765625
10 0.5484375 0.45546875 0.025 0.15234375
10 0.5203125 0.45703125 0.03125 0.16015625