7 0.1234375 0.029166667187500002 0.1109375 0.029166667187500002 0.10625 0.054166667187499996 0.1125 0.060416667187499995 0.11875 0.05625 0.1234375 0.029166667187500002
7 0.1234375 0.0395833328125 0.1703125 0.0395833328125 0.14375 0.0270833328125 0.1328125 0.0270833328125 0.1078125 0.03125 0.10625 0.054166667187499996 0.1171875 0.058333332812500006 0.1234375 0.0395833328125
15 0 0.9979166671874999 0.9984375 0.9979166671874999 0.9984375 0.56875 0.9859375 0.5666666671875 0.978125 0.54375 0.925 0.54375 0.9234375 0.5416666671875 0.8828125 0.54375 0.8515625 0.5604166671875 0.615625 0.5666666671875 0.5328125 0.5916666671875 0.4515625 0.5916666671875 0.3609375 0.6104166671875 0.3203125 0.6125 0.3109375 0.6020833328124999 0.2953125 0.6083333328125 0.271875 0.6020833328124999 0.265625 0.60625 0.259375 0.6375 0.2125 0.6395833328125 0.2078125 0.6333333328124999 0.2 0.6416666671875 0.159375 0.6416666671875 0.121875 0.65625 0.0828125 0.6375 0.01875 0.6479166671875001 0.0140625 0.6770833328125 0 0.6875 0 0.9979166671874999
5 0.503125 0.1854166671875 0.5078125 0.1979166671875 0.525 0.20416666718749998 0.5203125 0.2104166671875 0.521875 0.2541666671875 0.5328125 0.2833333328125 0.5328125 0.3541666671875 0.5578125 0.3583333328125 0.5625 0.36666666718749996 0.546875 0.40625 0.54375 0.45416666718750004 0.575 0.4604166671875 0.5859375 0.4604166671875 0.609375 0.46458333281249997 0.6171875 0.48333333281249996 0.615625 0.5354166671875 0.6078125 0.5479166671875 0.6125 0.55625 0.6578125 0.5479166671875 0.9828125 0.55 0.9859375 0.01875 0.975 0.01875 0.965625 0.0270833328125 0.73125 0.0625 0.5046875 0.10833333281249999 0.503125 0.1854166671875
7 0.684375 0.2 0.6828125 0.1854166671875 0.6546875 0.14375 0.6484375 0.14375 0.64375 0.14791666718750002 0.6484375 0.1625 0.6734375 0.1979166671875 0.684375 0.2
7 0.69375 0.20625 0.6921875 0.20416666718749998 0.6859375 0.21458333281250003 0.7 0.22291666718749997 0.703125 0.2166666671875 0.69375 0.20625
10 0.4828125 0.2666666671875 0.4875 0.28958333281250004 0.4875 0.35208333281250004 0.475 0.3791666671875 0.465625 0.38333333281250004 0.465625 0.39375 0.490625 0.40625 0.4984375 0.4770833328125 0.509375 0.5041666671875 0.5078125 0.5520833328125 0.484375 0.5770833328125 0.5171875 0.58125 0.5390625 0.56875 0.5234375 0.4604166671875 0.53125 0.38333333281250004 0.528125 0.275 0.5046875 0.23333333281250002 0.4953125 0.23333333281250002 0.4859375 0.2479166671875 0.4765625 0.21875 0.4625 0.21875 0.4546875 0.23125 0.4546875 0.2479166671875 0.4703125 0.2666666671875 0.4828125 0.2666666671875
10 0.390625 0.3645833328125 0.403125 0.375 0.4 0.40208333281249997 0.4421875 0.4 0.446875 0.3416666671875 0.4578125 0.3479166671875 0.4609375 0.3645833328125 0.475 0.35625 0.4671875 0.3291666671875 0.4484375 0.30416666718749996 0.4515625 0.2708333328125 0.4421875 0.25833333281250004 0.434375 0.25833333281250004 0.425 0.29375 0.403125 0.30416666718749996 0.39375 0.3291666671875 0.390625 0.3645833328125
10 0.25625 0.3083333328125 0.2640625 0.3291666671875 0.2609375 0.39791666718749996 0.2734375 0.4125 0.278125 0.5958333328125 0.3109375 0.5916666671875 0.3 0.575 0.29375 0.5354166671875 0.3015625 0.4458333328125 0.309375 0.4375 0.328125 0.48125 0.3328125 0.5958333328125 0.3828125 0.5979166671875 0.384375 0.5875 0.365625 0.5770833328125 0.3546875 0.5583333328125 0.3515625 0.46875 0.3578125 0.45625 0.359375 0.425 0.35 0.4 0.353125 0.3875 0.34375 0.3770833328125 0.3296875 0.2479166671875 0.321875 0.22916666718749998 0.3234375 0.20208333281250002 0.3109375 0.17916666718750002 0.3 0.17916666718750002 0.290625 0.19375 0.290625 0.21458333281250003 0.2546875 0.25833333281250004 0.25625 0.3083333328125
10 0.234375 0.28125 0.2453125 0.2916666671875 0.23125 0.325 0.23125 0.39791666718749996 0.240625 0.42291666718750004 0.24375 0.46875 0.2390625 0.575 0.25 0.5875 0.2703125 0.5854166671875001 0.275 0.575 0.259375 0.54375 0.26875 0.49791666718750005 0.271875 0.42083333281249996 0.2578125 0.3916666671875 0.259375 0.3270833328125 0.253125 0.3020833328125 0.25625 0.2541666671875 0.2875 0.2166666671875 0.275 0.1979166671875 0.265625 0.1979166671875 0.2546875 0.20625 0.246875 0.2416666671875 0.23125 0.2666666671875 0.234375 0.28125
14 0.1171875 0.43333333281249997 0.1171875 0.5020833328125 0.1078125 0.5520833328125 0.0921875 0.5895833328125 0.0703125 0.6145833328125 0.071875 0.63125 0.1046875 0.6270833328125 0.1234375 0.6458333328125 0.1796875 0.6270833328125 0.259375 0.625 0.2578125 0.6125 0.234375 0.5833333328125 0.21875 0.55 0.20625 0.48125 0.2109375 0.36875 0.2421875 0.2979166671875 0.228125 0.28125 0.1859375 0.26875 0.17734375 0.26875 0.0875 0.27291666718749996 0.075 0.2875 0.1078125 0.36666666718749996 0.1171875 0.43333333281249997
14 0.5671875 0.56875 0.5703125 0.5645833328125 0.546875 0.5208333328125 0.540625 0.4770833328125 0.54375 0.4125 0.5609375 0.3729166671875 0.55625 0.3604166671875 0.5484375 0.3604166671875 0.53125 0.3625 0.521875 0.45 0.5390625 0.5583333328125 0.5671875 0.56875
4 0.353125 0.525 0.3625 0.5666666671875 0.478125 0.5625 0.490625 0.55625 0.496875 0.5395833328124999 0.496875 0.49375 0.4890625 0.4291666671875 0.446875 0.42291666718750004 0.4265625 0.40833333281249995 0.38125 0.40625 0.3703125 0.40625 0.359375 0.41041666718750003 0.3609375 0.4583333328125 0.353125 0.475 0.353125 0.525
11 0 0 0 0.28125 0.0046875 0.29375 0 0.3958333328125 0.0375 0.40416666718750005 0.0359375 0.4125 0.0203125 0.41875 0.025 0.6 0.05625 0.6 0.0609375 0.6208333328125 0.06875 0.6104166671875 0.065625 0.60625 0.09375 0.5770833328125 0.109375 0.5208333328125 0.10625 0.3708333328125 0.0953125 0.3291666671875 0.0734375 0.28958333281250004 0.0859375 0.2708333328125 0.078125 0.21458333281250003 0.0953125 0.21458333281250003 0.103125 0.1979166671875 0.10625 0 0.09807692343749999 0 0 0