15 0 0.9979166671874999 0.753125 0.9979166671874999 0.753125 0.98125 0.696875 0.8875 0.6875 0.88125 0.65 0.8020833328125001 0.6546875 0.625 0.634375 0.625 0.63125 0.61875 0.634375 0.6083333328125 0.653125 0.6083333328125 0.6546875 0.6 0.6359375 0.6020833328124999 0.6265625 0.5916666671875 0.5953125 0.5833333328125 0.5921875 0.575 0.5375 0.5520833328125 0.5234375 0.53125 0.44375 0.5229166671875001 0.4390625 0.5229166671875001 0.340625 0.53125 0.321875 0.5395833328124999 0.3171875 0.5895833328125 0.3265625 0.6166666671875001 0.3421875 0.63125 0.3421875 0.6541666671875 0.3296875 0.6625 0.2875 0.6583333328125 0.29375 0.69375 0.2796875 0.7104166671875001 0.2046875 0.7270833328124999 0.1765625 0.725 0.16875 0.7104166671875001 0.115625 0.7125 0.1046875 0.7 0.1203125 0.6645833328124999 0.1109375 0.575 0.09375 0.5791666671875 0.0640625 0.56875 0.059375 0.5770833328125 0.0546875 0.5708333328124999 0.040625 0.5770833328125 0.0359375 0.5708333328124999 0.0359375 0.59375 0.0109375 0.63125 0 0.70625 0 0.9979166671874999
16 0.85625 0 0.840625 0.029166667187500002 0.809375 0.0645833328125 0.8015625 0.0645833328125 0.79375 0.0916666671875 0.7828125 0.0916666671875 0.6765625 0.2375 0.6734375 0.7041666671875 0.671875 0.7291666671875 0.6546875 0.7354166671875 0.653125 0.79375 0.665625 0.825 0.7734375 0.9979166671874999 0.9984375 0.9979166671874999 0.9984375 0 0.99053819375 0 0.85625 0
7 0.6609375 0.0979166671875 0.6890625 0.1 0.728125 0.08541666718749999 0.734375 0.075 0.7328125 0.05625 0.7015625 0.0416666671875 0.6875 0.0416666671875 0.6546875 0.054166667187499996 0.64375 0.075 0.6453125 0.0875 0.6609375 0.0979166671875
7 0.0640625 0.21458333281250003 0.0625 0.2 0.040625 0.19375 0.0322916671875 0.19375 0.0109375 0.19583333281249998 0.00625 0.20833333281250002 0.034375 0.2208333328125 0.0640625 0.21458333281250003
7 0.396875 0.09375 0.4140625 0.08333333281250001 0.415625 0.058333332812500006 0.38125 0.0395833328125 0.378125 0.0395833328125 0.340625 0.05 0.33125 0.075 0.3671875 0.09375 0.396875 0.09375
7 0.65625 0.1916666671875 0.6625 0.175 0.65 0.1625 0.640625 0.1625 0.60625 0.1708333328125 0.603125 0.19375 0.63125 0.1979166671875 0.65625 0.1916666671875
7 0.08125 0.23541666718749998 0.0703125 0.23541666718749998 0.065625 0.2479166671875 0.084375 0.25 0.0875 0.2416666671875 0.08125 0.23541666718749998
10 0.0984375 0.38333333281250004 0.0953125 0.4375 0.1015625 0.5354166671875 0.0859375 0.5645833328125 0.1109375 0.5625 0.1125 0.5270833328125 0.125 0.47291666718750003 0.1265625 0.3604166671875 0.1140625 0.3125 0.1140625 0.3083333328125 0.0953125 0.3333333328125 0.0890625 0.35625 0.090625 0.3791666671875 0.0984375 0.38333333281250004
7 0.1078125 0.29375 0.0984375 0.29375 0.0890625 0.29375 0.0828125 0.30416666718749996 0.1046875 0.3083333328125 0.1078125 0.29375
10 0.11875 0 0.1046875 0.0375 0.1046875 0.16458333281249998 0.11875 0.2125 0.1109375 0.2791666671875 0.1265625 0.33125 0.13125 0.3875 0.1296875 0.45416666718750004 0.1171875 0.5395833328124999 0.1265625 0.65 0.1234375 0.6791666671875001 0.115625 0.6916666671875 0.121875 0.7041666671875 0.153125 0.7020833328125 0.1765625 0.6833333328125 0.1703125 0.675 0.1765625 0.66875 0.16875 0.65625 0.1625 0.5854166671875001 0.18125 0.45208333281249996 0.1859375 0.4625 0.18125 0.525 0.1859375 0.6770833328125 0.1765625 0.7083333328125 0.1875 0.7166666671875 0.246875 0.7125 0.2765625 0.7020833328125 0.2890625 0.6895833328125 0.2828125 0.6770833328125 0.24375 0.6604166671875 0.2296875 0.6166666671875001 0.2375 0.49375 0.2484375 0.46666666718750005 0.253125 0.3729166671875 0.2671875 0.3104166671875 0.259375 0.2520833328125 0.2609375 0.15 0.2453125 0.0666666671875 0.2453125 0 0.23740234375 0 0.11875 0
14 0 0.5875 0.0296875 0.5916666671875 0.009375 0.54375 0.003125 0.5083333328124999 0.00625 0.4270833328125 0.0296875 0.36666666718749996 0.0046875 0.35625 0 0.35625 0 0.5875
14 0.0171875 0.5583333328125 0.08125 0.5625 0.09375 0.5520833328125 0.08125 0.49583333281249997 0.0828125 0.4458333328125 0.0921875 0.4125 0.04375 0.40416666718750005 0.0390625 0.40416666718750005 0.025 0.41041666718750003 0.0390625 0.4604166671875 0.0375 0.51875 0.0171875 0.5583333328125
10 0.2703125 0.2791666671875 0.275 0.2708333328125 0.278125 0.2875 0.2765625 0.325 0.2703125 0.3125 0.2671875 0.3291666671875 0.265625 0.40208333281249997 0.275 0.4 0.2828125 0.41041666718750003 0.278125 0.42291666718750004 0.2671875 0.42291666718750004 0.278125 0.43333333281249997 0.2671875 0.43125 0.2640625 0.5125 0.234375 0.60625 0.2359375 0.6375 0.24375 0.6541666671875 0.25 0.6041666671875 0.2859375 0.5458333328125 0.2890625 0.6 0.28125 0.6375 0.2859375 0.6479166671875001 0.3328125 0.65 0.3390625 0.6395833328125 0.3109375 0.6145833328125 0.309375 0.59375 0.3171875 0.5270833328125 0.3453125 0.5208333328125 0.35 0.5083333328124999 0.35 0.3916666671875 0.3375 0.32083333281250004 0.3390625 0.2979166671875 0.35 0.28958333281250004 0.3484375 0.2416666671875 0.3390625 0.1604166671875 0.325 0.1041666671875 0.309375 0.08333333281250001 0.2984375 0.08333333281250001 0.278125 0.1041666671875 0.265625 0.14375 0.2671875 0.275 0.2703125 0.2791666671875