11 0.11484375 0.46171875 0.1703125 0.36875
5 0.67421875 0.40703125 0.2171875 0.22734375
12 0.9171875 0.47578125 0.1625 0.23125
15 0.4984375 0.75234375 0.996875 0.4875
7 0.63359375 0.334375 0.0171875 0.03125
7 0.17421875 0.03359375 0.0640625 0.0375
7 0.96015625 0.08359375 0.0765625 0.05
7 0.66875 0.11484375 0.078125 0.04140625
7 0.27109375 0.165625 0.0640625 0.03125
7 0.3765625 0.26328125 0.03125 0.01875
7 0.29609375 0.23828125 0.0359375 0.02265625
7 0.42890625 0.29609375 0.0390625 0.01640625
7 0.35390625 0.284375 0.0203125 0.01484375
7 0.18515625 0.19453125 0.0421875 0.02265625
7 0.31953125 0.21015625 0.0234375 0.01640625
7 0.190625 0.16796875 0.028125 0.01875
7 0.98828125 0.25 0.0203125 0.02109375
7 0.44140625 0.26953125 0.0171875 0.01484375
10 0.3203125 0.403125 0.075 0.35625
10 0.21328125 0.415625 0.0640625 0.33515625
10 0.428125 0.44453125 0.04375 0.18984375
10 0.5703125 0.45546875 0.03125 0.16015625