7 0.6533203125 0.08854166718749999 0.6279296875 0.09635416718749999 0.615234375 0.1106770828125 0.6171875 0.1236979171875 0.6259765625 0.1302083328125 0.662109375 0.1315104171875 0.6865234375 0.1223958328125 0.69140625 0.1158854171875 0.689453125 0.1002604171875 0.6533203125 0.08854166718749999
7 0.6552734375 0.08854166718749999 0.6279296875 0.09635416718749999 0.615234375 0.1106770828125 0.6171875 0.1236979171875 0.6259765625 0.1302083328125 0.662109375 0.1315104171875 0.6865234375 0.1223958328125 0.69140625 0.1158854171875 0.689453125 0.1002604171875 0.6552734375 0.08854166718749999
15 0.966796875 0.66015625 0.9638671875 0.6380208328125 0.9560546875 0.6380208328125 0.953125 0.6575520828125 0.9443359375 0.6614583328125 0.9072265625 0.6588541671875 0.9033203125 0.6458333328125 0.8955078125 0.6458333328125 0.8935546875 0.6588541671875 0.8818359375 0.6588541671875 0.8759765625 0.6458333328125 0.875 0.6575520828125 0.8662109375 0.6614583328125 0.7275390625 0.6614583328125 0.7216796875 0.6510416671875 0.7138671875 0.6536458328125 0.5966796875 0.578125 0.5458984375 0.5390625 0.5419921875 0.5260416671875 0.5029296875 0.5234375 0.4931640625 0.515625 0.2294921875 0.5390625 0.1943359375 0.5494791671875 0.1875 0.56640625 0.19140625 0.5924479171875 0.220703125 0.71484375 0.24609375 0.7565104171875 0.2578125 0.7955729171875 0.255859375 0.8190104171874999 0.2119140625 0.8828125 0.1787109375 0.9140625 0.1259765625 0.9244791671874999 0.1142578125 0.9114583328125001 0.0927734375 0.9088541671874999 0 0.94140625 0.0009765625 0.9973958328125001 0.998046875 0.99609375 1 0.6497395828125 0.9912109375 0.640625 0.9814453125 0.6640625 0.966796875 0.66015625
10 0 0.93359375 0.005859375 0.93359375 0.0615234375 0.9088541671874999 0.1220703125 0.8932291671874999 0.126953125 0.89453125 0.125 0.9075520828125001 0.1357421875 0.9166666671874999 0.1748046875 0.9088541671874999 0.2138671875 0.875 0.255859375 0.80859375 0.2421875 0.76171875 0.216796875 0.7174479171875 0.1953125 0.6158854171875 0.17578125 0.5638020828125 0.1884765625 0.5338541671875 0.2177734375 0.5364583328125 0.22265625 0.5299479171875 0.197265625 0.32421875 0.197265625 0.1809895828125 0.19140625 0.12890625 0.2421875 0.08984375 0.259765625 0.0455729171875 0.251953125 0.0221354171875 0.25390625 0.009114582812499999 0.2470703125 0 0 0.00390625 0 0.5690104171875 0.03515625 0.5846354171875 0.0703125 0.77734375 0.0703125 0.79296875 0.0478515625 0.8046875 0.033203125 0.82421875 0.0263671875 0.8489583328125001 0 0.85546875 0 0.93359375
5 0.3984375 0.3736979171875 0.3984375 0.5091145828125 0.431640625 0.51171875 0.447265625 0.5065104171875 0.4453125 0.37109375 0.4033203125 0.3697916671875 0.3984375 0.3736979171875
12 0.5830078125 0.40625 0.5732421875 0.4270833328125 0.548828125 0.44140625 0.55078125 0.5247395828125 0.5751953125 0.5416666671875 0.7216796875 0.6067708328125 0.8984375 0.60546875 1 0.6002604171875 0.9990234375 0.2890625 0.7236328125 0.296875 0.5830078125 0.40625
7 0.9267578125 0.09635416718749999 0.9072265625 0.1015625 0.896484375 0.11328125 0.9033203125 0.1302083328125 0.9375 0.1315104171875 0.9697265625 0.1223958328125 0.974609375 0.1080729171875 0.9619140625 0.09635416718749999 0.9267578125 0.09635416718749999
10 0.33984375 0.39453125 0.34765625 0.4049479171875 0.34765625 0.4361979171875 0.33984375 0.4674479171875 0.33984375 0.51953125 0.34765625 0.51953125 0.34765625 0.4856770828125 0.3544921875 0.46875 0.365234375 0.5221354171875 0.3671875 0.4466145828125 0.37890625 0.4205729171875 0.3447265625 0.3802083328125 0.33984375 0.39453125
7 0.369140625 0.34765625 0.3603515625 0.3255208328125 0.34765625 0.32421875 0.3623046875 0.3489583328125 0.369140625 0.34765625
7 0.3486328125 0.09375 0.337890625 0.1028645828125 0.337890625 0.1158854171875 0.3505859375 0.1276041671875 0.390625 0.1315104171875 0.4130859375 0.125 0.4140625 0.10546875 0.3857421875 0.09375 0.3486328125 0.09375
7 0.796875 0.6419270828125 0.8017578125 0.6614583328125 0.83984375 0.66015625 0.84375 0.64453125 0.8291015625 0.6302083328125 0.8056640625 0.6276041671875 0.796875 0.6419270828125
10 0.5380859375 0.390625 0.515625 0.4283854171875 0.52734375 0.47265625 0.529296875 0.51171875 0.537109375 0.5221354171875 0.541015625 0.44140625 0.552734375 0.42578125 0.5390625 0.4049479171875 0.5380859375 0.390625
10 0.259765625 0.44140625 0.25390625 0.4049479171875 0.2431640625 0.3958333328125 0.216796875 0.4388020828125 0.224609375 0.51953125 0.23046875 0.5221354171875 0.236328125 0.5013020828125 0.24609375 0.49609375 0.24609375 0.4674479171875 0.259765625 0.44140625