5 0.365625 0.41328125 0.078125 0.22734375
5 0.2796875 0.41484375 0.0875 0.23359375
12 0.7734375 0.49765625 0.446875 0.9953125
15 0.43984375 0.759375 0.8765625 0.47265625
7 0.28515625 0.2625 0.0484375 0.05859375
7 0.40234375 0.13515625 0.0234375 0.02109375
7 0.5921875 0.334375 0.03125 0.03984375
7 0.74609375 0.271875 0.0578125 0.05234375
10 0.18984375 0.42734375 0.0578125 0.25390625
10 0.07265625 0.43515625 0.0671875 0.2625
10 0.41484375 0.446875 0.0453125 0.17734375
10 0.11171875 0.365625 0.0328125 0.08515625
10 0.4859375 0.446875 0.0375 0.19375
10 0.43515625 0.43671875 0.0390625 0.20234375
10 0.45859375 0.45546875 0.0359375 0.16015625