15 0 0.9979166671874999 0.9984375 0.9979166671874999 0.9984375 0.8666666671875 0.9984375 0.7583333328124999 0.9984375 0.5645833328125 0.99375 0.5583333328125 0.9625 0.5583333328125 0.9609375 0.5583333328125 0.95 0.5645833328125 0.8828125 0.5625 0.865625 0.5770833328125 0.60625 0.5791666671875 0.5140625 0.60625 0.4109375 0.60625 0.4078125 0.6125 0.371875 0.6125 0.3296875 0.6291666671875 0.29375 0.6166666671875001 0.2671875 0.6208333328125 0.25 0.6104166671875 0.246875 0.61875 0.2359375 0.6145833328125 0.23125 0.65625 0.1296875 0.65625 0.121875 0.6708333328125 0.1140625 0.6645833328124999 0.0640625 0.675 0.0640625 0.66875 0.0546875 0.6708333328125 0.0125 0.6479166671875001 0.0125 0.6583333328125 0 0.66875 0 0.9979166671874999
5 0.51875 0.20625 0.5203125 0.23958333281250002 0.53125 0.25833333281250004 0.5265625 0.32083333281250004 0.53125 0.35625 0.5578125 0.3583333328125 0.5625 0.36875 0.546875 0.40625 0.5453125 0.4604166671875 0.5953125 0.46875 0.6140625 0.48125 0.61875 0.5 0.615625 0.5645833328125 0.8265625 0.5645833328125 0.8640625 0.5625 0.875 0.55 0.9984375 0.5520833328125 0.9984375 0.0166666671875 0.9875 0.0166666671875 0.65 0.06875 0.496875 0.09375 0.496875 0.1916666671875 0.51875 0.20625
7 0.6875 0.1833333328125 0.659375 0.1395833328125 0.653125 0.1395833328125 0.653125 0.1583333328125 0.6765625 0.19583333281249998 0.6875 0.1979166671875 0.6875 0.1833333328125
11 0 0 0 0.6208333328125 0.0109375 0.6270833328125 0.0125 0.6416666671875 0.0203125 0.6416666671875 0.053125 0.59375 0.075 0.5 0.0671875 0.36875 0.0328125 0.2708333328125 0.046875 0.2541666671875 0.0390625 0.19375 0.0765625 0.19583333281249998 0.0734375 0.08125 0.078125 0.075 0.078125 0 0.0703125 0 0 0
7 0.0859375 0.075 0.078125 0.075 0.0734375 0.08333333281250001 0.0765625 0.0958333328125 0.0875 0.09375 0.0859375 0.075
10 0.271875 0.2270833328125 0.2578125 0.29375 0.259375 0.3333333328125 0.2671875 0.3458333328125 0.2703125 0.3895833328125 0.2796875 0.40833333281249995 0.2625 0.525 0.259375 0.60625 0.2640625 0.6083333328125 0.2921875 0.6 0.3125 0.6104166671875 0.365625 0.6041666671875 0.3453125 0.5875 0.35625 0.4166666671875 0.3703125 0.3770833328125 0.3640625 0.2375 0.359375 0.225 0.3359375 0.2104166671875 0.3390625 0.16875 0.33125 0.1583333328125 0.321875 0.1583333328125 0.309375 0.18125 0.309375 0.2 0.278125 0.21458333281250003 0.271875 0.2270833328125
10 0.2203125 0.28125 0.209375 0.3166666671875 0.2140625 0.33541666718749996 0.2125 0.40208333281249997 0.221875 0.425 0.2171875 0.5541666671875001 0.21875 0.5916666671875 0.225 0.5979166671875 0.246875 0.5979166671875 0.2515625 0.5895833328125 0.2453125 0.56875 0.2453125 0.5125 0.2546875 0.48125 0.2640625 0.49583333281249997 0.271875 0.4625 0.2546875 0.28958333281250004 0.2625 0.2666666671875 0.2578125 0.25 0.275 0.2104166671875 0.259375 0.1875 0.2484375 0.1875 0.2375 0.20416666718749998 0.2328125 0.23125 0.2109375 0.2645833328125 0.2203125 0.28125
10 0.3818817046875 0.3695288171875 0.3973824359375 0.376415525 0.396090671875 0.4108491765625 0.43613413593750006 0.4125708546875 0.4453125 0.3416666671875 0.4578125 0.35625 0.46313161718750007 0.37125049374999997 0.4734375 0.35625 0.44375 0.3020833328125 0.446875 0.26875 0.4359375 0.2520833328125 0.43125 0.2520833328125 0.421875 0.26875 0.4203125 0.28958333281250004 0.396875 0.30416666718749996 0.3818817046875 0.3695288171875
10 0.4875 0.2604166671875 0.4859375 0.35 0.48125 0.3625 0.4609375 0.375 0.4578125 0.3958333328125 0.484375 0.3916666671875 0.4796875 0.3958333328125 0.4921875 0.43333333281249997 0.49375 0.48541666718750004 0.5109375 0.5520833328125 0.503125 0.5708333328124999 0.4796875 0.5875 0.521875 0.59375 0.5359375 0.5875 0.5203125 0.46666666718750005 0.5296875 0.40208333281249997 0.5234375 0.3604166671875 0.528125 0.25833333281250004 0.50625 0.22916666718749998 0.490625 0.23125 0.484375 0.2125 0.471875 0.20416666718749998 0.4671875 0.20416666718749998 0.459375 0.2104166671875 0.4546875 0.2375 0.4671875 0.25625 0.4875 0.2604166671875
14 0.0703125 0.3708333328125 0.0765625 0.50625 0.0609375 0.58125 0.0234375 0.6416666671875 0.0328125 0.65 0.059375 0.6458333328125 0.071875 0.6666666671875 0.15625 0.64375 0.2296875 0.6458333328125 0.2296875 0.6333333328124999 0.203125 0.5979166671875 0.1875 0.5604166671875 0.175 0.4791666671875 0.178125 0.3958333328125 0.1859375 0.38125 0.1921875 0.3375 0.2171875 0.2916666671875 0.2171875 0.28125 0.1953125 0.2645833328125 0.1390625 0.2541666671875 0.1310546875 0.2541666671875 0.0484375 0.25833333281250004 0.034375 0.27291666718749996 0.0609375 0.33125 0.0703125 0.3708333328125
14 0.540625 0.5770833328125 0.56875 0.5833333328125 0.5484375 0.5395833328124999 0.540625 0.4916666671875 0.5421875 0.42291666718750004 0.559375 0.36875 0.540625 0.3645833328125 0.5390625 0.3645833328125 0.53125 0.3729166671875 0.5203125 0.45 0.5296875 0.54375 0.540625 0.5770833328125
4 0.2046875 0.5604166671875 0.215625 0.5583333328125 0.2171875 0.54375 0.221875 0.48333333281249996 0.2171875 0.43541666718750005 0.20625 0.43541666718750005 0.1984375 0.44166666718750003 0.203125 0.45208333281249996 0.1984375 0.49375 0.2046875 0.5604166671875
4 0.4828125 0.575 0.49375 0.5520833328125 0.4953125 0.5 0.48125 0.4166666671875 0.478125 0.43125 0.4671875 0.43541666718750005 0.4375 0.4291666671875 0.4265625 0.4145833328125 0.3890625 0.41041666718750003 0.3828125 0.41041666718750003 0.371875 0.4125 0.3578125 0.44375 0.353125 0.575 0.4828125 0.575