5 0.65390625 0.43046875 0.1921875 0.19765625
5 0.67421875 0.45703125 0.0453125 0.13125
15 0.4984375 0.75625 0.996875 0.47890625
7 0.9640625 0.04453125 0.06875 0.06484375
7 0.27265625 0.13203125 0.0484375 0.02734375
7 0.32421875 0.22109375 0.0515625 0.025
7 0.63828125 0.065625 0.0890625 0.05625
7 0.61875 0.36015625 0.015625 0.025
7 0.90859375 0.16328125 0.0734375 0.03984375
7 0.1046875 0.08125 0.0125 0.025
7 0.35625 0.253125 0.01875 0.01484375
7 0.43828125 0.321875 0.0328125 0.01484375
7 0.06875 0.13359375 0.071875 0.0375
7 0.403125 0.29453125 0.015625 0.01484375
7 0.09296875 0.1375 0.0203125 0.025
7 0.0140625 0.06171875 0.028125 0.02734375
7 0.36953125 0.309375 0.0234375 0.01484375
7 0.04375 0.12890625 0.021875 0.025
7 0.453125 0.30234375 0.015625 0.0125
7 0.653125 0.178125 0.065625 0.03515625
10 0.0484375 0.359375 0.096875 0.48515625
10 0.384375 0.425 0.059375 0.26640625
10 0.4453125 0.46171875 0.034375 0.15625
10 0.56171875 0.46875 0.0296875 0.13359375