11 0.29765625 0.40859375 0.0359375 0.27890625
5 0.578125 0.43359375 0.05625 0.15859375
5 0.62890625 0.43359375 0.0453125 0.15390625
12 0.88828125 0.46796875 0.2203125 0.27734375
15 0.4984375 0.74921875 0.996875 0.49375
7 0.9078125 0.06171875 0.090625 0.05234375
7 0.17109375 0.20625 0.0328125 0.025
7 0.1546875 0.11640625 0.075 0.0375
7 0.25703125 0.2625 0.0328125 0.01640625
7 0.5640625 0.32421875 0.01875 0.03125
7 0.059375 0.153125 0.05 0.02734375
7 0.60078125 0.0875 0.0828125 0.04609375
7 0.3453125 0.278125 0.040625 0.01875
7 0.0609375 0.11953125 0.034375 0.02265625
7 0.28515625 0.23828125 0.0359375 0.01875
7 0.1375 0.33984375 0.021875 0.025
7 0.21875 0.17421875 0.01875 0.01875
7 0.35703125 0.246875 0.0203125 0.01484375
7 0.621875 0.29921875 0.0375 0.01484375
10 0.19140625 0.37890625 0.0984375 0.42890625
10 0.53125 0.44609375 0.034375 0.15
10 0.0578125 0.40390625 0.08125 0.39609375
10 0.49765625 0.446875 0.0328125 0.16875
10 0.3640625 0.42734375 0.059375 0.19609375
10 0.08046875 0.38046875 0.0578125 0.37265625