1 0.490625 0.5604166671875 0.4875 0.0645833328125 0.478125 0.05625 0.3390625 0.029166667187500002 0.325 0.029166667187500002 0.33125 0.60625 0.490625 0.5979166671875 0.4953125 0.5895833328125 0.490625 0.5604166671875
1 0 0 0 0.50625 0.01875 0.5 0.0140625 0 0 0
1 0.5203125 0.5958333328125 0.6171875 0.5916666671875 0.60625 0.5125 0.5921875 0.5 0.59375 0.42291666718750004 0.60625 0.33541666718749996 0.5953125 0.28125 0.6109375 0.20416666718749998 0.6328125 0.1833333328125 0.640625 0.1125 0.6734375 0.10833333281249999 0.6734375 0.06875 0.6640625 0.06875 0.515625 0.075 0.521875 0.2833333328125 0.5171875 0.3854166671875 0.5203125 0.5958333328125
10 0.6 0.2645833328125 0.6 0.29375 0.6109375 0.3333333328125 0.5953125 0.49583333281249997 0.6078125 0.50625 0.621875 0.5645833328125 0.621875 0.60625 0.6375 0.6125 0.6921875 0.6083333328125 0.6921875 0.6 0.6671875 0.5729166671875 0.665625 0.55 0.6734375 0.5104166671875 0.6796875 0.50625 0.6859375 0.5208333328125 0.6921875 0.5208333328125 0.690625 0.5125 0.7 0.5 0.69375 0.3895833328125 0.68125 0.3145833328125 0.684375 0.2979166671875 0.6734375 0.2854166671875 0.684375 0.2625 0.684375 0.2125 0.675 0.20208333281250002 0.675 0.1270833328125 0.6625 0.10833333281249999 0.6609375 0.10833333281249999 0.6421875 0.11875 0.6359375 0.1833333328125 0.6078125 0.21875 0.6 0.2645833328125
14 0.75625 0.3375 0.7546875 0.3541666671875 0.7609375 0.3583333328125 0.76875 0.46666666718750005 0.7625 0.5083333328124999 0.7671875 0.5208333328125 0.73125 0.6104166671875 0.75625 0.6125 0.765625 0.6291666671875 0.825 0.6145833328125 0.9171875 0.625 0.915625 0.6104166671875 0.8765625 0.5458333328125 0.8640625 0.47291666718750003 0.8671875 0.36875 0.8828125 0.3104166671875 0.9015625 0.26875 0.884375 0.2541666671875 0.8453125 0.2541666671875 0.84375 0.2541666671875 0.765625 0.2645833328125 0.7390625 0.275 0.7328125 0.2854166671875 0.75625 0.3375
14 0.9890625 0 0.9890625 0.0375 0.95 0.07291666718749999 0.93125 0.1 0.91875 0.1604166671875 0.9171875 0.20416666718749998 0.95 0.2916666671875 0.95 0.3375 0.9625 0.4145833328125 0.965625 0.5229166671875001 0.990625 0.625 0.9890625 0.6541666671875 0.9984375 0.6541666671875 0.9984375 0 0.9890625 0
1 0.9296875 0 0.93125 0.0916666671875 0.9875 0.0354166671875 0.984375 0 0.9765625 0 0.9296875 0
1 0.98125 0.59375 0.9625 0.5208333328125 0.9609375 0.4270833328125 0.946875 0.33125 0.946875 0.2916666671875 0.934375 0.25625 0.9328125 0.25625 0.93125 0.5979166671875 0.9375 0.6083333328125 0.978125 0.6104166671875 0.98125 0.59375
10 0.1390625 0 0.1453125 0.03125 0.109375 0.05625 0.1 0.07083333281250001 0.090625 0.1291666671875 0.090625 0.21458333281250003 0.10625 0.2979166671875 0.103125 0.44166666718750003 0.1265625 0.45625 0.121875 0.5270833328125 0.13125 0.6208333328125 0.115625 0.66875 0.1375 0.68125 0.159375 0.6770833328125 0.1484375 0.6416666671875 0.153125 0.6375 0.165625 0.5291666671875 0.1625 0.48333333281249996 0.1765625 0.40208333281249997 0.18125 0.45416666718750004 0.196875 0.46666666718750005 0.2015625 0.4875 0.2046875 0.5395833328124999 0.21875 0.5958333328125 0.21875 0.6291666671875 0.2265625 0.64375 0.2234375 0.65 0.2203125 0.64375 0.2203125 0.6541666671875 0.2453125 0.6479166671875001 0.2484375 0.6375 0.2359375 0.6125 0.2359375 0.5958333328125 0.240625 0.5125 0.2515625 0.5020833328125 0.246875 0.4875 0.246875 0.40625 0.253125 0.3875 0.2453125 0.3604166671875 0.2421875 0.30625 0.25 0.3 0.259375 0.2479166671875 0.2578125 0.14375 0.246875 0.0875 0.1921875 0.0229166671875 0.1921875 0 0.1833333328125 0 0.1390625 0
14 0.2640625 0.3375 0.2890625 0.28125 0.265625 0.2604166671875 0.259375 0.2604166671875 0.2515625 0.3145833328125 0.253125 0.35208333281250004 0.259375 0.3625 0.2640625 0.3375
15 0 0.9979166671874999 0.9984375 0.9979166671874999 0.9984375 0.6625 0.9234375 0.6520833328125 0.9109375 0.63125 0.878125 0.6229166671875 0.834375 0.6208333328125 0.790625 0.6354166671875 0.75625 0.6354166671875 0.728125 0.6125 0.73125 0.5666666671875 0.721875 0.56875 0.7203125 0.5666666671875 0.7125 0.5791666671875 0.7078125 0.5729166671875 0.696875 0.5958333328125 0.7 0.6083333328125 0.675 0.61875 0.625 0.6166666671875001 0.6140625 0.5979166671875 0.3375 0.6125 0.3296875 0.61875 0.315625 0.6104166671875 0.3125 0.575 0.3015625 0.5708333328124999 0.290625 0.5916666671875 0.3078125 0.61875 0.30625 0.6375 0.2546875 0.6333333328124999 0.2609375 0.6645833328124999 0.2390625 0.6791666671875001 0.2109375 0.6791666671875001 0.2046875 0.6416666671875 0.2 0.6541666671875 0.165625 0.6541666671875 0.165625 0.68125 0.153125 0.6895833328125 0.109375 0.6770833328125 0.109375 0.65625 0.115625 0.6520833328125 0.1 0.64375 0.0984375 0.625 0.1125 0.59375 0.059375 0.59375 0.0640625 0.6333333328124999 0.059375 0.6520833328125 0.0328125 0.6729166671875 0.028125 0.6854166671875 0 0.6875 0 0.9979166671874999
14 0.303125 0.6166666671875001 0.2734375 0.5729166671875 0.253125 0.5083333328124999 0.25 0.5083333328124999 0.2421875 0.5145833328125 0.240625 0.61875 0.303125 0.6333333328124999 0.303125 0.6166666671875001
14 0.15625 0.6333333328124999 0.171875 0.6520833328125 0.2078125 0.6354166671875 0.215625 0.6229166671875 0.2 0.4916666671875 0.1953125 0.46666666718750005 0.178125 0.45416666718750004 0.178125 0.4145833328125 0.1765625 0.4125 0.1640625 0.48541666718750004 0.1671875 0.5291666671875 0.1546875 0.6166666671875001 0.15625 0.6333333328124999