5 0.74296875 0.42578125 0.1046875 0.20234375
15 0.5015625 0.75859375 0.990625 0.475
7 0.08671875 0.03984375 0.0296875 0.0375
7 0.2671875 0.09453125 0.053125 0.03125
7 0.65703125 0.35546875 0.0171875 0.02734375
7 0.96328125 0.140625 0.0703125 0.04375
7 0.33515625 0.19921875 0.0546875 0.02734375
7 0.4203125 0.28203125 0.028125 0.01484375
7 0.675 0.03046875 0.096875 0.06015625
7 0.6921875 0.15859375 0.071875 0.0375
7 0.37265625 0.23671875 0.0203125 0.01484375
7 0.26875 0.19921875 0.0125 0.01484375
7 0.34296875 0.25859375 0.0453125 0.02109375
7 0.465625 0.3125 0.034375 0.01640625
7 0.4796875 0.290625 0.015625 0.01015625
7 0.42109375 0.31796875 0.0140625 0.01015625
7 0.26796875 0.22109375 0.0140625 0.01640625
10 0.3875 0.41328125 0.065625 0.29375
10 0.4671875 0.45234375 0.040625 0.17109375
10 0.61796875 0.46484375 0.0296875 0.1375
10 0.59296875 0.465625 0.0296875 0.14375