10 0.3453125 0.5125 0.35625 0.51875 0.353125 0.45416666718750004 0.3609375 0.43541666718750005 0.34375 0.4125 0.3421875 0.4 0.340625 0.39791666718749996 0.3359375 0.4 0.334375 0.48125 0.340625 0.51875 0.3453125 0.5125
7 0.34375 0.3416666671875 0.340625 0.3416666671875 0.340625 0.35625 0.35625 0.36875 0.35625 0.3583333328125 0.34375 0.3416666671875
16 0.83046875 0 0.7625 0.0041666671875 0.7234375 0.07083333281250001 0.7296875 0.88125 0.7453125 0.91875 0.8 0.9979166671874999 0.9984375 0.9979166671874999 0.9984375 0 0.84375 0 0.840625 0.00625 0.8390625 0 0.83046875 0
7 0.925 0.5104166671875 0.946875 0.5041666671875 0.9515625 0.36666666718749996 0.946875 0.3541666671875 0.9421875 0.3541666671875 0.915625 0.3645833328125 0.909375 0.3770833328125 0.91875 0.5041666671875 0.925 0.5104166671875
7 0.390625 0.1875 0.403125 0.1770833328125 0.3984375 0.1583333328125 0.3609375 0.1520833328125 0.35 0.1520833328125 0.3375 0.15625 0.3359375 0.1708333328125 0.3515625 0.1833333328125 0.390625 0.1875
7 0.5921875 0.1895833328125 0.6421875 0.18125 0.64375 0.16458333281249998 0.6265625 0.1541666671875 0.615625 0.1541666671875 0.5890625 0.1604166671875 0.58125 0.16875 0.58125 0.18125 0.5921875 0.1895833328125
10 0.5125 0.5208333328125 0.5125 0.4625 0.521875 0.43333333281249997 0.5078125 0.42083333281249996 0.50625 0.41041666718750003 0.5046875 0.41041666718750003 0.49375 0.43125 0.4984375 0.51875 0.5046875 0.5270833328125 0.5125 0.5208333328125
10 0 0 0 0.7729166671875001 0.01875 0.7645833328125 0.0234375 0.7708333328125 0.0140625 0.7895833328124999 0.028125 0.8020833328125001 0.1359375 0.7958333328125 0.1796875 0.7729166671875001 0.1765625 0.7583333328124999 0.1265625 0.7416666671875001 0.103125 0.7166666671875 0.0921875 0.6666666671875 0.0984375 0.5458333328125 0.1203125 0.45625 0.121875 0.3791666671875 0.1390625 0.2645833328125 0.1390625 0.2270833328125 0.125 0.1916666671875 0.109375 0.10625 0.096875 0.0166666671875 0.1015625 0.0125 0.0921875 0 0.08380681875 0 0 0
10 0.2015625 0.5375 0.2046875 0.5416666671875 0.2140625 0.5270833328125 0.215625 0.5333333328125 0.228125 0.5291666671875 0.234375 0.5416666671875 0.2359375 0.45 0.24375 0.43125 0.221875 0.3729166671875 0.2140625 0.3729166671875 0.1984375 0.4125 0.2078125 0.46666666718750005 0.2078125 0.5270833328125 0.2015625 0.5375
15 0 0.9979166671874999 0.7828125 0.9979166671874999 0.725 0.9041666671874999 0.721875 0.5979166671875 0.7078125 0.5958333328125 0.71875 0.5979166671875 0.71875 0.6125 0.6890625 0.6083333328125 0.684375 0.59375 0.6734375 0.6125 0.625 0.6083333328125 0.496875 0.5291666671875 0.425 0.5229166671875001 0.421875 0.5229166671875001 0.2875 0.5375 0.278125 0.5458333328125 0.246875 0.5375 0.2359375 0.5541666671875001 0.196875 0.54375 0.1859375 0.5541666671875001 0.1265625 0.55625 0.1234375 0.6333333328124999 0.1265625 0.6458333328125 0.1546875 0.6625 0.1546875 0.6875 0.14375 0.7020833328125 0.146875 0.7166666671875 0.128125 0.7125 0.125 0.73125 0.1421875 0.7458333328125 0.1734375 0.75 0.1828125 0.7625 0.1828125 0.7791666671875 0.153125 0.8020833328125001 0.0609375 0.8125 0.0234375 0.8083333328125001 0.00625 0.7833333328125 0 0.7854166671875 0 0.9979166671874999
5 0.4765625 0.5125 0.4734375 0.3333333328125 0.46519886406250005 0.3333333328125 0.38125 0.33541666718749996 0.3859375 0.5020833328125 0.3921875 0.5166666671875 0.4765625 0.5125
7 0.6609375 0.0875 0.7125 0.07083333281250001 0.7171875 0.0645833328125 0.715625 0.0395833328125 0.6828125 0.025 0.66875 0.025 0.634375 0.0395833328125 0.6234375 0.06875 0.634375 0.08125 0.6609375 0.0875
10 0.1328125 0 0.1078125 0.0229166671875 0.11875 0.09375 0.11875 0.1416666671875 0.125 0.1833333328125 0.140625 0.2270833328125 0.1421875 0.2625 0.1234375 0.3770833328125 0.121875 0.46458333281249997 0.109375 0.4916666671875 0.103125 0.5333333328125 0.0953125 0.6708333328125 0.1015625 0.6854166671875 0.1109375 0.6895833328125 0.1109375 0.7 0.125 0.7 0.1203125 0.6916666671875 0.1265625 0.6854166671875 0.1328125 0.6916666671875 0.1296875 0.6979166671875 0.1375 0.6958333328124999 0.1515625 0.6708333328125 0.1140625 0.6416666671875 0.1171875 0.5479166671875 0.1375 0.5291666671875 0.1859375 0.5354166671875 0.1515625 0.27291666718749996 0.16875 0.25625 0.1828125 0.275 0.19375 0.275 0.215625 0.20833333281250002 0.2078125 0.1854166671875 0.1875 0.1625 0.165625 0.0479166671875 0.1546875 0.01875 0.1375 0 0.1328125 0
10 0.2640625 0.4791666671875 0.2703125 0.45416666718750004 0.271875 0.4270833328125 0.2578125 0.4 0.2546875 0.4 0.240625 0.45 0.2390625 0.5333333328125 0.2515625 0.4875 0.2640625 0.4791666671875