15 0 0.9979166671874999 0.9984375 0.9979166671874999 0.9984375 0.81875 0.9125 0.8270833328125 0.8390625 0.8208333328125 0.840625 0.86875 0.81875 0.88125 0.80625 0.8708333328125001 0.809375 0.875 0.8015625 0.88125 0.7796875 0.8604166671875 0.7859375 0.83125 0.771875 0.8020833328125001 0.721875 0.7604166671875 0.7125 0.7625 0.665625 0.7229166671875 0.6546875 0.7416666671875001 0.65625 0.7791666671875 0.6421875 0.7916666671875 0.6328125 0.775 0.63125 0.7395833328125 0.621875 0.75 0.5921875 0.7208333328125 0.6046875 0.7166666671875 0.60625 0.6875 0.5953125 0.6770833328125 0.590625 0.71875 0.5828125 0.70625 0.5796875 0.7125 0.5640625 0.7104166671875001 0.5609375 0.7041666671875 0.5671875 0.7 0.55625 0.68125 0.5328125 0.6791666671875001 0.5296875 0.6729166671875 0.5390625 0.6666666671875 0.5015625 0.6479166671875001 0.496875 0.63125 0.46875 0.6145833328125 0.465625 0.6020833328124999 0.4390625 0.5833333328125 0.41875 0.55 0.4046875 0.55 0.3921875 0.5375 0.3765625 0.5395833328124999 0.36875 0.5291666671875 0.3609375 0.5291666671875 0.125 0.5458333328125 0.1140625 0.5520833328125 0.0953125 0.5479166671875 0.0765625 0.5625 0 0.5666666671875 0 0.9979166671874999
12 0.765625 0 0.496875 0.3416666671875 0.446875 0.3958333328125 0.421875 0.4375 0.434375 0.44375 0.4625 0.40416666718750005 0.471875 0.40625 0.471875 0.4458333328125 0.4609375 0.49583333281249997 0.475 0.5041666671875 0.453125 0.5125 0.4609375 0.5208333328125 0.459375 0.5291666671875 0.4375 0.53125 0.4390625 0.5541666671875001 0.475 0.575 0.46875 0.5791666671875 0.4703125 0.5916666671875 0.48125 0.5791666671875 0.5125 0.6020833328124999 0.525 0.63125 0.5328125 0.6166666671875001 0.559375 0.6354166671875 0.5671875 0.6791666671875001 0.575 0.68125 0.578125 0.6520833328125 0.6234375 0.6791666671875001 0.634375 0.69375 0.6390625 0.75625 0.64375 0.7541666671875 0.6390625 0.7354166671875 0.653125 0.73125 0.6578125 0.7104166671875001 0.665625 0.7125 0.7765625 0.7958333328125 0.7875 0.8083333328125001 0.7890625 0.8458333328125001 0.8015625 0.8645833328125001 0.8125 0.8666666671875 0.8328125 0.8625 0.834375 0.80625 0.884375 0.81875 0.8921875 0.8020833328125001 0.91875 0.8 0.921875 0.8104166671874999 0.9328125 0.8125 0.93125 0.8041666671875 0.9375 0.8 0.95 0.8145833328125001 0.95 0.7958333328125 0.9640625 0.8125 0.9765625 0.8104166671874999 0.971875 0.8041666671875 0.9765625 0.7979166671875 0.9984375 0.7958333328125 0.9984375 0.010416667187500001 0.8734375 0 0.8651442312500001 0 0.765625 0
7 0.5359375 0.08333333281250001 0.5890625 0.07291666718749999 0.5953125 0.0625 0.5921875 0.0416666671875 0.5640625 0.0270833328125 0.55625 0.0270833328125 0.515625 0.0395833328125 0.5078125 0.05 0.509375 0.07083333281250001 0.5359375 0.08333333281250001
7 0.2234375 0.32083333281250004 0.2015625 0.2958333328125 0.1953125 0.2958333328125 0.196875 0.3104166671875 0.215625 0.33125 0.225 0.33125 0.2234375 0.32083333281250004
4 0.140625 0.475 0.134375 0.4625 0.06875 0.45625 0.0640625 0.45625 0.0625 0.49791666718750005 0.0796875 0.5395833328124999 0.140625 0.5354166671875 0.140625 0.475
10 0.0984375 0.38125 0.090625 0.38125 0.075 0.41041666718750003 0.078125 0.44166666718750003 0.1078125 0.4375 0.0984375 0.38125
10 0 0.55 0.0109375 0.5291666671875 0.009375 0.48125 0.0328125 0.45208333281249996 0.0328125 0.4375 0.040625 0.425 0.0359375 0.40208333281249997 0.028125 0.39375 0.025 0.39375 0.0046875 0.41875 0.00625 0.4375 0 0.44166666718750003 0 0.55
14 0.0828125 0.55 0.0671875 0.5208333328125 0.0609375 0.4916666671875 0.0625 0.45416666718750004 0.075 0.42291666718750004 0.0453125 0.4166666671875 0.04375 0.4166666671875 0.025 0.46666666718750005 0.021875 0.51875 0.0046875 0.5541666671875001 0.0828125 0.55
10 0.1328125 0.43333333281249997 0.121875 0.43958333281249995 0.1203125 0.45 0.1265625 0.45208333281249996 0.1328125 0.43958333281249995 0.1375 0.44375 0.1359375 0.4604166671875 0.146875 0.50625 0.1421875 0.5354166671875 0.1546875 0.5375 0.159375 0.40416666718750005 0.153125 0.3875 0.1375 0.3791666671875 0.13125 0.36666666718749996 0.1265625 0.36666666718749996 0.121875 0.3791666671875 0.134375 0.3916666671875 0.1359375 0.4125 0.1328125 0.43333333281249997
10 0.071875 0.40625 0.0671875 0.3854166671875 0.05625 0.375 0.05625 0.35625 0.05 0.35625 0.0296875 0.3916666671875 0.0421875 0.4145833328125 0.0671875 0.41875 0.071875 0.40625
10 0.403125 0.525 0.4078125 0.5291666671875 0.41875 0.525 0.415625 0.45 0.43125 0.40416666718750005 0.4296875 0.3854166671875 0.4265625 0.3854166671875 0.4125 0.4166666671875 0.3984375 0.4270833328125 0.4046875 0.45 0.403125 0.525
7 0.2390625 0.0645833328125 0.2515625 0.0625 0.2640625 0.0479166671875 0.2625 0.03125 0.2453125 0.014583332812499999 0.1953125 0.0083333328125 0.190625 0.0083333328125 0.165625 0.0208333328125 0.1703125 0.0458333328125 0.1984375 0.060416667187499995 0.2390625 0.0645833328125