11 0.2125 0.32734375 0.090625 0.59140625
11 0.34296875 0.46484375 0.1578125 0.32890625
5 0.78828125 0.40859375 0.0859375 0.23359375
5 0.8765625 0.403125 0.090625 0.24375
15 0.4984375 0.75546875 0.996875 0.48125
7 0.134375 0.04609375 0.075 0.05
7 0.765625 0.2625 0.025 0.05
7 0.32734375 0.1125 0.0515625 0.02890625
7 0.44296875 0.19453125 0.0578125 0.03125
7 0.3109375 0.16953125 0.04375 0.02734375
7 0.38046875 0.21484375 0.0234375 0.01640625
7 0.43984375 0.12421875 0.0296875 0.02265625
7 0.9234375 0.11875 0.025 0.02109375
7 0.83359375 0.24765625 0.0296875 0.02109375
10 0.4 0.396875 0.0875 0.38125
10 0.14921875 0.40078125 0.0515625 0.29765625
10 0.71171875 0.41875 0.0359375 0.2625
10 0.65703125 0.42109375 0.0671875 0.3
10 0.27578125 0.42109375 0.0453125 0.2875