7 0 0.1854166671875 0.00625 0.1833333328125 0.0046875 0.1729166671875 0 0.1729166671875 0 0.1854166671875
5 0.3171875 0.3458333328125 0.3453125 0.40208333281249997 0.3421875 0.5291666671875 0.4890625 0.5166666671875 0.4953125 0.5083333328124999 0.5484375 0.5104166671875 0.5515625 0.26875 0.3109375 0.2666666671875 0.303125 0.2666666671875 0.2984375 0.2770833328125 0.3015625 0.35208333281250004 0.309375 0.35625 0.3171875 0.3458333328125
7 0.4984375 0.2125 0.4953125 0.2125 0.4859375 0.21458333281250003 0.484375 0.225 0.496875 0.2270833328125 0.4984375 0.2125
10 0 0.5 0.028125 0.55625 0.025 0.5645833328125 0.015625 0.5645833328125 0.0328125 0.5770833328125 0.0515625 0.575 0.065625 0.5645833328125 0.04375 0.5541666671875001 0.0328125 0.5375 0.015625 0.45208333281249996 0.0171875 0.34375 0.0234375 0.3395833328125 0.0359375 0.3479166671875 0.0390625 0.33125 0.0296875 0.325 0.0328125 0.3145833328125 0.025 0.30625 0.025 0.28125 0.003125 0.25833333281250004 0 0.25833333281250004 0 0.5
7 0.0453125 0.23958333281250002 0.0375 0.23958333281250002 0.03125 0.25 0.0484375 0.2541666671875 0.053125 0.24375 0.0453125 0.23958333281250002
7 0.103125 0.1979166671875 0.1 0.1875 0.08984375 0.1875 0.0796875 0.1875 0.0796875 0.2 0.0984375 0.20208333281250002 0.103125 0.1979166671875
7 0.4109375 0.325 0.3875 0.2916666671875 0.384375 0.2916666671875 0.3796875 0.2958333328125 0.384375 0.30625 0.4015625 0.325 0.4109375 0.325
7 0.11875 0.23125 0.1109375 0.2270833328125 0.102734375 0.2270833328125 0.071875 0.23333333281250002 0.0828125 0.24583333281250003 0.1171875 0.2479166671875 0.11875 0.23125
1 0.2125 0.30625 0.190625 0.3020833328125 0.1890625 0.3 0.184375 0.43333333281249997 0.1859375 0.4166666671875 0.2140625 0.3770833328125 0.2125 0.30625
11 0.1671875 0.3291666671875 0.1640625 0.3729166671875 0.1703125 0.3895833328125 0.1609375 0.40208333281249997 0.1625 0.45 0.1828125 0.4291666671875 0.1828125 0.21875 0.16875 0.2 0.1703125 0.1520833328125 0.1625 0.1520833328125 0.1234375 0.1520833328125 0.1171875 0.1604166671875 0.1171875 0.3125 0.1671875 0.3291666671875
14 0.1921875 0.5479166671875 0.2625 0.54375 0.2421875 0.4895833328125 0.24375 0.4458333328125 0.25625 0.4145833328125 0.2296875 0.4125 0.228125 0.41041666718750003 0.209375 0.45 0.2046875 0.5083333328124999 0.1890625 0.5395833328124999 0.1921875 0.5479166671875
10 0.25 0.5166666671875 0.259375 0.53125 0.2640625 0.5083333328124999 0.253125 0.4291666671875 0.2515625 0.4291666671875 0.24375 0.45208333281249996 0.24375 0.48333333281249996 0.2484375 0.48333333281249996 0.25 0.5166666671875
15 0.3125 0.5375 0.2671875 0.54375 0.2609375 0.5520833328125 0.1703125 0.5541666671875001 0.1515625 0.5666666671875 0.125 0.55625 0.1078125 0.5666666671875 0.078125 0.5604166671875 0.0609375 0.5854166671875001 0.003125 0.5875 0 0.9979166671874999 0.9796875 0.99375 0.975 0.9875 0.9828125 0.9854166671875 0.9703125 0.9854166671875 0.9671875 0.96875 0.9546875 0.96875 0.9453125 0.94375 0.940625 0.8333333328125001 0.9328125 0.8208333328125 0.825 0.7291666671875 0.8171875 0.7416666671875001 0.8109375 0.8020833328125001 0.7984375 0.8 0.7953125 0.775 0.7875 0.76875 0.7875 0.7416666671875001 0.7796875 0.73125 0.7828125 0.7083333328125 0.775 0.6895833328125 0.746875 0.6645833328124999 0.7390625 0.6916666671875 0.7265625 0.7020833328125 0.6578125 0.6333333328124999 0.6390625 0.6020833328124999 0.6046875 0.5666666671875 0.596875 0.53125 0.5546875 0.5333333328125 0.5484375 0.5208333328125 0.546875 0.5208333328125 0.4421875 0.525 0.428125 0.5333333328125 0.3375 0.5416666671875 0.3125 0.5375
4 0.3234375 0.5229166671875001 0.321875 0.46875 0.2953125 0.45416666718750004 0.28671875 0.45416666718750004 0.259375 0.45625 0.265625 0.5291666671875 0.3171875 0.53125 0.3234375 0.5229166671875001
10 0.309375 0.4375 0.3125 0.44375 0.3171875 0.43541666718750005 0.3203125 0.43958333281249995 0.31875 0.45625 0.3296875 0.5020833328125 0.325 0.5291666671875 0.33125 0.5354166671875 0.3390625 0.53125 0.340625 0.39791666718749996 0.33125 0.375 0.3125 0.3625 0.3109375 0.3604166671875 0.30625 0.3729166671875 0.31875 0.3875 0.31875 0.41041666718750003 0.309375 0.4375
10 0.296875 0.4270833328125 0.2828125 0.375 0.278125 0.375 0.2640625 0.40208333281249997 0.2609375 0.45 0.28125 0.45 0.296875 0.4270833328125
10 0.23125 0.41041666718750003 0.259375 0.4145833328125 0.25625 0.38333333281250004 0.24375 0.35208333281250004 0.2421875 0.35208333281250004 0.2296875 0.375 0.21875 0.38125 0.21875 0.3895833328125 0.23125 0.41041666718750003
10 0.1859375 0.4916666671875 0.1890625 0.47083333281249995 0.2125 0.44375 0.2109375 0.40625 0.2015625 0.3958333328125 0.2 0.3958333328125 0.1828125 0.43958333281249995 0.1609375 0.4625 0.1640625 0.49375 0.1859375 0.4916666671875
10 0.1140625 0.4291666671875 0.1171875 0.53125 0.121875 0.5395833328124999 0.13125 0.5375 0.1328125 0.46875 0.1375 0.46458333281249997 0.146875 0.5395833328124999 0.1578125 0.5458333328125 0.1578125 0.39791666718749996 0.1640625 0.3645833328125 0.15 0.33125 0.125 0.3125 0.1234375 0.3125 0.1109375 0.3604166671875 0.1109375 0.3708333328125 0.1203125 0.36875 0.1140625 0.4291666671875
14 0.078125 0.5354166671875 0.0765625 0.51875 0.06875 0.51875 0.06875 0.49583333281249997 0.0671875 0.49583333281249997 0.059375 0.5229166671875001 0.0671875 0.5541666671875001 0.0734375 0.55625 0.078125 0.5354166671875
14 0.0375 0.5 0.03125 0.5041666671875 0.0375 0.5125 0.0328125 0.5270833328125 0.0390625 0.54375 0.053125 0.5416666671875 0.05625 0.53125 0.0484375 0.51875 0.0609375 0.5125 0.05625 0.5104166671875 0.0546875 0.4770833328125 0.0640625 0.46875 0.0671875 0.48125 0.0703125 0.46875 0.0796875 0.47291666718750003 0.090625 0.4604166671875 0.0859375 0.55625 0.0953125 0.55625 0.0984375 0.5458333328125 0.11875 0.5479166671875 0.1125 0.5354166671875 0.1140625 0.45208333281249996 0.096875 0.44375 0.0875 0.44375 0.01875 0.45416666718750004 0.025 0.47083333281249995 0.0390625 0.475 0.0375 0.5
10 0.0734375 0.46875 0.071875 0.46666666718750005 0.065625 0.46875 0.0703125 0.5520833328125 0.0828125 0.47083333281249995 0.0734375 0.46875
10 0.0453125 0.44375 0.0875 0.43958333281249995 0.0875 0.4145833328125 0.1 0.3729166671875 0.084375 0.3458333328125 0.0890625 0.3291666671875 0.084375 0.3145833328125 0.0734375 0.3145833328125 0.0703125 0.3416666671875 0.0515625 0.35 0.04375 0.36666666718749996 0.0453125 0.44375
12 0.9078125 0 0.9 0.0083333328125 0.7 0.2854166671875 0.6859375 0.32083333281250004 0.6734375 0.325 0.6140625 0.39375 0.6015625 0.42291666718750004 0.6 0.5208333328125 0.60625 0.5541666671875001 0.61875 0.5520833328125 0.6265625 0.56875 0.634375 0.56875 0.6375 0.5895833328125 0.6484375 0.5791666671875 0.653125 0.5916666671875 0.659375 0.5854166671875001 0.6578125 0.6125 0.665625 0.6208333328125 0.678125 0.6229166671875 0.684375 0.6104166671875 0.6921875 0.6520833328125 0.69375 0.6333333328124999 0.70625 0.6270833328125 0.71875 0.6375 0.703125 0.6416666671875 0.703125 0.6520833328125 0.715625 0.6541666671875 0.7203125 0.6729166671875 0.7328125 0.675 0.7390625 0.6541666671875 0.784375 0.6916666671875 0.790625 0.7416666671875001 0.809375 0.7416666671875001 0.8109375 0.7208333328125 0.8171875 0.7166666671875 0.9328125 0.8145833328125001 0.9453125 0.83125 0.946875 0.8958333328125001 0.9828125 0.89375 0.984375 0.8666666671875 0.9984375 0.8708333328125001 0.9984375 0 0.9901988640624999 0 0.9078125 0
10 0.625 0.36666666718749996 0.60625 0.4145833328125 0.634375 0.3729166671875 0.6328125 0.36666666718749996 0.625 0.36666666718749996
7 0.3515625 0 0.3515625 0.01875 0.359375 0.03125 0.384375 0.04375 0.428125 0.04375 0.446875 0.0270833328125 0.44375 0 0.43536931875 0 0.3515625 0
7 0.70625 0 0.7046875 0.0166666671875 0.7234375 0.0354166671875 0.7609375 0.0354166671875 0.7953125 0.0208333328125 0.803125 0 0.7950520828125 0 0.70625 0