11 0.15859375 0.38515625 0.0578125 0.38359375
18 0.56875 0.39609375 0.259375 0.25859375
5 0.63046875 0.39609375 0.1296875 0.25
5 0.53671875 0.43671875 0.0671875 0.17734375
12 0.88984375 0.48203125 0.2171875 0.28125
15 0.4984375 0.75703125 0.996875 0.47734375
7 0.52109375 0.315625 0.0234375 0.03515625
7 0.50859375 0.50546875 0.0265625 0.04375
7 0.0375 0.13828125 0.075 0.03984375
7 0.1765625 0.18984375 0.046875 0.025
7 0.9203125 0.01875 0.10625 0.0375
7 0.065625 0.08828125 0.0375 0.02734375
7 0.26796875 0.20546875 0.0265625 0.01875
7 0.26015625 0.24921875 0.0515625 0.02265625
7 0.56171875 0.028125 0.0984375 0.05625
10 0.3015625 0.42890625 0.075 0.26640625
10 0.48203125 0.44609375 0.0359375 0.18359375
10 0.44296875 0.44921875 0.0421875 0.20234375
10 0.2421875 0.353125 0.034375 0.05234375
10 0.4609375 0.44609375 0.034375 0.19140625