10 0.17322443125 0 0 0.0020833328125000002 0 0.5770833328125 0.0015625 0.5479166671875 0.0375 0.3875 0.0390625 0.3458333328125 0.0546875 0.2854166671875 0.0671875 0.35208333281250004 0.065625 0.79375 0.0703125 0.8166666671874999 0.05625 0.89375 0.0734375 0.9020833328125001 0.096875 0.9020833328125001 0.184375 0.875 0.2078125 0.8604166671875 0.215625 0.8458333328125001 0.2125 0.825 0.1734375 0.80625 0.159375 0.7854166671875 0.1546875 0.74375 0.1609375 0.7166666671875 0.1609375 0.46666666718750005 0.184375 0.33125 0.1875 0.26875 0.2140625 0.1770833328125 0.2140625 0.1520833328125 0.190625 0.0791666671875 0.1921875 0.05208333281250001 0.18125 0 0.17322443125 0
7 0.190625 0.2708333328125 0.190625 0.2833333328125 0.2015625 0.2791666671875 0.1984375 0.2708333328125 0.190625 0.2708333328125
15 0 0.9979166671874999 0.9984375 0.9979166671874999 0.9984375 0.61875 0.978125 0.6166666671875001 0.95625 0.6291666671875 0.946875 0.6166666671875001 0.91875 0.6354166671875 0.8875 0.6333333328124999 0.884375 0.6270833328125 0.88125 0.6354166671875 0.865625 0.6375 0.765625 0.63125 0.7515625 0.6145833328125 0.6578125 0.5666666671875 0.6109375 0.53125 0.5375 0.525 0.5328125 0.525 0.3453125 0.5458333328125 0.33125 0.5583333328125 0.3140625 0.5520833328125 0.2203125 0.5520833328125 0.171875 0.575 0.165625 0.5979166671875 0.1640625 0.6541666671875 0.1703125 0.6583333328125 0.1734375 0.68125 0.1953125 0.69375 0.2 0.7083333328125 0.1921875 0.7229166671875 0.165625 0.7354166671875 0.171875 0.7583333328124999 0.1640625 0.7770833328125 0.1703125 0.7791666671875 0.16875 0.7875 0.1859375 0.79375 0.1765625 0.7979166671875 0.1796875 0.8020833328125001 0.215625 0.8208333328125 0.2171875 0.8520833328125 0.209375 0.8666666671875 0.184375 0.8833333328125 0.1578125 0.8895833328125 0.1546875 0.8979166671875 0.0796875 0.9125 0.0625 0.9104166671874999 0.0484375 0.8958333328125001 0.0625 0.8416666671874999 0.0609375 0.59375 0.0484375 0.58125 0.0171875 0.5833333328125 0.0265625 0.59375 0.0234375 0.61875 0 0.6270833328125 0 0.8479166671874999 0.00625 0.8604166671875 0 0.8666666671875 0 0.9979166671874999
7 0.765625 0 0.75625 0.014583332812499999 0.7546875 0.0375 0.778125 0.05 0.8328125 0.04375 0.859375 0.0208333328125 0.85625 0 0.8480113640625 0 0.765625 0
10 0.3578125 0.475 0.371875 0.46458333281249997 0.384375 0.43541666718750005 0.3734375 0.39791666718749996 0.36875 0.39791666718749996 0.3484375 0.4458333328125 0.346875 0.46458333281249997 0.3578125 0.4625 0.3578125 0.475
4 0.3859375 0.5041666671875 0.3984375 0.53125 0.446875 0.525 0.434375 0.49375 0.4390625 0.45416666718750004 0.42890625 0.45416666718750004 0.415625 0.45625 0.4125 0.46666666718750005 0.3859375 0.46875 0.3859375 0.5041666671875
10 0.4578125 0.5041666671875 0.465625 0.5229166671875001 0.4640625 0.46458333281249997 0.4734375 0.43125 0.4515625 0.3958333328125 0.45 0.3958333328125 0.4453125 0.40208333281249997 0.45 0.5229166671875001 0.45625 0.5208333328125 0.4578125 0.5041666671875
7 0.453125 0.3416666671875 0.4515625 0.3479166671875 0.4703125 0.3645833328125 0.4609375 0.3416666671875 0.453125 0.3416666671875
10 0.3140625 0.5270833328125 0.3203125 0.5416666671875 0.3359375 0.5208333328125 0.3375 0.41875 0.34375 0.40625 0.325 0.3625 0.3203125 0.3625 0.303125 0.39791666718749996 0.3109375 0.4125 0.3078125 0.5291666671875 0.3140625 0.5270833328125
10 0.621875 0.5291666671875 0.634375 0.5270833328125 0.6375 0.44375 0.6421875 0.43125 0.65 0.43333333281249997 0.6421875 0.40833333281249995 0.6359375 0.40625 0.6296875 0.40625 0.61875 0.44166666718750003 0.609375 0.45208333281249996 0.621875 0.46666666718750005 0.621875 0.5291666671875
14 0.25 0.5270833328125 0.2421875 0.5479166671875 0.3 0.54375 0.2875 0.50625 0.2875 0.46875 0.2984375 0.43125 0.2796875 0.4270833328125 0.2697916671875 0.4270833328125 0.24375 0.43125 0.2546875 0.4791666671875 0.25 0.48541666718750004 0.25 0.5270833328125
14 0.390625 0.4458333328125 0.38125 0.4458333328125 0.3484375 0.5354166671875 0.396875 0.5333333328125 0.384375 0.5020833328125 0.390625 0.4458333328125
10 0.2859375 0.3854166671875 0.2796875 0.3791666671875 0.278125 0.3770833328125 0.2609375 0.41041666718750003 0.2609375 0.425 0.2859375 0.42291666718750004 0.2859375 0.3854166671875
7 0.4703125 0.175 0.5125 0.1729166671875 0.5171875 0.1520833328125 0.5015625 0.1416666671875 0.49312500000000004 0.1416666671875 0.459375 0.1416666671875 0.45 0.14791666718750002 0.4484375 0.1604166671875 0.4703125 0.175
7 0.734375 0.1708333328125 0.771875 0.1583333328125 0.771875 0.1395833328125 0.75625 0.13125 0.7484375 0.13125 0.7125 0.1375 0.703125 0.14791666718750002 0.7046875 0.16458333281249998 0.734375 0.1708333328125
7 0.275 0.31875 0.278125 0.2875 0.271875 0.28125 0.2609375 0.28125 0.2625 0.2979166671875 0.2390625 0.30416666718749996 0.240625 0.3145833328125 0.275 0.31875
12 0.640625 0.54375 0.7203125 0.5979166671875 0.76875 0.625 0.796875 0.63125 0.903125 0.6333333328124999 0.9984375 0.6145833328125 0.9984375 0.35208333281250004 0.9265625 0.35208333281250004 0.9203125 0.3583333328125 0.828125 0.35208333281250004 0.8234375 0.35208333281250004 0.759375 0.3625 0.6421875 0.44166666718750003 0.6359375 0.53125 0.640625 0.54375