15 0 0.9979166671874999 0.9984375 0.9979166671874999 0.9984375 0.5604166671875 0.8875 0.55625 0.8828125 0.55625 0.8640625 0.58125 0.8625 0.575 0.7515625 0.575 0.675 0.5854166671875001 0.6046875 0.58125 0.571875 0.5916666671875 0.5640625 0.5854166671875001 0.55625 0.59375 0.4859375 0.6104166671875 0.40625 0.6041666671875 0.3984375 0.6125 0.39375 0.6041666671875 0.3921875 0.6125 0.3796875 0.6083333328125 0.2828125 0.6354166671875 0.25625 0.61875 0.1875 0.63125 0.184375 0.6166666671875001 0.1859375 0.6541666671875 0.1796875 0.6708333328125 0.1375 0.6708333328125 0.13125 0.6625 0.1046875 0.6708333328125 0.0953125 0.6645833328124999 0.0875 0.6729166671875 0.05 0.6729166671875 0.040625 0.6854166671875 0 0.6875 0 0.9979166671874999
5 0.990625 0 0.5640625 0.0666666671875 0.4984375 0.08125 0.4859375 0.0916666671875 0.4828125 0.1729166671875 0.5046875 0.1895833328125 0.5015625 0.20833333281250002 0.5140625 0.23333333281250002 0.515625 0.34375 0.5484375 0.3583333328125 0.5375 0.39791666718749996 0.5390625 0.41875 0.5484375 0.43541666718750005 0.5609375 0.43541666718750005 0.575 0.46458333281249997 0.5953125 0.46666666718750005 0.6046875 0.48125 0.60625 0.5645833328125 0.8484375 0.56875 0.8625 0.5666666671875 0.8765625 0.5520833328125 0.9984375 0.5520833328125 0.9984375 0 0.990625 0
7 0.6765625 0.1875 0.6734375 0.16875 0.6484375 0.1291666671875 0.646875 0.1291666671875 0.6390625 0.13333333281249998 0.640625 0.1458333328125 0.6640625 0.1854166671875 0.6765625 0.1875
7 0.6875 0.19583333281249998 0.678125 0.19583333281249998 0.6828125 0.21458333281250003 0.6953125 0.2208333328125 0.696875 0.20833333281250002 0.6875 0.19583333281249998
10 0.196875 0.30416666718749996 0.1890625 0.3729166671875 0.2015625 0.39791666718749996 0.2 0.5020833328125 0.2078125 0.5958333328125 0.2109375 0.6104166671875 0.2359375 0.60625 0.228125 0.59375 0.225 0.5083333328124999 0.234375 0.4375 0.24375 0.4291666671875 0.26875 0.5104166671875 0.2765625 0.60625 0.28125 0.61875 0.3140625 0.6166666671875001 0.3328125 0.6083333328125 0.3328125 0.6020833328124999 0.303125 0.5854166671875001 0.2859375 0.43333333281249997 0.2953125 0.3916666671875 0.3015625 0.3875 0.2984375 0.3708333328125 0.30625 0.3645833328125 0.30625 0.34375 0.2921875 0.3 0.278125 0.20416666718749998 0.259375 0.1895833328125 0.2640625 0.1583333328125 0.259375 0.1416666671875 0.246875 0.13125 0.24375 0.13125 0.23125 0.1458333328125 0.23125 0.1770833328125 0.1921875 0.21875 0.196875 0.30416666718749996
10 0.1671875 0.2791666671875 0.171875 0.3895833328125 0.184375 0.4458333328125 0.1796875 0.5979166671875 0.1890625 0.6020833328124999 0.2015625 0.6 0.2015625 0.5833333328125 0.2078125 0.5791666671875 0.203125 0.575 0.2 0.5145833328125 0.2015625 0.39791666718749996 0.1875 0.3770833328125 0.19375 0.3270833328125 0.19375 0.30416666718749996 0.19375 0.29375 0.19375 0.2625 0.19375 0.2104166671875 0.23125 0.1770833328125 0.21875 0.1625 0.2109375 0.1625 0.196875 0.17916666718750002 0.1921875 0.21458333281250003 0.171875 0.2416666671875 0.1671875 0.2791666671875
14 0 0.6791666671875001 0.0875 0.65625 0.153125 0.6520833328125 0.178125 0.6583333328125 0.178125 0.6395833328125 0.15625 0.6145833328125 0.1296875 0.5541666671875001 0.11875 0.4895833328125 0.1203125 0.3895833328125 0.130095878125 0.3537965515625 0.1421875 0.3104166671875 0.1671875 0.2666666671875 0.165625 0.2541666671875 0.115625 0.23125 0.0109375 0.22291666718749997 0.009375 0.2208333328125 0 0.22291666718749997 0 0.6791666671875001
10 0.4734375 0.28125 0.4671875 0.2875 0.446875 0.28125 0.4390625 0.3270833328125 0.45 0.3270833328125 0.45625 0.30416666718749996 0.4703125 0.3125 0.4703125 0.47083333281249995 0.4890625 0.5354166671875 0.490625 0.5645833328125 0.4703125 0.5791666671875 0.465625 0.59375 0.490625 0.6 0.51875 0.5875 0.503125 0.45625 0.515625 0.3875 0.5140625 0.2708333328125 0.503125 0.22291666718749997 0.484375 0.2166666671875 0.4640625 0.18125 0.4515625 0.18125 0.440625 0.2166666671875 0.4515625 0.23541666718749998 0.475 0.24375 0.4734375 0.28125
10 0.3625 0.3229166671875 0.3609375 0.3583333328125 0.3765625 0.36875 0.3734375 0.3958333328125 0.4140625 0.3958333328125 0.425 0.33125 0.4328125 0.3375 0.4375 0.3583333328125 0.45625 0.34375 0.4484375 0.33125 0.440625 0.3333333328125 0.4390625 0.3145833328125 0.4234375 0.29375 0.421875 0.24583333281250003 0.409375 0.23541666718749998 0.40625 0.23541666718749998 0.396875 0.2520833328125 0.396875 0.2791666671875 0.3765625 0.28958333281250004 0.3625 0.3229166671875
4 0.1734375 0.5666666671875 0.18125 0.48541666718750004 0.1765625 0.4270833328125 0.16640625 0.4270833328125 0.153125 0.4291666671875 0.153125 0.5604166671875 0.1640625 0.5541666671875001 0.1734375 0.5666666671875
10 0.253125 0.5916666671875 0.2603748078125 0.5889799671875 0.25814843125000003 0.5782983500000001 0.24211849531250001 0.5593088374999999 0.251024 0.4613941875 0.24375 0.43541666718750005 0.240625 0.43541666718750005 0.2265625 0.5125 0.2265625 0.55 0.234375 0.5895833328125 0.253125 0.5916666671875
7 0.028125 0.05208333281250001 0.025 0.05208333281250001 0.01875 0.0645833328125 0.0296875 0.07291666718749999 0.0328125 0.05625 0.028125 0.05208333281250001
4 0.309375 0.5833333328125 0.4578125 0.5791666671875 0.4765625 0.56875 0.4796875 0.5229166671875001 0.46875 0.475 0.465625 0.4125 0.4578125 0.4270833328125 0.446875 0.4270833328125 0.4109375 0.4166666671875 0.40625 0.40625 0.3125 0.4 0.3046875 0.4 0.2953125 0.41875 0.29375 0.4583333328125 0.3 0.5458333328125 0.309375 0.5833333328125
14 0.5259069265625 0.5799191125000001 0.5354274375 0.581731675 0.5626291203125 0.5926071796875 0.561268959375 0.5762939203124999 0.5259069265625 0.5092281234375 0.527266984375 0.45847565156250003 0.5354274375 0.3877846625 0.5463081109375 0.3624084609375 0.532707321875 0.35878326875 0.5189562390625 0.3495983265625 0.5218266484375 0.37872171875 0.5027856265625 0.46391340468750003 0.5259069265625 0.5799191125000001