11 0.065625 0.46484375 0.059375 0.3625
5 0.5359375 0.384375 0.109375 0.36875
15 0.49921875 0.78125 0.9984375 0.43359375
7 0.55625 0.24140625 0.034375 0.02890625
7 0.25234375 0.353125 0.0265625 0.03125
7 0.1484375 0.140625 0.01875 0.04765625
7 0.684375 0.24453125 0.0375 0.02734375
7 0.65625 0.35 0.0375 0.04140625
10 0.28671875 0.39921875 0.1140625 0.41015625
10 0.91796875 0.3875 0.1234375 0.44609375
10 0.4203125 0.39453125 0.09375 0.41875
10 0.70703125 0.421875 0.0703125 0.33125
10 0.8171875 0.40234375 0.084375 0.275