5 0.9885416671874999 0 0.559375 0.075 0.5015625 0.0916666671875 0.5 0.16875 0.50625 0.1979166671875 0.5109375 0.20416666718749998 0.51875 0.2208333328125 0.521875 0.2479166671875 0.5328125 0.26875 0.53125 0.3395833328125 0.540625 0.3541666671875 0.559375 0.35625 0.565625 0.3645833328125 0.546875 0.42083333281249996 0.546875 0.45625 0.615625 0.47083333281249995 0.6203125 0.5229166671875001 0.6140625 0.55625 0.6625 0.55 0.73125 0.5583333328125 0.875 0.5520833328125 0.99375 0.5583333328125 0.9984375 0.5520833328125 0.9984375 0 0.9885416671874999 0
7 0.696875 0.20208333281250002 0.69375 0.20208333281250002 0.6921875 0.2166666671875 0.70625 0.225 0.70625 0.2104166671875 0.696875 0.20208333281250002
7 0.6890625 0.1979166671875 0.6859375 0.18125 0.6578125 0.1416666671875 0.6515625 0.1416666671875 0.65 0.1520833328125 0.6640625 0.175 0.678125 0.19583333281249998 0.6890625 0.1979166671875
11 0 0 0 0.60625 0.028125 0.6083333328125 0.0328125 0.6270833328125 0.0390625 0.6270833328125 0.0703125 0.5833333328125 0.090625 0.5041666671875 0.0859375 0.36875 0.075 0.3229166671875 0.053125 0.2833333328125 0.053125 0.27291666718749996 0.0640625 0.2625 0.059375 0.20833333281250002 0.0875 0.20208333281250002 0.090625 0.1875 0.09375 0 0.0859375 0 0 0
7 0.0953125 0.08333333281250001 0.0921875 0.0979166671875 0.0984375 0.0958333328125 0.096875 0.08541666718749999 0.0953125 0.08333333281250001
7 0.1046875 0.0270833328125 0.0984375 0.0270833328125 0.0953125 0.0395833328125 0.1 0.0479166671875 0.10625 0.04375 0.1046875 0.0270833328125
14 0.0953125 0.49791666718750005 0.08125 0.5645833328125 0.06875 0.5916666671875 0.0453125 0.61875 0.04375 0.6333333328124999 0.075 0.6291666671875 0.090625 0.65 0.165625 0.63125 0.2234375 0.6291666671875 0.240625 0.6354166671875 0.2421875 0.61875 0.203125 0.5520833328125 0.190625 0.4875 0.1921875 0.3916666671875 0.20625 0.33541666718749996 0.2296875 0.2833333328125 0.2015625 0.2645833328125 0.128125 0.25625 0.11875 0.25625 0.0703125 0.2604166671875 0.0546875 0.275 0.0875 0.35625 0.0953125 0.49791666718750005
10 0.4875 0.2625 0.4875 0.35625 0.4671875 0.3770833328125 0.4625 0.3958333328125 0.471875 0.4 0.48125 0.3916666671875 0.4890625 0.40416666718750005 0.496875 0.475 0.509375 0.5083333328124999 0.5078125 0.5583333328125 0.4828125 0.5791666671875 0.51875 0.5854166671875001 0.5390625 0.5708333328124999 0.5234375 0.46458333281249997 0.5328125 0.3645833328125 0.5265625 0.3375 0.53125 0.275 0.509375 0.22916666718749998 0.490625 0.23333333281250002 0.4765625 0.2104166671875 0.4671875 0.2104166671875 0.4578125 0.2208333328125 0.45625 0.2416666671875 0.4703125 0.2604166671875 0.4875 0.2625
14 0.5703125 0.5729166671875 0.5484375 0.525 0.5421875 0.4791666671875 0.54375 0.4145833328125 0.5609375 0.3625 0.5375 0.3604166671875 0.5359375 0.3583333328125 0.525 0.43333333281249997 0.5328125 0.5395833328124999 0.5421875 0.5645833328125 0.5703125 0.5729166671875
10 0.390625 0.3645833328125 0.403125 0.36875 0.4 0.4 0.4390625 0.4 0.44375 0.35208333281250004 0.453125 0.3375 0.4640625 0.3645833328125 0.478125 0.35625 0.4484375 0.3 0.4515625 0.2625 0.4421875 0.2520833328125 0.4359375 0.2520833328125 0.425 0.2875 0.403125 0.3 0.3890625 0.3416666671875 0.390625 0.3645833328125
10 0.25 0.31875 0.271875 0.40208333281249997 0.26875 0.5895833328125 0.2953125 0.5916666671875 0.2875 0.5604166671875 0.2875 0.5208333328125 0.30625 0.43333333281249997 0.33125 0.475 0.3265625 0.5958333328125 0.3671875 0.6 0.3765625 0.59375 0.3546875 0.575 0.353125 0.5604166671875 0.3546875 0.4583333328125 0.359375 0.4458333328125 0.3765625 0.45 0.378125 0.40625 0.36875 0.4 0.3625 0.375 0.3390625 0.23125 0.3203125 0.2166666671875 0.3203125 0.18125 0.3078125 0.1708333328125 0.30625 0.1708333328125 0.3 0.1729166671875 0.2890625 0.21458333281250003 0.259375 0.24375 0.25 0.31875
10 0.2328125 0.28125 0.2328125 0.2958333328125 0.221875 0.3104166671875 0.2234375 0.4 0.23125 0.4166666671875 0.234375 0.4625 0.228125 0.5354166671875 0.23125 0.5895833328125 0.2640625 0.5875 0.2640625 0.5729166671875 0.25 0.5583333328125 0.25 0.525 0.2671875 0.46458333281249997 0.2703125 0.42083333281249996 0.2453125 0.3166666671875 0.25625 0.24375 0.284375 0.2166666671875 0.2703125 0.1916666671875 0.2578125 0.1916666671875 0.25 0.2 0.240625 0.2375 0.221875 0.2625 0.2328125 0.28125
4 0.2296875 0.53125 0.23125 0.4458333328125 0.225 0.43125 0.2234375 0.43125 0.2109375 0.4375 0.209375 0.5395833328124999 0.2203125 0.5520833328125 0.2296875 0.53125
4 0.4765625 0.5645833328125 0.4890625 0.55625 0.4953125 0.5020833328125 0.4890625 0.4458333328125 0.48125 0.43125 0.4390625 0.42291666718750004 0.4296875 0.41041666718750003 0.3890625 0.40833333281249995 0.384375 0.40833333281249995 0.3796875 0.45 0.3578125 0.45625 0.359375 0.5666666671875 0.4765625 0.5645833328125
15 0 0.9979166671874999 0.9984375 0.9979166671874999 0.9953125 0.5666666671875 0.9859375 0.54375 0.9359375 0.54375 0.921875 0.54375 0.8765625 0.5479166671875 0.85625 0.5645833328125 0.60625 0.5708333328124999 0.5890625 0.58125 0.565625 0.5791666671875 0.5171875 0.59375 0.40625 0.6 0.3140625 0.6166666671875001 0.3015625 0.6041666671875 0.25625 0.60625 0.246875 0.6083333328125 0.24375 0.6416666671875 0.2171875 0.6479166671875001 0.190625 0.6416666671875 0.18125 0.65 0.1359375 0.65625 0.0796875 0.65625 0.059375 0.6416666671875 0.0328125 0.6395833328125 0.028125 0.65 0 0.65 0 0.9979166671874999