11 0.2453125 0.40546875 0.046875 0.31875
5 0.55859375 0.43828125 0.0578125 0.16484375
12 0.88671875 0.475 0.2203125 0.27890625
15 0.49921875 0.753125 0.9953125 0.48515625
7 0.08515625 0.07578125 0.0859375 0.04765625
7 0.54609375 0.32421875 0.0203125 0.03515625
7 0.9125 0.03828125 0.096875 0.06015625
7 0.14296875 0.18671875 0.0359375 0.03125
7 0.159375 0.14765625 0.03125 0.025
7 0.5859375 0.065625 0.0875 0.05234375
7 0.2140625 0.25234375 0.034375 0.02109375
7 0.31171875 0.26953125 0.0453125 0.02265625
7 0.24296875 0.225 0.0390625 0.025
7 0.00625 0.12109375 0.0125 0.02890625
7 0.32265625 0.23671875 0.0234375 0.01875
7 0.64765625 0.24296875 0.0171875 0.01875
7 0.94453125 0.22265625 0.0234375 0.02109375
10 0.09296875 0.36328125 0.1203125 0.52265625
10 0.51796875 0.44765625 0.0390625 0.16640625
10 0.175 0.44765625 0.04375 0.2125