5 0.4109375 0.51875 0.4609375 0.5125 0.459375 0.3375 0.4513392859375 0.3375 0.4 0.3395833328125 0.4 0.475 0.40625 0.48333333281249996 0.4109375 0.51875
15 0 0.9979166671874999 0.9984375 0.9979166671874999 0.9984375 0.9625 0.978125 0.9333333328125001 0.9625 0.9229166671875 0.9671875 0.91875 0.946875 0.8875 0.9453125 0.8729166671874999 0.9171875 0.8666666671875 0.9125 0.8604166671875 0.9171875 0.85625 0.9046875 0.8479166671874999 0.909375 0.8395833328125001 0.903125 0.84375 0.8796875 0.8229166671874999 0.871875 0.825 0.8140625 0.7770833328125 0.809375 0.7541666671875 0.7796875 0.7229166671875 0.7828125 0.7145833328125 0.7765625 0.71875 0.7515625 0.6958333328124999 0.746875 0.68125 0.734375 0.675 0.7375 0.66875 0.7203125 0.6583333328125 0.6828125 0.6041666671875 0.65625 0.58125 0.6375 0.53125 0.603125 0.5395833328124999 0.5828125 0.525 0.54375 0.525 0.5328125 0.525 0.34375 0.5395833328124999 0.340625 0.5458333328125 0.2984375 0.5458333328125 0.2796875 0.5541666671875001 0.215625 0.5541666671875001 0.2125 0.5625 0.1859375 0.55625 0.165625 0.5708333328124999 0.153125 0.5645833328125 0.1 0.5708333328124999 0.0671875 0.5645833328125 0.0578125 0.5916666671875 0.0046875 0.59375 0 0.5979166671875 0 0.9979166671874999
10 0 0.5833333328125 0.0109375 0.5833333328125 0.015625 0.56875 0.04375 0.575 0.0609375 0.5645833328125 0.0328125 0.5520833328125 0.0125 0.4916666671875 0.009375 0.43333333281249997 0.025 0.38125 0.034375 0.36875 0.009375 0.35625 0.0046875 0.3125 0.0359375 0.30625 0.0390625 0.2958333328125 0.003125 0.23333333281250002 0 0.23333333281250002 0 0.53125 0.0171875 0.5625 0.0140625 0.56875 0 0.5666666671875 0 0.5833333328125
7 0.0765625 0.23125 0.071875 0.22916666718749998 0.059375 0.22916666718749998 0.0546875 0.23333333281250002 0.0578125 0.2416666671875 0.0734375 0.24375 0.0765625 0.23125
7 0.1359375 0.23125 0.13125 0.21458333281250003 0.121875 0.21458333281250003 0.103125 0.21458333281250003 0.096875 0.225 0.1296875 0.2375 0.1359375 0.23125
7 0 0.2104166671875 0.009375 0.2104166671875 0.015625 0.2 0.0046875 0.1895833328125 0 0.1895833328125 0 0.2104166671875
10 0.2671875 0.43958333281249995 0.265625 0.475 0.2703125 0.5083333328124999 0.2796875 0.525 0.278125 0.4791666671875 0.284375 0.47291666718750003 0.29375 0.5270833328125 0.2828125 0.5291666671875 0.290625 0.5416666671875 0.3046875 0.5270833328125 0.290625 0.425 0.3 0.40625 0.2921875 0.3708333328125 0.275 0.3583333328125 0.275 0.35625 0.2546875 0.36875 0.246875 0.39375 0.28125 0.40833333281249995 0.2671875 0.43958333281249995
7 0.121875 0.8604166671875 0.1296875 0.8541666671874999 0.1296875 0.83125 0.1203125 0.83125 0.10625 0.8333333328125001 0.1 0.84375 0.103125 0.85625 0.121875 0.8604166671875
7 0.1234375 0.175 0.115625 0.16875 0.1078125 0.16875 0.096875 0.1708333328125 0.096875 0.17916666718750002 0.11875 0.1854166671875 0.1234375 0.175
7 0.5234375 0.1979166671875 0.5234375 0.21458333281250003 0.5375 0.2125 0.5375 0.1979166671875 0.5234375 0.1979166671875
7 0 0.1729166671875 0.025 0.1708333328125 0.028125 0.1604166671875 0.0125 0.15 0 0.15 0 0.1729166671875
7 0.840625 0.2770833328125 0.8125 0.3125 0.8234375 0.3125 0.8484375 0.2770833328125 0.840625 0.2770833328125
10 0.115625 0.42083333281249996 0.1265625 0.45208333281249996 0.128125 0.5479166671875 0.1390625 0.5479166671875 0.1453125 0.4895833328125 0.1515625 0.5083333328124999 0.1515625 0.5458333328125 0.165625 0.5541666671875001 0.1703125 0.3729166671875 0.178125 0.35208333281250004 0.1609375 0.2958333328125 0.153125 0.2875 0.1453125 0.2875 0.1375 0.2958333328125 0.1359375 0.32083333281250004 0.121875 0.34375 0.115625 0.42083333281249996
10 0.059375 0.43541666718750005 0.103125 0.43541666718750005 0.103125 0.40416666718750005 0.1109375 0.39791666718749996 0.115625 0.35625 0.0984375 0.3333333328125 0.1015625 0.30625 0.0953125 0.3 0.0890625 0.3 0.0828125 0.3333333328125 0.065625 0.3375 0.05625 0.3583333328125 0.059375 0.43541666718750005
10 0.325 0.4458333328125 0.35 0.43541666718750005 0.3484375 0.45416666718750004 0.359375 0.5 0.3515625 0.53125 0.3671875 0.5333333328125 0.36875 0.46458333281249997 0.375 0.43958333281249995 0.3703125 0.4270833328125 0.371875 0.3875 0.34375 0.35208333281250004 0.3375 0.35208333281250004 0.334375 0.36875 0.346875 0.3770833328125 0.346875 0.40208333281249997 0.325 0.4458333328125
10 0.3125 0.44166666718750003 0.3171875 0.44166666718750003 0.3265625 0.4145833328125 0.3125 0.36666666718749996 0.3078125 0.36666666718749996 0.2921875 0.42291666718750004 0.2953125 0.43125 0.3140625 0.43125 0.3125 0.44166666718750003
3 0.1890625 0.5458333328125 0.20625 0.54375 0.20625 0.5020833328125 0.2109375 0.49375 0.225 0.49583333281249997 0.225 0.45416666718750004 0.2234375 0.45208333281249996 0.2 0.4916666671875 0.16875 0.49583333281249997 0.1734375 0.51875 0.1890625 0.5458333328125
10 0.1734375 0.48541666718750004 0.2015625 0.48541666718750004 0.2078125 0.46666666718750005 0.234375 0.4375 0.2390625 0.3854166671875 0.2359375 0.3770833328125 0.21875 0.3791666671875 0.215625 0.375 0.20625 0.42291666718750004 0.19375 0.44166666718750003 0.1734375 0.45416666718750004 0.1734375 0.48541666718750004
10 0.253125 0.3416666671875 0.24375 0.3416666671875 0.2390625 0.3770833328125 0.246875 0.3895833328125 0.2578125 0.3583333328125 0.253125 0.3416666671875
10 0.6734375 0.35625 0.65 0.40416666718750005 0.6828125 0.36666666718749996 0.678125 0.35625 0.6734375 0.35625