15 0 0.9979166671874999 0.9984375 0.9979166671874999 0.9984375 0.5791666671875 0.9546875 0.5791666671875 0.94375 0.6020833328124999 0.9078125 0.60625 0.9015625 0.5895833328125 0.890625 0.5875 0.8734375 0.5875 0.86875 0.6 0.83125 0.5875 0.7109375 0.58125 0.6890625 0.5666666671875 0.621875 0.5666666671875 0.6140625 0.5770833328125 0.6015625 0.56875 0.5484375 0.5770833328125 0.5125 0.5729166671875 0.5015625 0.58125 0.475 0.5791666671875 0.4546875 0.5875 0.396875 0.575 0.3890625 0.5625 0.3875 0.5625 0.3890625 0.575 0.375 0.5833333328125 0.321875 0.5833333328125 0.3140625 0.5729166671875 0.2375 0.5729166671875 0.2359375 0.6041666671875 0.2296875 0.6166666671875001 0.20625 0.60625 0.215625 0.5979166671875 0.215625 0.5791666671875 0.2125 0.5708333328124999 0.196875 0.5666666671875 0.1953125 0.6020833328124999 0.20625 0.6125 0.153125 0.60625 0.0671875 0.6104166671875 0.0703125 0.6333333328124999 0.059375 0.64375 0 0.6479166671875001 0 0.9979166671874999
1 0.321875 0.5458333328125 0.29375 0.5229166671875001 0.315625 0.44166666718750003 0.303125 0.4125 0.3046875 0.38333333281250004 0.2953125 0.3645833328125 0.296875 0.31875 0.328125 0.2770833328125 0.3265625 0.2416666671875 0.340625 0.22916666718749998 0.35625 0.23333333281250002 0.35625 0.2 0.3453125 0.1895833328125 0.309375 0.18125 0.30078125 0.18125 0.2890625 0.1854166671875 0.2890625 0.5666666671875 0.31875 0.56875 0.321875 0.5458333328125
10 0.296875 0.3625 0.3078125 0.3770833328125 0.3078125 0.4166666671875 0.3171875 0.42083333281249996 0.325 0.45625 0.33125 0.45208333281249996 0.3546875 0.47291666718750003 0.3546875 0.50625 0.35 0.5083333328124999 0.34375 0.49583333281249997 0.34375 0.5145833328125 0.3546875 0.51875 0.3578125 0.5479166671875 0.346875 0.5479166671875 0.3453125 0.5270833328125 0.315625 0.53125 0.325 0.5375 0.3234375 0.5770833328125 0.3796875 0.5770833328125 0.384375 0.575 0.371875 0.5583333328125 0.36875 0.5416666671875 0.378125 0.4270833328125 0.3625 0.3708333328125 0.36875 0.3083333328125 0.35625 0.2833333328125 0.3546875 0.2416666671875 0.3453125 0.23333333281250002 0.3390625 0.23333333281250002 0.328125 0.24583333281250003 0.33125 0.275 0.3015625 0.3104166671875 0.296875 0.3625
10 0.415625 0.35625 0.421875 0.40416666718750005 0.4171875 0.4479166671875 0.4203125 0.47291666718750003 0.4265625 0.4791666671875 0.4296875 0.56875 0.4359375 0.5791666671875 0.465625 0.5791666671875 0.490625 0.3854166671875 0.490625 0.30625 0.465625 0.27291666718749996 0.4671875 0.23541666718749998 0.4578125 0.225 0.453125 0.225 0.440625 0.23541666718749998 0.4453125 0.275 0.4203125 0.30416666718749996 0.415625 0.35625
1 0.7 0.5541666671875001 0.7 0.5166666671875 0.678125 0.5125 0.6828125 0.4166666671875 0.6765625 0.36875 0.6859375 0.3395833328125 0.7015625 0.325 0.7046875 0.3 0.7203125 0.2854166671875 0.71875 0.24375 0.709765625 0.24375 0.6234375 0.2479166671875 0.6203125 0.5625 0.6890625 0.5645833328125 0.7 0.5541666671875001
10 0.6765625 0.3770833328125 0.684375 0.4145833328125 0.6796875 0.5145833328125 0.68125 0.5208333328125 0.6875 0.5145833328125 0.7015625 0.51875 0.7 0.56875 0.7125 0.5770833328125 0.734375 0.5666666671875 0.7359375 0.54375 0.734375 0.43333333281249997 0.7234375 0.3875 0.73125 0.35625 0.7203125 0.28958333281250004 0.715625 0.28958333281250004 0.70625 0.3020833328125 0.703125 0.3270833328125 0.684375 0.3458333328125 0.6765625 0.3770833328125
1 0.878125 0.2541666671875 0.875 0.2270833328125 0.884375 0.2166666671875 0.9109375 0.2208333328125 0.9125 0.2708333328125 0.928125 0.28958333281250004 0.934375 0.31875 0.9234375 0.3479166671875 0.9390625 0.3729166671875 0.9359375 0.39375 0.925 0.3916666671875 0.9328125 0.42083333281249996 0.9265625 0.48333333281249996 0.928125 0.5520833328125 0.93125 0.5666666671875 0.9421875 0.575 0.9453125 0.20833333281250002 0.925 0.2 0.915625 0.2 0.86875 0.20833333281250002 0.86875 0.2645833328125 0.8734375 0.2666666671875 0.878125 0.2541666671875
10 0.846875 0.30416666718749996 0.846875 0.325 0.8609375 0.3604166671875 0.8578125 0.48541666718750004 0.8484375 0.5791666671875 0.865625 0.58125 0.871875 0.5729166671875 0.8765625 0.49375 0.8921875 0.44166666718750003 0.9015625 0.4875 0.9078125 0.59375 0.9375 0.5958333328125 0.94375 0.5875 0.9296875 0.5729166671875 0.925 0.5520833328125 0.9265625 0.41875 0.9171875 0.3645833328125 0.93125 0.3145833328125 0.9234375 0.28125 0.9109375 0.2708333328125 0.9109375 0.225 0.9 0.2166666671875 0.8984375 0.2166666671875 0.8859375 0.21875 0.8765625 0.2645833328125 0.85625 0.28125 0.846875 0.30416666718749996
10 0.7703125 0.375 0.7953125 0.375 0.80625 0.35625 0.8109375 0.3645833328125 0.8171875 0.3583333328125 0.83125 0.36875 0.825 0.3479166671875 0.8109375 0.33125 0.803125 0.2958333328125 0.79375 0.2958333328125 0.7859375 0.30625 0.784375 0.3333333328125 0.7734375 0.35208333281250004 0.7703125 0.375
14 0.7640625 0.5291666671875 0.7484375 0.575 0.759375 0.58125 0.815625 0.5770833328125 0.8421875 0.5833333328125 0.8234375 0.5375 0.8171875 0.48541666718750004 0.821875 0.43333333281249997 0.840625 0.3875 0.83125 0.375 0.8296875 0.375 0.7453125 0.3875 0.7609375 0.42291666718750004 0.7671875 0.475 0.7640625 0.5291666671875
1 0.596875 0.5458333328125 0.603125 0.5354166671875 0.6046875 0.5041666671875 0.603125 0.23958333281250002 0.515625 0.22916666718749998 0.5125 0.22916666718749998 0.5078125 0.43125 0.5125 0.43958333281249995 0.5125 0.55 0.596875 0.5458333328125
5 0.23411458281250003 0 0.14375 0.0020833328125000002 0.1421875 0.2645833328125 0.1453125 0.3083333328125 0.165625 0.29375 0.15 0.2770833328125 0.15625 0.26875 0.1984375 0.2708333328125 0.215625 0.2791666671875 0.2171875 0.2125 0.209375 0.1729166671875 0.21875 0.15625 0.2234375 0.16875 0.2296875 0.15 0.2375 0.15625 0.2359375 0.28958333281250004 0.265625 0.3604166671875 0.2515625 0.3708333328125 0.24375 0.3625 0.2359375 0.3791666671875 0.234375 0.5645833328125 0.2484375 0.56875 0.2875 0.5604166671875 0.2859375 0.1895833328125 0.2953125 0.17916666718750002 0.3265625 0.17916666718750002 0.3265625 0.11041666718750001 0.309375 0.0791666671875 0.2984375 0.0770833328125 0.2421875 0 0.23411458281250003 0
11 0.0671875 0 0.0640625 0.6083333328125 0.1421875 0.6020833328124999 0.1375 0.5625 0.140625 0 0.132465278125 0 0.0671875 0
1 0.8984375 0.5520833328125 0.8953125 0.45416666718750004 0.8921875 0.45 0.878125 0.49583333281249997 0.875 0.5770833328125 0.9046875 0.575 0.8984375 0.5520833328125