11 0.08125 0.45625 0.103125 0.45 0.1 0.2958333328125 0.09375 0.2875 0.084375 0.2875 0.075 0.2875 0.071875 0.34375 0.0734375 0.44375 0.08125 0.45625
7 0.1703125 0.28125 0.1546875 0.2770833328125 0.153125 0.275 0.1296875 0.2833333328125 0.1390625 0.29375 0.171875 0.28958333281250004 0.1703125 0.28125
7 0.1703125 0.28125 0.1546875 0.2770833328125 0.140625 0.2770833328125 0.1296875 0.2854166671875 0.14375 0.29375 0.171875 0.2916666671875 0.1703125 0.28125
15 0 0.9979166671874999 0.9984375 0.9979166671874999 0.9984375 0.6229166671875 0.9796875 0.6229166671875 0.975 0.6479166671875001 0.959375 0.64375 0.95625 0.6208333328125 0.9 0.6208333328125 0.878125 0.6291666671875 0.8921875 0.64375 0.81875 0.6479166671875001 0.8140625 0.64375 0.8171875 0.63125 0.8296875 0.6291666671875 0.8390625 0.6375 0.8390625 0.6291666671875 0.8140625 0.625 0.8109375 0.6479166671875001 0.7359375 0.6520833328125 0.7109375 0.6208333328125 0.6265625 0.58125 0.5765625 0.5458333328125 0.5484375 0.5416666671875 0.54375 0.5229166671875001 0.5265625 0.53125 0.5140625 0.5166666671875 0.4953125 0.5145833328125 0.490625 0.5145833328125 0.3421875 0.53125 0.3328125 0.5395833328124999 0.3265625 0.5645833328125 0.303125 0.5729166671875 0.29375 0.56875 0.290625 0.575 0.2828125 0.54375 0.2515625 0.5416666671875 0.2421875 0.5520833328125 0.2171875 0.54375 0.2015625 0.5604166671875 0.184375 0.5625 0.1734375 0.55625 0.071875 0.5604166671875 0.0609375 0.5770833328125 0.034375 0.5645833328125 0.0203125 0.5895833328125 0 0.5958333328125 0 0.6854166671875 0.0078125 0.7041666671875 0.0140625 0.76875 0.0265625 0.7895833328124999 0.059375 0.8875 0.0578125 0.9083333328125001 0 0.96875 0 0.9979166671874999
14 0.0328125 0.47291666718750003 0.0484375 0.46875 0.0515625 0.475 0.05625 0.5645833328125 0.0640625 0.5520833328125 0.0640625 0.475 0.075 0.46666666718750005 0.10625 0.47083333281249995 0.134375 0.4625 0.1296875 0.45625 0.08125 0.45416666718750004 0.071875 0.4458333328125 0.06375 0.4458333328125 0.03125 0.4458333328125 0.01875 0.45416666718750004 0.0203125 0.46666666718750005 0.0328125 0.47291666718750003
11 0.103125 0.46875 0.08125 0.46666666718750005 0.0796875 0.46458333281249997 0.0703125 0.4770833328125 0.06875 0.5479166671875 0.103125 0.5479166671875 0.103125 0.46875
7 0.653125 0.1375 0.69375 0.13333333281249998 0.7109375 0.1166666671875 0.70625 0.1020833328125 0.6921875 0.0958333328125 0.6833333328125 0.0958333328125 0.6515625 0.1 0.6375 0.11041666718750001 0.6359375 0.12291666718750001 0.653125 0.1375
5 0.35625 0.41041666718750003 0.3609375 0.4125 0.359375 0.38125 0.36875 0.3791666671875 0.39375 0.41875 0.39375 0.43125 0.3828125 0.45 0.390625 0.5125 0.5140625 0.5041666671875 0.515625 0.30625 0.3109375 0.30416666718749996 0.309375 0.30416666718749996 0.31875 0.3125 0.325 0.3458333328125 0.340625 0.36666666718749996 0.35625 0.41041666718750003
7 0.371875 0.3229166671875 0.3734375 0.33541666718749996 0.390625 0.3479166671875 0.378125 0.3229166671875 0.371875 0.3229166671875
7 0.9765625 0.1291666671875 0.9921875 0.11875 0.9921875 0.11041666718750001 0.9796875 0.1 0.97109375 0.1 0.9203125 0.10833333281249999 0.915625 0.125 0.940625 0.1354166671875 0.9765625 0.1291666671875
7 0.4 0.1416666671875 0.421875 0.1416666671875 0.4375 0.1291666671875 0.434375 0.10833333281249999 0.4046875 0.1 0.3953125 0.1 0.3640625 0.10833333281249999 0.3640625 0.12291666718750001 0.384375 0.1395833328125 0.4 0.1416666671875
10 0 0.5104166671875 0.0046875 0.54375 0 0.5833333328125 0.0140625 0.5833333328125 0.0203125 0.49583333281249997 0.0140625 0.4583333328125 0.0125 0.3583333328125 0.025 0.2791666671875 0.003125 0.24375 0.0078125 0.2166666671875 0.0015625 0.20625 0 0.20625 0 0.5104166671875
7 0 0.19583333281249998 0.01875 0.1979166671875 0.021875 0.1875 0.0140625 0.18125 0 0.18125 0 0.19583333281249998
7 0.040625 0.2666666671875 0.04375 0.275 0.071875 0.2791666671875 0.078125 0.25833333281250004 0.0953125 0.2604166671875 0.1046875 0.2520833328125 0.1015625 0.24375 0.0859375 0.23958333281250002 0.078125 0.23958333281250002 0.0671875 0.24375 0.071875 0.2604166671875 0.0453125 0.2625 0.040625 0.2666666671875
7 0.103125 0.2520833328125 0.1015625 0.24375 0.0890625 0.23958333281250002 0.0765625 0.23958333281250002 0.0671875 0.24583333281250003 0.071875 0.2541666671875 0.09375 0.25833333281250004 0.103125 0.2520833328125
10 0.271875 0.4166666671875 0.275 0.43333333281249997 0.28125 0.42083333281249996 0.2859375 0.42291666718750004 0.3046875 0.4895833328125 0.303125 0.5395833328124999 0.29375 0.55625 0.2984375 0.5645833328125 0.328125 0.5520833328125 0.3203125 0.4916666671875 0.3328125 0.45416666718750004 0.33125 0.40625 0.3390625 0.40833333281249995 0.35625 0.44166666718750003 0.359375 0.43541666718750005 0.3375 0.36666666718749996 0.321875 0.3479166671875 0.3140625 0.3125 0.30625 0.3125 0.3 0.31875 0.3 0.35 0.2859375 0.36875 0.271875 0.4166666671875
10 0.553125 0.51875 0.5578125 0.5145833328125 0.559375 0.4458333328125 0.5703125 0.42291666718750004 0.5578125 0.40416666718750005 0.5578125 0.3916666671875 0.55625 0.3895833328125 0.5359375 0.42291666718750004 0.5359375 0.4458333328125 0.546875 0.47291666718750003 0.553125 0.51875
10 0.18125 0.5375 0.190625 0.5479166671875 0.2046875 0.5479166671875 0.2046875 0.5125 0.2140625 0.48541666718750004 0.2109375 0.42083333281249996 0.2171875 0.41041666718750003 0.203125 0.36875 0.2046875 0.3416666671875 0.2 0.3375 0.190625 0.3375 0.1765625 0.3791666671875 0.1796875 0.43958333281249995 0.190625 0.4895833328125 0.18125 0.5375
10 0.2078125 0.50625 0.2078125 0.5333333328125 0.215625 0.5270833328125 0.2203125 0.5041666671875 0.2359375 0.5333333328125 0.240625 0.5166666671875 0.2296875 0.5020833328125 0.234375 0.49375 0.246875 0.49791666718750005 0.246875 0.5291666671875 0.259375 0.5145833328125 0.265625 0.4770833328125 0.2875 0.44166666718750003 0.2875 0.42291666718750004 0.2828125 0.4166666671875 0.2734375 0.42083333281249996 0.275 0.40833333281249995 0.26875 0.40833333281249995 0.2671875 0.40625 0.2484375 0.43333333281249997 0.2453125 0.46458333281249997 0.2171875 0.48125 0.2078125 0.50625
12 0.5625 0.47083333281249995 0.5625 0.5291666671875 0.6578125 0.5916666671875 0.684375 0.59375 0.6890625 0.60625 0.7015625 0.6 0.7140625 0.61875 0.728125 0.625 0.7359375 0.6458333328125 0.7484375 0.6375 0.7515625 0.6229166671875 0.759375 0.6229166671875 0.7609375 0.6354166671875 0.7703125 0.6416666671875 0.7703125 0.6354166671875 0.7875 0.6333333328124999 0.78125 0.6229166671875 0.796875 0.6229166671875 0.803125 0.6291666671875 0.796875 0.64375 0.809375 0.64375 0.8078125 0.6291666671875 0.8140625 0.6166666671875001 0.840625 0.625 0.8421875 0.6166666671875001 0.85 0.61875 0.8482486265625001 0.6265338828125 0.8625 0.6208333328125 0.9546875 0.6166666671875001 0.9609375 0.64375 0.975 0.6458333328125 0.978125 0.6229166671875 0.984375 0.6208333328125 0.9859375 0.6333333328124999 0.9984375 0.6291666671875 0.9984375 0.3 0.9828125 0.2979166671875 0.96875 0.2979166671875 0.73125 0.30625 0.596875 0.4166666671875 0.571875 0.42291666718750004 0.5625 0.4375 0.5671875 0.4625 0.5625 0.47083333281249995
7 0.153125 0.2520833328125 0.15 0.2625 0.16875 0.2666666671875 0.1671875 0.2520833328125 0.153125 0.2520833328125
7 0.6984375 0.2625 0.696875 0.2604166671875 0.6828125 0.2625 0.68125 0.2770833328125 0.696875 0.2770833328125 0.6984375 0.2625
14 0.1171875 0.5458333328125 0.1265625 0.5520833328125 0.16875 0.55 0.1796875 0.5291666671875 0.171875 0.49583333281249997 0.178125 0.41875 0.153125 0.41041666718750003 0.140625 0.41041666718750003 0.1203125 0.4145833328125 0.134375 0.4625 0.128125 0.5270833328125 0.1171875 0.5458333328125