7 0.740625 0 0.7390625 0.0625 0.7125 0.0770833328125 0.7 0.09375 0.7015625 0.11041666718750001 0.709375 0.1166666671875 0.7515625 0.11875 0.784375 0.1 0.7796875 0.075 0.74375 0.060416667187499995 0.7453125 0 0.740625 0
7 0.715625 0.11875 0.7515625 0.11875 0.78125 0.10625 0.7859375 0.09375 0.7828125 0.0791666671875 0.759375 0.0666666671875 0.74921875 0.0666666671875 0.7125 0.0770833328125 0.7015625 0.0916666671875 0.7 0.10625 0.715625 0.11875
14 0 0.42083333281249996 0.021875 0.43333333281249997 0.03125 0.42291666718750004 0.0765625 0.425 0.0890625 0.43958333281249995 0.1234375 0.4375 0.128125 0.45416666718750004 0.1359375 0.45208333281249996 0.134375 0.5333333328125 0.1286272328125 0.5118750000000001 0.121875 0.5875 0.1265625 0.6166666671875001 0.1375 0.60625 0.140625 0.46875 0.1484375 0.46458333281249997 0.146875 0.43125 0.15625 0.43125 0.1609375 0.45416666718750004 0.1671875 0.43333333281249997 0.1765625 0.49375 0.1734375 0.6458333328125 0.1765625 0.6625 0.184375 0.6625 0.1921875 0.6479166671875001 0.19375 0.4770833328125 0.2 0.475 0.203125 0.44375 0.19375 0.4375 0.1921875 0.40625 0.215625 0.39375 0.2140625 0.3708333328125 0.0140625 0.3541666671875 0.0109375 0.3541666671875 0 0.3604166671875 0 0.42083333281249996
7 0.2 0.30625 0.1890625 0.30625 0.1828125 0.3125 0.20625 0.31875 0.2078125 0.3104166671875 0.2 0.30625
10 0.2203125 0.475 0.2140625 0.4791666671875 0.2140625 0.49375 0.2203125 0.48125 0.2234375 0.5291666671875 0.2109375 0.5479166671875 0.2328125 0.5479166671875 0.2390625 0.49583333281249997 0.2421875 0.5291666671875 0.2375 0.5395833328124999 0.246875 0.5458333328125 0.2515625 0.53125 0.25 0.40416666718750005 0.25625 0.3604166671875 0.24375 0.33541666718749996 0.246875 0.32083333281250004 0.2421875 0.3104166671875 0.2390625 0.30625 0.228125 0.3166666671875 0.2296875 0.3395833328125 0.215625 0.35625 0.2203125 0.475
7 0.2234375 0.32083333281250004 0.215625 0.33125 0.2265625 0.33125 0.2265625 0.325 0.2234375 0.32083333281250004
7 0.275 0.31875 0.2640625 0.31875 0.253125 0.31875 0.25 0.3270833328125 0.28125 0.3291666671875 0.275 0.31875
7 0.2375 0.2979166671875 0.2328125 0.29375 0.22265625 0.29375 0.209375 0.2979166671875 0.2171875 0.30625 0.234375 0.30625 0.2375 0.2979166671875
10 0.06640625 0.25234375 0.0546875 0.1125
7 0.121875 0.1520833328125 0.1046875 0.1458333328125 0.0953125 0.1458333328125 0.090625 0.15 0.09375 0.1666666671875 0.125 0.16458333281249998 0.121875 0.1520833328125
7 0.1703125 0.275 0.159375 0.2708333328125 0.1505208328125 0.2708333328125 0.1328125 0.2708333328125 0.1296875 0.2791666671875 0.1703125 0.2854166671875 0.1703125 0.275
7 0.175 0.23958333281250002 0.1734375 0.22916666718749998 0.15625 0.22291666718749997 0.1484375 0.22291666718749997 0.1328125 0.22291666718749997 0.125 0.23125 0.1375 0.2416666671875 0.175 0.23958333281250002
7 0.18125 0.25833333281250004 0.171875 0.2625 0.1875 0.26875 0.1890625 0.25833333281250004 0.18125 0.25833333281250004
10 0.453125 0.4625 0.4640625 0.44166666718750003 0.4484375 0.40416666718750005 0.4421875 0.40416666718750005 0.43125 0.43958333281249995 0.440625 0.5166666671875 0.453125 0.5083333328124999 0.453125 0.4625
7 0.45 0.3729166671875 0.4421875 0.35208333281250004 0.4375 0.35208333281250004 0.45 0.3729166671875
14 0 0.3395833328125 0.0125 0.3479166671875 0.0046875 0.3604166671875 0.015625 0.35208333281250004 0.1140625 0.3583333328125 0.13125 0.3291666671875 0.1046875 0.3166666671875 0.0953125 0.3020833328125 0.0875 0.3020833328125 0.071875 0.3020833328125 0.0671875 0.3104166671875 0 0.3104166671875 0 0.3395833328125
7 0.103125 0.3020833328125 0.090625 0.2979166671875 0.08125 0.2979166671875 0.06875 0.3 0.0671875 0.3104166671875 0.103125 0.3166666671875 0.103125 0.3020833328125
7 0.4390625 0.12291666718750001 0.484375 0.1145833328125 0.4859375 0.0916666671875 0.465625 0.0770833328125 0.4578125 0.0770833328125 0.4296875 0.0791666671875 0.409375 0.1 0.409375 0.10833333281249999 0.4390625 0.12291666718750001
10 0.2828125 0.22916666718749998 0.278125 0.25833333281250004 0.284375 0.30416666718749996 0.28125 0.3645833328125 0.2890625 0.36875 0.296875 0.3583333328125 0.3 0.2520833328125 0.3109375 0.23541666718749998 0.3171875 0.26875 0.309375 0.3395833328125 0.321875 0.43125 0.3109375 0.51875 0.3140625 0.6020833328124999 0.309375 0.6291666671875 0.3296875 0.6333333328124999 0.353125 0.6229166671875 0.359375 0.6395833328125 0.403125 0.6416666671875 0.425 0.6333333328124999 0.390625 0.5979166671875 0.3875 0.5666666671875 0.390625 0.49375 0.4 0.46875 0.4125 0.35625 0.4078125 0.25625 0.4 0.2125 0.4 0.1625 0.384375 0.125 0.3921875 0.11041666718750001 0.3953125 0.0666666671875 0.3890625 0.05 0.3734375 0.0375 0.359375 0.0375 0.3484375 0.05625 0.3484375 0.0979166671875 0.3046875 0.1625 0.2828125 0.22916666718749998
7 0.275 0.3020833328125 0.271875 0.30625 0.278125 0.3125 0.28125 0.3020833328125 0.275 0.3020833328125
15 0 0.9979166671874999 0.9984375 0.9958333328125001 0.9953125 0.8895833328125 0.8203125 0.8916666671875 0.8046875 0.8791666671874999 0.6984375 0.73125 0.6859375 0.7229166671875 0.6734375 0.6979166671875 0.66875 0.6479166671875001 0.678125 0.6208333328125 0.678125 0.5791666671875 0.6265625 0.5583333328125 0.6078125 0.5416666671875 0.5953125 0.55 0.590625 0.5333333328125 0.5671875 0.53125 0.5546875 0.5166666671875 0.525 0.5166666671875 0.5203125 0.5229166671875001 0.5140625 0.5166666671875 0.4828125 0.51875 0.48125 0.5166666671875 0.4578125 0.51875 0.4453125 0.53125 0.41875 0.53125 0.4234375 0.5604166671875 0.4375 0.5625 0.4265625 0.5708333328124999 0.4515625 0.5895833328125 0.45 0.6083333328125 0.41875 0.6145833328125 0.4296875 0.6270833328125 0.4203125 0.6458333328125 0.359375 0.65 0.3453125 0.6375 0.3078125 0.6395833328125 0.303125 0.6333333328124999 0.309375 0.5979166671875 0.3078125 0.5479166671875 0.3015625 0.5375 0.259375 0.5458333328125 0.25 0.55625 0.2125 0.5583333328125 0.196875 0.55 0.1953125 0.6541666671875 0.1859375 0.6666666671875 0.1765625 0.66875 0.1703125 0.65625 0.1703125 0.5854166671875001 0.1640625 0.5770833328125 0.1421875 0.5791666671875 0.1453125 0.60625 0.1359375 0.6229166671875 0.121875 0.625 0.1078125 0.6104166671875 0.09375 0.6104166671875 0.09375 0.61875 0.084375 0.625 0 0.6291666671875 0 0.9979166671874999
16 0.7671875 0.23125 0.7734375 0.23541666718749998 0.7703125 0.23958333281250002 0.6859375 0.3375 0.684375 0.6 0.6828125 0.6395833328125 0.6734375 0.6520833328125 0.675 0.6854166671875 0.8171875 0.88125 0.9984375 0.8833333328125 0.9984375 0.1854166671875 0.940625 0.1770833328125 0.9375 0.1770833328125 0.8234375 0.17916666718750002 0.7828125 0.2125 0.7796875 0.225 0.7671875 0.23125
14 0 0.5916666671875 0.0296875 0.5833333328125 0.0453125 0.5979166671875 0.09375 0.59375 0.1203125 0.6020833328124999 0.121875 0.5791666671875 0.1 0.5354166671875 0.0953125 0.45416666718750004 0.090625 0.46875 0.084375 0.42291666718750004 0.0296875 0.42083333281249996 0.0234375 0.42083333281249996 0.021875 0.5104166671875 0.0140625 0.5458333328125 0 0.5729166671875 0 0.5916666671875
5 0.559375 0.34375 0.5125 0.3416666671875 0.5041666671875 0.3416666671875 0.4765625 0.3458333328125 0.48125 0.5083333328124999 0.5578125 0.5083333328124999 0.559375 0.34375