5 0.2763671875 0.3541666671875 0.275390625 0.47265625 0.283203125 0.48046875 0.2900390625 0.5104166671875 0.3203125 0.51171875 0.33203125 0.5065104171875 0.33203125 0.3606770828125 0.3291015625 0.3541666671875 0.2763671875 0.3541666671875
12 0.498046875 0.42578125 0.490234375 0.45703125 0.4921875 0.51953125 0.4990234375 0.5286458328125 0.736328125 0.6575520828125 1 0.6497395828125 0.9990234375 0.20833333281250002 0.7294921875 0.2109375 0.498046875 0.42578125
7 0.6162109375 0.0546875 0.5908203125 0.05989583281250001 0.57421875 0.07421875 0.57421875 0.09244791718749999 0.5810546875 0.09895833281250001 0.619140625 0.1028645828125 0.6494140625 0.09375 0.654296875 0.08723958281250001 0.65234375 0.06640625 0.6162109375 0.0546875
7 0.6357421875 0.05729166718749999 0.6005859375 0.05729166718749999 0.57421875 0.07421875 0.57421875 0.09244791718749999 0.5810546875 0.09895833281250001 0.6171875 0.1028645828125 0.6494140625 0.09375 0.654296875 0.08723958281250001 0.65234375 0.06901041718749999 0.6357421875 0.05729166718749999
10 0.056640625 0.39453125 0.041015625 0.3424479171875 0.044921875 0.30859375 0.0263671875 0.3020833328125 0.01171875 0.3346354171875 0.0078125 0.3606770828125 0.015625 0.4309895828125 0.029296875 0.4674479171875 0.029296875 0.55078125 0.076171875 0.5533854171875 0.080078125 0.5455729171875 0.05859375 0.5221354171875 0.0546875 0.5013020828125 0.056640625 0.39453125
7 0.00390625 0.24869791718749998 0.0126953125 0.2604166671875 0.044921875 0.26171875 0.052734375 0.2513020828125 0.0439453125 0.24479166718749998 0.0107421875 0.2421875 0.00390625 0.24869791718749998
5 0.3359375 0.5013020828125 0.3388671875 0.5104166671875 0.375 0.5091145828125 0.388671875 0.5065104171875 0.388671875 0.3580729171875 0.3388671875 0.3567708328125 0.3359375 0.5013020828125
15 1 0.6940104171875 0.9951171875 0.6901041671875 0.9072265625 0.6901041671875 0.9033203125 0.703125 0.8779296875 0.7083333328125 0.873046875 0.7174479171875 0.876953125 0.7252604171875 0.8662109375 0.7291666671875 0.8271484375 0.7265625 0.7978515625 0.7057291671875 0.7744140625 0.7135416671875 0.7744140625 0.7265625 0.7568359375 0.7083333328125 0.7509765625 0.7265625 0.7333984375 0.7265625 0.7275390625 0.7057291671875 0.7138671875 0.7057291671875 0.6767578125 0.6770833328125 0.6611328125 0.6744791671875 0.6474609375 0.65625 0.5322265625 0.578125 0.4892578125 0.5390625 0.4833984375 0.5182291671875 0.2841796875 0.5208333328125 0.1982421875 0.5364583328125 0.0947265625 0.5416666671875 0.0810546875 0.5598958328125 0 0.5611979171875 0.0009765625 0.9973958328125001 0.966796875 0.99609375 1 0.9934895828125001 1 0.6940104171875
7 0.30859375 0.33203125 0.2900390625 0.3020833328125 0.283203125 0.3059895828125 0.2978515625 0.328125 0.30859375 0.33203125
7 0.2861328125 0.046875 0.267578125 0.06119791718749999 0.267578125 0.07161458281250001 0.2802734375 0.0859375 0.33203125 0.09244791718749999 0.353515625 0.08463541718749999 0.353515625 0.06640625 0.3408203125 0.0546875 0.2861328125 0.046875
7 0.95703125 0.23828125 0.984375 0.24088541718749998 0.984375 0.22526041718749998 0.9775390625 0.21614583281250002 0.9658203125 0.21614583281250002 0.95703125 0.23828125
7 0.8974609375 0.07291666718749999 0.869140625 0.08984375 0.8779296875 0.109375 0.9140625 0.1106770828125 0.9462890625 0.1015625 0.953125 0.08984375 0.9248046875 0.07291666718749999 0.8974609375 0.07291666718749999
7 0.0263671875 0.2265625 0.041015625 0.22526041718749998 0.044921875 0.21744791718749998 0.0380859375 0.2109375 0.01953125 0.21484375 0.0263671875 0.2265625
10 0.4990234375 0.3776041671875 0.490234375 0.3815104171875 0.490234375 0.39453125 0.474609375 0.41796875 0.4765625 0.4518229171875 0.48828125 0.4830729171875 0.490234375 0.4283854171875 0.509765625 0.4075520828125 0.5 0.39453125 0.4990234375 0.3776041671875
10 0.228515625 0.3841145828125 0.240234375 0.3919270828125 0.23828125 0.4544270828125 0.24609375 0.4856770828125 0.2421875 0.5221354171875 0.25390625 0.5247395828125 0.26171875 0.40234375 0.2490234375 0.3802083328125 0.2353515625 0.3723958328125 0.228515625 0.3841145828125
10 0.1357421875 0.4869791671875 0.158203125 0.44921875 0.158203125 0.41015625 0.1474609375 0.3984375 0.130859375 0.41796875 0.140625 0.4361979171875 0.1396484375 0.4479166671875 0.1259765625 0.4453125 0.1162109375 0.4635416671875 0.078125 0.4830729171875 0.068359375 0.5299479171875 0.076171875 0.53515625 0.0888671875 0.4973958328125 0.1025390625 0.515625 0.1044921875 0.4895833328125 0.1357421875 0.4869791671875
10 0.15234375 0.3971354171875 0.1650390625 0.4010416671875 0.1708984375 0.4166666671875 0.1875 0.4153645828125 0.18359375 0.38671875 0.1689453125 0.359375 0.154296875 0.3815104171875 0.15234375 0.3971354171875
10 0.1875 0.40234375 0.193359375 0.41796875 0.189453125 0.43359375 0.212890625 0.4361979171875 0.216796875 0.42578125 0.208984375 0.38671875 0.2001953125 0.3802083328125 0.1875 0.40234375
11 0.08984375 0.3424479171875 0.1220703125 0.34375 0.125 0.3346354171875 0.125 0.24609375 0.115234375 0.23828125 0.1171875 0.1940104171875 0.1064453125 0.1848958328125 0.0693359375 0.1848958328125 0.064453125 0.23307291718749998 0.06640625 0.4127604171875 0.0810546875 0.4140625 0.0888671875 0.4010416671875 0.0986328125 0.4010416671875 0.1015625 0.4075520828125 0.09375 0.4283854171875 0.099609375 0.4466145828125 0.119140625 0.44921875 0.125 0.44140625 0.123046875 0.3893229171875 0.08984375 0.3815104171875 0.08984375 0.3424479171875