10 0.0810546875 0.8984375 0.1494140625 0.8802083328125001 0.16015625 0.87109375 0.154296875 0.8059895828125001 0.14453125 0.7903645828125 0.138671875 0.7591145828125 0.1328125 0.62109375 0.12109375 0.57421875 0.1455078125 0.5651041671875 0.173828125 0.5403645828125 0.166015625 0.3997395828125 0.171875 0.1705729171875 0.1640625 0.12109375 0.1923828125 0.1145833328125 0.23046875 0.07942708281250001 0.248046875 0.0221354171875 0.2333984375 0 0 0.00390625 0.00390625 0.97265625 0.0712890625 0.9348958328125001 0.078125 0.9205729171874999 0.06640625 0.91015625 0.0810546875 0.8984375
10 0.244140625 0.4908854171875 0.26171875 0.4544270828125 0.2587890625 0.4270833328125 0.2451171875 0.4322916671875 0.244140625 0.44921875 0.2236328125 0.4739583328125 0.193359375 0.4908854171875 0.1875 0.5247395828125 0.1953125 0.52734375 0.2021484375 0.5052083328125 0.2138671875 0.5208333328125 0.2138671875 0.4973958328125 0.244140625 0.4908854171875
12 0.6552734375 0.3541666671875 0.5751953125 0.4270833328125 0.5673828125 0.4270833328125 0.55859375 0.44140625 0.55859375 0.5221354171875 0.5634765625 0.5286458328125 0.740234375 0.60546875 0.9990234375 0.5989583328125 1 0.29296875 0.7392578125 0.2942708328125 0.6552734375 0.3541666671875
15 0.9697265625 0.6484375 0.9677734375 0.65625 0.8779296875 0.6588541671875 0.8564453125 0.6510416671875 0.8486328125 0.6588541671875 0.7392578125 0.6588541671875 0.5810546875 0.5598958328125 0.5439453125 0.5338541671875 0.5380859375 0.5208333328125 0.5146484375 0.5234375 0.5009765625 0.515625 0.4013671875 0.5208333328125 0.2197265625 0.546875 0.1982421875 0.5416666671875 0.189453125 0.5481770828125 0.1845703125 0.5911458328125 0.1357421875 0.59375 0.142578125 0.75390625 0.16015625 0.8190104171874999 0.1640625 0.8736979171874999 0.1533203125 0.8854166671874999 0.0888671875 0.9036458328125001 0.083984375 0.9283854171874999 0.0693359375 0.9453125 0.001953125 0.9908854171874999 0.0068359375 0.9973958328125001 0.99609375 0.99609375 0.9990234375 0.6432291671875 0.9873046875 0.6614583328125 0.9736328125 0.6588541671875 0.9697265625 0.6484375
7 0.625 0.1080729171875 0.6259765625 0.1276041671875 0.658203125 0.1341145828125 0.6962890625 0.1223958328125 0.6953125 0.1002604171875 0.6591796875 0.09114583281250001 0.625 0.1080729171875
10 0.3544921875 0.3802083328125 0.349609375 0.3841145828125 0.35546875 0.40234375 0.353515625 0.5143229171875 0.3564453125 0.5208333328125 0.361328125 0.5169270828125 0.3642578125 0.4713541671875 0.369140625 0.5169270828125 0.375 0.51953125 0.375 0.4466145828125 0.38671875 0.4205729171875 0.3603515625 0.3802083328125 0.3544921875 0.3802083328125
7 0.3623046875 0.3411458328125 0.376953125 0.3502604171875 0.37890625 0.3424479171875 0.3701171875 0.328125 0.35546875 0.32421875 0.3623046875 0.3411458328125
7 0.9423828125 0.09635416718749999 0.904296875 0.11328125 0.9111328125 0.1302083328125 0.94140625 0.1315104171875 0.9716796875 0.125 0.984375 0.1106770828125 0.9677734375 0.09895833281250001 0.9423828125 0.09635416718749999
7 0.345703125 0.10546875 0.345703125 0.1184895828125 0.3603515625 0.1302083328125 0.41015625 0.1315104171875 0.423828125 0.1184895828125 0.4111328125 0.09895833281250001 0.3583984375 0.09635416718749999 0.345703125 0.10546875
10 0.541015625 0.4049479171875 0.52734375 0.4153645828125 0.525390625 0.43359375 0.53125 0.4361979171875 0.5390625 0.51171875 0.546875 0.51953125 0.548828125 0.44140625 0.560546875 0.4231770828125 0.5419921875 0.3932291671875 0.541015625 0.4049479171875
10 0.197265625 0.40234375 0.19921875 0.3841145828125 0.1708984375 0.2734375 0.166015625 0.37109375 0.17578125 0.54296875 0.16015625 0.5559895828125 0.15234375 0.5768229171875 0.15234375 0.5872395828125 0.16015625 0.58984375 0.185546875 0.58203125 0.181640625 0.46484375 0.1875 0.41796875 0.197265625 0.40234375
10 0.2802734375 0.3984375 0.2734375 0.4283854171875 0.287109375 0.43359375 0.279296875 0.45703125 0.291015625 0.4596354171875 0.298828125 0.45703125 0.30078125 0.4309895828125 0.291015625 0.40234375 0.2802734375 0.3984375
10 0.2578125 0.3815104171875 0.2509765625 0.3802083328125 0.244140625 0.4205729171875 0.2490234375 0.4296875 0.2587890625 0.421875 0.267578125 0.4361979171875 0.2734375 0.4283854171875 0.26953125 0.4049479171875 0.259765625 0.3971354171875 0.2578125 0.3815104171875