5 0.61015625 0.41875 0.1421875 0.20390625
15 0.49921875 0.75859375 0.9953125 0.475
7 0.48671875 0.29375 0.0265625 0.04609375
7 0.4703125 0.503125 0.03125 0.05234375
7 0.9890625 0.328125 0.01875 0.02734375
7 0.06328125 0.12734375 0.0578125 0.02890625
7 0.04140625 0.17421875 0.0515625 0.02734375
7 0.178125 0.20546875 0.0625 0.02734375
7 0.178125 0.14765625 0.034375 0.02109375
10 0.184375 0.40546875 0.090625 0.34765625
10 0.36953125 0.4375 0.0703125 0.24609375
10 0.43671875 0.43125 0.0421875 0.22109375
10 0.12265625 0.303125 0.0421875 0.05625
10 0.41640625 0.43984375 0.0421875 0.225