11 0.790625 0.2625 0.034375 0.525
5 0.3046875 0.35625 0.20625 0.475
15 0.49921875 0.75 0.9953125 0.49140625
7 0.65 0.15546875 0.06875 0.03515625
7 0.90078125 0.12890625 0.0765625 0.03359375
7 0.45703125 0.17265625 0.0203125 0.025
7 0.61015625 0.01796875 0.1015625 0.03515625
7 0.65 0.10234375 0.071875 0.14609375
7 0.90078125 0.109375 0.0765625 0.07734375
7 0.65859375 0.87578125 0.0765625 0.07265625
14 0.4921875 0.47421875 0.1 0.21484375
10 0.4296875 0.40546875 0.109375 0.35625
10 0.55 0.43671875 0.053125 0.22265625