10 0.39375 0 0.3875 0.0083333328125 0.384375 0.054166667187499996 0.3609375 0.07083333281250001 0.3546875 0.0645833328125 0.3546875 0.0770833328125 0.3390625 0.075 0.3171875 0.1604166671875 0.3265625 0.25625 0.334375 0.2708333328125 0.34375 0.27291666718749996 0.3296875 0.28125 0.3234375 0.3104166671875 0.3328125 0.3270833328125 0.3421875 0.28125 0.3484375 0.2770833328125 0.3578125 0.2875 0.3609375 0.3229166671875 0.365625 0.325 0.3609375 0.3375 0.390625 0.4145833328125 0.384375 0.49375 0.365625 0.5520833328125 0.35 0.6625 0.334375 0.70625 0.3359375 0.7208333328125 0.38125 0.7416666671875001 0.4109375 0.73125 0.4109375 0.7208333328125 0.3765625 0.6770833328125 0.43125 0.50625 0.4359375 0.5125 0.4375 0.5666666671875 0.4671875 0.6395833328125 0.475 0.6854166671875 0.4921875 0.6895833328125 0.5140625 0.65 0.5109375 0.625 0.4828125 0.6125 0.459375 0.43333333281249997 0.4609375 0.4166666671875 0.4734375 0.40208333281249997 0.4828125 0.275 0.459375 0.2 0.4734375 0.1833333328125 0.4734375 0.1541666671875 0.50625 0.2125 0.5109375 0.23541666718749998 0.546875 0.28125 0.5640625 0.3166666671875 0.58125 0.3166666671875 0.5796875 0.2979166671875 0.55625 0.2604166671875 0.5140625 0.1583333328125 0.496875 0.0895833328125 0.4765625 0.05625 0.4734375 0 0.46546875 0 0.39375 0
10 0.528125 0.375 0.5203125 0.38333333281250004 0.515625 0.3791666671875 0.5046875 0.3958333328125 0.525 0.39791666718749996 0.525 0.4458333328125 0.5375 0.5229166671875001 0.534375 0.5520833328125 0.5515625 0.5541666671875001 0.559375 0.55 0.5546875 0.48333333281249996 0.5578125 0.3458333328125 0.53125 0.2854166671875 0.525 0.2854166671875 0.515625 0.30416666718749996 0.5234375 0.3229166671875 0.534375 0.3291666671875 0.528125 0.375
15 0 0.9979166671874999 0.9984375 0.9979166671874999 0.9984375 0.7708333328125 0.984375 0.7479166671875 0.9859375 0.7375 0.9984375 0.7583333328124999 0.9984375 0.6666666671875 0.990625 0.6479166671875001 0.9796875 0.6416666671875 0.9890625 0.6375 0.978125 0.6375 0.9609375 0.6104166671875 0.9546875 0.5520833328125 0.9390625 0.55 0.9421875 0.5666666671875 0.928125 0.5770833328125 0.9109375 0.5770833328125 0.9046875 0.5625 0.8921875 0.5625 0.8875 0.5708333328124999 0.8609375 0.5625 0.840625 0.5333333328125 0.8390625 0.5333333328125 0.8234375 0.5395833328124999 0.76875 0.5375 0.7546875 0.5458333328125 0.7453125 0.5375 0.68125 0.5375 0.6609375 0.5541666671875001 0.584375 0.55625 0.559375 0.56875 0.5015625 0.5645833328125 0.496875 0.575 0.4859375 0.56875 0.4859375 0.6 0.5125 0.6166666671875001 0.521875 0.6479166671875001 0.5 0.6895833328125 0.4828125 0.7 0.4703125 0.6916666671875 0.459375 0.6354166671875 0.434375 0.5770833328125 0.41875 0.5770833328125 0.384375 0.66875 0.4140625 0.7145833328125 0.415625 0.7333333328125 0.403125 0.7479166671875 0.390625 0.75 0.3578125 0.7479166671875 0.328125 0.7208333328125 0.35 0.63125 0.35 0.6145833328125 0.3421875 0.6104166671875 0.3390625 0.5958333328125 0.33125 0.5979166671875 0.325 0.6125 0.29375 0.5979166671875 0.25 0.5958333328125 0.24375 0.60625 0.2359375 0.5979166671875 0.196875 0.5979166671875 0.190625 0.61875 0.1765625 0.60625 0.171875 0.6208333328125 0.1609375 0.6270833328125 0.134375 0.6104166671875 0.1390625 0.60625 0.1296875 0.60625 0.1328125 0.6104166671875 0.1234375 0.625 0.1078125 0.6083333328125 0.096875 0.6083333328125 0.090625 0.625 0.084375 0.6145833328125 0.0421875 0.6125 0.0296875 0.61875 0.015625 0.60625 0.0046875 0.6083333328125 0 0.6145833328125 0 0.9979166671874999
7 0.58125 0.4875 0.56875 0.4791666671875 0.5609375 0.4791666671875 0.5609375 0.54375 0.5765625 0.5416666671875 0.58125 0.5291666671875 0.58125 0.4875
7 0.7703125 0.07291666718749999 0.7671875 0.06875 0.7484375 0.07291666718749999 0.7453125 0.0916666671875 0.7671875 0.0916666671875 0.7703125 0.07291666718749999
10 0.2125 0.3791666671875 0.1921875 0.3916666671875 0.18125 0.4166666671875 0.1703125 0.4291666671875 0.1640625 0.4270833328125 0.1625 0.43958333281249995 0.1484375 0.45625 0.0953125 0.4895833328125 0.0796875 0.575 0.06875 0.59375 0.0921875 0.5916666671875 0.1109375 0.5166666671875 0.1234375 0.5145833328125 0.128125 0.5 0.1375 0.5041666671875 0.13125 0.5291666671875 0.1390625 0.5541666671875001 0.1515625 0.5666666671875 0.15 0.59375 0.1609375 0.5979166671875 0.1703125 0.5895833328125 0.1703125 0.5604166671875 0.1578125 0.5479166671875 0.153125 0.5104166671875 0.178125 0.49791666718750005 0.1828125 0.4625 0.2078125 0.4291666671875 0.2234375 0.4291666671875 0.24375 0.4145833328125 0.2421875 0.3875 0.2515625 0.375 0.2515625 0.3625 0.2484375 0.3291666671875 0.2390625 0.3125 0.2296875 0.3125 0.215625 0.32083333281250004 0.2109375 0.3416666671875 0.2203125 0.36875 0.2125 0.3791666671875
10 0.875 0.35625 0.8765625 0.41875 0.89375 0.4770833328125 0.8734375 0.5395833328124999 0.875 0.5520833328125 0.8828125 0.55625 0.8890625 0.525 0.9078125 0.5020833328125 0.909375 0.5583333328125 0.928125 0.5645833328125 0.9390625 0.3729166671875 0.9296875 0.3416666671875 0.9171875 0.3270833328125 0.9203125 0.2979166671875 0.915625 0.2875 0.9109375 0.2875 0.9015625 0.2958333328125 0.9015625 0.3166666671875 0.86875 0.3479166671875 0.875 0.35625
10 0.021875 0.58125 0.0265625 0.6 0.0359375 0.5979166671875 0.0359375 0.5645833328125 0.053125 0.5541666671875001 0.0609375 0.525 0.065625 0.46875 0.04375 0.4604166671875 0.0354166671875 0.4604166671875 0.01875 0.4604166671875 0.015625 0.46875 0.028125 0.5541666671875001 0.021875 0.58125
10 0 0.3645833328125 0.0078125 0.375 0.0109375 0.4125 0.071875 0.4166666671875 0.0703125 0.3625 0.0796875 0.3458333328125 0.078125 0.3020833328125 0.0671875 0.2770833328125 0.040625 0.2625 0.0359375 0.225 0.021875 0.21458333281250003 0.0203125 0.2125 0.0109375 0.2166666671875 0.0046875 0.23125 0.015625 0.26875 0 0.2791666671875 0 0.3645833328125
7 0.1546875 0.060416667187499995 0.146875 0.060416667187499995 0.1421875 0.0666666671875 0.15 0.08125 0.15625 0.075 0.1546875 0.060416667187499995
7 0.0796875 0.1395833328125 0.0796875 0.125 0.05 0.1145833328125 0.0421875 0.1145833328125 0.0265625 0.125 0.03125 0.1375 0.0515625 0.1458333328125 0.0796875 0.1395833328125
7 0 0.06875 0.03125 0.0770833328125 0.0515625 0.07083333281250001 0.0515625 0.05208333281250001 0.0234375 0.0395833328125 0.015625 0.0395833328125 0 0.0395833328125 0 0.06875
7 0.65 0.2625 0.6125 0.2208333328125 0.6078125 0.2208333328125 0.6046875 0.23333333281250002 0.61875 0.2520833328125 0.65 0.275 0.65 0.2625
10 0.290625 0.3729166671875 0.290625 0.4270833328125 0.3125 0.5833333328125 0.31875 0.5875 0.334375 0.5791666671875 0.3265625 0.5708333328124999 0.3328125 0.5645833328125 0.3234375 0.5270833328125 0.325 0.49791666718750005 0.3421875 0.58125 0.353125 0.5895833328125 0.3578125 0.5625 0.3484375 0.4770833328125 0.35 0.3291666671875 0.3375 0.32083333281250004 0.3328125 0.33541666718749996 0.325 0.33541666718749996 0.3234375 0.34375 0.31875 0.3395833328125 0.3234375 0.29375 0.334375 0.2770833328125 0.3203125 0.2625 0.3109375 0.225 0.309375 0.225 0.3 0.2666666671875 0.2859375 0.28958333281250004 0.2828125 0.35625 0.290625 0.3729166671875
3 0.1765625 0.5375 0.1796875 0.5666666671875 0.1765625 0.5708333328124999 0.1890625 0.6145833328125 0.1890625 0.49791666718750005 0.2109375 0.5125 0.209375 0.5895833328125 0.2203125 0.5854166671875001 0.221875 0.51875 0.228125 0.5270833328125 0.228125 0.5770833328125 0.2390625 0.5875 0.2421875 0.5791666671875 0.2359375 0.50625 0.240625 0.42291666718750004 0.234375 0.42291666718750004 0.2234375 0.43333333281249997 0.2109375 0.43125 0.1859375 0.4625 0.1734375 0.50625 0.1734375 0.5458333328125 0.1765625 0.5375
11 0.2453125 0.5666666671875 0.253125 0.5625 0.2578125 0.5375 0.259375 0.40625 0.253125 0.38333333281250004 0.2515625 0.38333333281250004 0.240625 0.4291666671875 0.2359375 0.4916666671875 0.2390625 0.5645833328125 0.2453125 0.5666666671875
11 0.21857638906250001 0 0.153125 0.0041666671875 0.1578125 0.0666666671875 0.1546875 0.3291666671875 0.1640625 0.3416666671875 0.15625 0.36666666718749996 0.15625 0.39375 0.165625 0.4166666671875 0.1765625 0.4145833328125 0.1875 0.3916666671875 0.2140625 0.3708333328125 0.2078125 0.34375 0.2140625 0.3104166671875 0.2 0.3166666671875 0.1875 0.3104166671875 0.1875 0.2416666671875 0.203125 0.23333333281250002 0.2203125 0.23958333281250002 0.2203125 0.3083333328125 0.2296875 0.30625 0.2296875 0.23958333281250002 0.2546875 0.2479166671875 0.253125 0.07083333281250001 0.2203125 0.04375 0.21875 0.0166666671875 0.2265625 0 0.21857638906250001 0
3 0.1296875 0.5166666671875 0.1375 0.50625 0.13125 0.5020833328125 0.1265625 0.5020833328125 0.11875 0.5875 0.121875 0.60625 0.134375 0.5479166671875 0.1296875 0.5166666671875
5 0.8515625 0.5229166671875001 0.85625 0.39791666718749996 0.853125 0.2645833328125 0.84375 0.2645833328125 0.675 0.2916666671875 0.671875 0.43541666718750005 0.6796875 0.5291666671875 0.8515625 0.5229166671875001