11 0.0375 0.359375 0.071875 0.46875
5 0.5078125 0.42734375 0.071875 0.19140625
15 0.49921875 0.75390625 0.9953125 0.48359375
7 0.6703125 0.33671875 0.021875 0.05234375
7 0.7140625 0.365625 0.03125 0.09375
7 0.096875 0.14921875 0.053125 0.02734375
7 0.98515625 0.32421875 0.0265625 0.02734375
7 0.20078125 0.21953125 0.0578125 0.02734375
7 0.7453125 0.33984375 0.021875 0.04140625
7 0.49296875 0.296875 0.0234375 0.04375
7 0.07890625 0.19140625 0.0328125 0.025
7 0.20390625 0.16640625 0.0296875 0.02109375
7 0.1359375 0.23203125 0.025 0.01875
7 0.61328125 0.19609375 0.0203125 0.01640625
7 0.9875 0.153125 0.021875 0.02265625
10 0.221875 0.41640625 0.0875 0.30859375
10 0.3859375 0.43984375 0.0625 0.23359375
10 0.446875 0.43359375 0.034375 0.20390625
10 0.41796875 0.44609375 0.0546875 0.2125
10 0.1546875 0.31953125 0.04375 0.06015625