7 0.234375 0.3020833328125 0.228125 0.3020833328125 0.2265625 0.3145833328125 0.2515625 0.3395833328125 0.253125 0.325 0.234375 0.3020833328125
7 0.5515625 0.0916666671875 0.590625 0.0916666671875 0.6140625 0.0791666671875 0.6140625 0.054166667187499996 0.5859375 0.0375 0.578125 0.0375 0.54375 0.0479166671875 0.5328125 0.060416667187499995 0.5328125 0.0791666671875 0.5515625 0.0916666671875
7 0.25 0.0770833328125 0.2828125 0.0770833328125 0.296875 0.0666666671875 0.2984375 0.05 0.2921875 0.0375 0.25 0.025 0.240625 0.025 0.209375 0.03125 0.2078125 0.054166667187499996 0.2203125 0.0666666671875 0.25 0.0770833328125
12 0.45 0.42291666718750004 0.4421875 0.43541666718750005 0.4328125 0.4270833328125 0.446875 0.5520833328125 0.49375 0.5895833328125 0.5125 0.5875 0.51875 0.6083333328125 0.521875 0.5916666671875 0.5296875 0.5895833328125 0.5375 0.5979166671875 0.5375 0.6208333328125 0.5453125 0.63125 0.5515625 0.60625 0.56875 0.6125 0.5765625 0.6229166671875 0.5765625 0.6583333328125 0.5859375 0.66875 0.5921875 0.6291666671875 0.63125 0.65 0.6359375 0.6583333328125 0.6375 0.7270833328124999 0.653125 0.7166666671875 0.659375 0.675 0.7390625 0.7208333328125 0.74375 0.7270833328124999 0.7421875 0.7708333328125 0.746875 0.775 0.775 0.76875 0.775 0.7354166671875 0.7828125 0.725 0.8078125 0.725 0.8140625 0.7395833328125 0.8484375 0.7458333328125 0.8640625 0.7416666671875001 0.8640625 0.71875 0.890625 0.71875 0.909375 0.7395833328125 0.9046875 0.7208333328125 0.9109375 0.7166666671875 0.9984375 0.7125 0.9984375 0.1270833328125 0.7984375 0.1145833328125 0.7890625 0.1145833328125 0.7375 0.11875 0.5171875 0.3583333328125 0.4859375 0.40208333281249997 0.45 0.42291666718750004
7 0.603125 0.23541666718749998 0.5953125 0.23541666718749998 0.5859375 0.2375 0.5875 0.2541666671875 0.6015625 0.2541666671875 0.603125 0.23541666718749998
10 0.1609375 0.43333333281249997 0.1578125 0.45 0.16875 0.43958333281249995 0.1734375 0.4479166671875 0.1828125 0.5354166671875 0.20625 0.5354166671875 0.209375 0.53125 0.19375 0.5291666671875 0.196875 0.40625 0.171875 0.3729166671875 0.1640625 0.3729166671875 0.1609375 0.3854166671875 0.1734375 0.40208333281249997 0.1734375 0.41875 0.1609375 0.43333333281249997
5 0.284375 0.3604166671875 0.28125 0.46458333281249997 0.2859375 0.5166666671875 0.346875 0.5166666671875 0.3546875 0.49583333281249997 0.3515625 0.43958333281249995 0.3640625 0.41875 0.384375 0.44375 0.3796875 0.5083333328124999 0.3921875 0.5125 0.39375 0.4458333328125 0.4 0.43541666718750005 0.3953125 0.28958333281250004 0.3109375 0.2854166671875 0.3010416671875 0.2854166671875 0.28125 0.2854166671875 0.2765625 0.3 0.2765625 0.35625 0.284375 0.3604166671875
10 0.35625 0.5229166671875001 0.3640625 0.50625 0.36875 0.5270833328125 0.3796875 0.5145833328125 0.3828125 0.44375 0.3671875 0.4145833328125 0.3640625 0.4145833328125 0.3515625 0.4458333328125 0.35625 0.4625 0.353125 0.5166666671875 0.35625 0.5229166671875001
10 0.4390625 0.475 0.440625 0.43958333281249995 0.4625 0.4125 0.4546875 0.3854166671875 0.4484375 0.3854166671875 0.446875 0.40208333281249997 0.4296875 0.4270833328125 0.43125 0.4604166671875 0.4390625 0.475
10 0 0.5125 0.009375 0.5229166671875001 0.0203125 0.5020833328125 0.04375 0.5020833328125 0.046875 0.54375 0.0578125 0.5354166671875 0.059375 0.48541666718750004 0.08125 0.45416666718750004 0.0875 0.43333333281249997 0.0859375 0.41041666718750003 0.075 0.40416666718750005 0.071875 0.40416666718750005 0.0515625 0.42291666718750004 0.046875 0.45208333281249996 0.0328125 0.47291666718750003 0 0.4895833328125 0 0.5125
14 0.125 0.5479166671875 0.109375 0.5208333328125 0.1046875 0.49583333281249997 0.1046875 0.46666666718750005 0.1171875 0.4270833328125 0.103125 0.42291666718750004 0.09375 0.42291666718750004 0.0734375 0.46875 0.06875 0.5166666671875 0.0515625 0.5541666671875001 0.125 0.5479166671875
10 0.084375 0.40625 0.090625 0.42083333281249996 0.1140625 0.42083333281249996 0.1109375 0.39375 0.0984375 0.3645833328125 0.09375 0.3645833328125 0.0875 0.38125 0.075 0.3895833328125 0.075 0.40416666718750005 0.084375 0.40625
10 0.1421875 0.4479166671875 0.146875 0.43958333281249995 0.1375 0.3875 0.13125 0.3875 0.128125 0.40208333281249997 0.1171875 0.41041666718750003 0.1171875 0.45208333281249996 0.1421875 0.4479166671875
15 0 0.9979166671874999 0.9984375 0.9979166671874999 0.9984375 0.7458333328125 0.84375 0.7520833328125 0.7890625 0.75 0.7859375 0.7395833328125 0.7765625 0.7833333328125 0.778125 0.81875 0.753125 0.8229166671874999 0.75 0.80625 0.75625 0.8083333328125001 0.7546875 0.8 0.7734375 0.8104166671874999 0.759375 0.79375 0.7671875 0.7875 0.7703125 0.79375 0.7734375 0.7854166671875 0.7609375 0.78125 0.7546875 0.7979166671875 0.7421875 0.7895833328124999 0.7328125 0.7645833328125 0.740625 0.7583333328124999 0.7359375 0.7229166671875 0.6671875 0.6854166671875 0.65625 0.7 0.6546875 0.73125 0.640625 0.7416666671875001 0.628125 0.7 0.63125 0.6729166671875 0.6265625 0.6729166671875 0.625 0.7020833328125 0.5984375 0.6791666671875001 0.5796875 0.675 0.56875 0.6583333328125 0.571875 0.625 0.5625 0.6270833328125 0.559375 0.6104166671875 0.5546875 0.6291666671875 0.5671875 0.6375 0.5609375 0.6479166671875001 0.453125 0.5666666671875 0.440625 0.5520833328125 0.4375 0.53125 0.4078125 0.5458333328125 0.3890625 0.525 0.36875 0.5416666671875 0.3484375 0.525 0.346875 0.525 0.3390625 0.53125 0.2265625 0.5375 0.2046875 0.5520833328125 0.2015625 0.5458333328125 0.165625 0.5458333328125 0.1296875 0.55 0.121875 0.5604166671875 0.0578125 0.5666666671875 0.0390625 0.5604166671875 0.028125 0.5708333328124999 0 0.56875 0 0.9979166671874999