7 0.6474609375 0.0859375 0.6220703125 0.09375 0.611328125 0.10546875 0.611328125 0.1184895828125 0.6181640625 0.125 0.6484375 0.12890625 0.6845703125 0.1171875 0.685546875 0.1002604171875 0.6728515625 0.08854166718749999 0.6474609375 0.0859375
7 0.6728515625 0.08854166718749999 0.6474609375 0.0859375 0.6220703125 0.09375 0.611328125 0.10546875 0.611328125 0.1184895828125 0.6181640625 0.125 0.650390625 0.12890625 0.6787109375 0.1223958328125 0.6875 0.11328125 0.685546875 0.1002604171875 0.6728515625 0.08854166718749999
10 0.1337890625 0 0.087890625 0.0169270828125 0.0859375 0.09244791718749999 0.068359375 0.1393229171875 0.05078125 0.23567708281250002 0.03515625 0.26953125 0 0.39453125 0 0.5299479171875 0.0322265625 0.5442708328125 0.0498046875 0.5338541671875 0.08203125 0.5403645828125 0.07421875 0.5924479171875 0.080078125 0.75390625 0.064453125 0.7877604171875 0.056640625 0.86328125 0.0859375 0.87109375 0.1123046875 0.8671875 0.12109375 0.8580729171874999 0.111328125 0.7330729171875 0.142578125 0.6158854171875 0.142578125 0.5455729171875 0.1630859375 0.53125 0.1787109375 0.53125 0.1884765625 0.5442708328125 0.2255859375 0.5546875 0.3046875 0.55859375 0.30859375 0.6158854171875 0.33203125 0.7096354171875 0.330078125 0.7825520828125 0.3369140625 0.8229166671874999 0.4287109375 0.8151041671874999 0.4462890625 0.8072916671874999 0.46875 0.7825520828125 0.4599609375 0.7630208328125 0.4404296875 0.7630208328125 0.4052734375 0.7473958328125 0.373046875 0.71484375 0.357421875 0.4778645828125 0.337890625 0.36328125 0.275390625 0.1158854171875 0.2763671875 0.09895833281250001 0.3056640625 0.09114583281250001 0.3125 0.08203125 0.3125 0.06380208281250001 0.298828125 0.0403645828125 0.2978515625 0 0.1337890625 0
7 0 0.25390625 0.0068359375 0.265625 0.03125 0.2643229171875 0.033203125 0.2565104171875 0.0263671875 0.25 0.0068359375 0.24739583281250002 0 0.25390625
12 0.7021484375 0.3020833328125 0.537109375 0.44140625 0.537109375 0.5091145828125 0.5478515625 0.5260416671875 0.7265625 0.60546875 0.9990234375 0.6015625 1 0.2877604171875 0.7333984375 0.2864583328125 0.7021484375 0.3020833328125
15 1 0.6471354171875 0.9931640625 0.6432291671875 0.9814453125 0.6432291671875 0.9755859375 0.6614583328125 0.9638671875 0.6614583328125 0.9560546875 0.6432291671875 0.9501953125 0.65625 0.9267578125 0.6588541671875 0.8564453125 0.6588541671875 0.8388671875 0.6510416671875 0.8330078125 0.6588541671875 0.7177734375 0.6588541671875 0.5693359375 0.5598958328125 0.5341796875 0.5338541671875 0.5244140625 0.5182291671875 0.5009765625 0.5208333328125 0.4853515625 0.5104166671875 0.3798828125 0.5182291671875 0.369140625 0.52734375 0.3671875 0.55859375 0.376953125 0.70703125 0.4130859375 0.7447916671875 0.4619140625 0.7604166671875 0.470703125 0.7721354171875 0.470703125 0.78515625 0.4580078125 0.8046875 0.4306640625 0.8203125 0.3447265625 0.8307291671874999 0.33203125 0.8190104171874999 0.328125 0.7044270828125 0.3046875 0.6158854171875 0.30078125 0.56640625 0.1923828125 0.5494791671875 0.1669921875 0.5520833328125 0.1552734375 0.5442708328125 0.1484375 0.5533854171875 0.14453125 0.6236979171875 0.115234375 0.7278645828125 0.123046875 0.8606770828125001 0.1044921875 0.875 0.0693359375 0.8776041671874999 0.052734375 0.8606770828125001 0.052734375 0.8294270828125001 0.076171875 0.7408854171875 0.07421875 0.55859375 0.0693359375 0.5520833328125 0.0166015625 0.5520833328125 0 0.5690104171875 0.0029296875 0.9973958328125001 1 0.99609375 1 0.6471354171875
7 0.9306640625 0.09375 0.892578125 0.1106770828125 0.8994140625 0.1276041671875 0.935546875 0.12890625 0.9658203125 0.1197916671875 0.970703125 0.10546875 0.9580078125 0.09635416718749999 0.9306640625 0.09375
7 0.65234375 0.05598958281250001 0.654296875 0.0377604171875 0.6474609375 0.0338541671875 0.646484375 0.05598958281250001 0.65234375 0.05598958281250001
7 0.044921875 0.24348958281250002 0.0458984375 0.2265625 0.025390625 0.23046875 0.0283203125 0.2421875 0.044921875 0.24348958281250002
7 0.3525390625 0.0859375 0.33203125 0.09765625 0.33203125 0.1106770828125 0.3466796875 0.1223958328125 0.39453125 0.1236979171875 0.41015625 0.11328125 0.41015625 0.1028645828125 0.3994140625 0.09114583281250001 0.3525390625 0.0859375
10 0.5458984375 0.3828125 0.525390625 0.4231770828125 0.529296875 0.5169270828125 0.53515625 0.5065104171875 0.53515625 0.4309895828125 0.55859375 0.4127604171875 0.5458984375 0.3828125