5 0.4859375 0.275 0.49375 0.29375 0.5015625 0.2833333328125 0.515625 0.2875 0.5203125 0.3083333328125 0.5484375 0.35 0.5375 0.4625 0.540625 0.475 0.5671875 0.48333333281249996 0.571875 0.5416666671875 0.73125 0.5291666671875 0.73125 0.48333333281249996 0.7125 0.4270833328125 0.7078125 0.3770833328125 0.696875 0.4375 0.6859375 0.43125 0.684375 0.40833333281249995 0.7015625 0.27291666718749996 0.71875 0.20416666718749998 0.7328125 0.17916666718750002 0.759375 0.1854166671875 0.7671875 0.19583333281249998 0.775 0.2375 0.79375 0.2645833328125 0.8 0.3145833328125 0.8234375 0.3916666671875 0.8140625 0.40416666718750005 0.8046875 0.40416666718750005 0.803125 0.3708333328125 0.778125 0.3104166671875 0.775 0.35625 0.784375 0.36666666718749996 0.7828125 0.4291666671875 0.7671875 0.5 0.7671875 0.5270833328125 0.8484375 0.5270833328125 0.8484375 0.1291666671875 0.8453125 0.1291666671875 0.63125 0.15625 0.4703125 0.18125 0.4734375 0.27291666718749996 0.4859375 0.275
7 0.6375 0.26875 0.6 0.2166666671875 0.59375 0.2166666671875 0.5921875 0.23125 0.6078125 0.2520833328125 0.6234375 0.26875 0.6375 0.26875
7 0 0.12291666718750001 0.0375 0.12291666718750001 0.0359375 0.10625 0.00625 0.0958333328125 0 0.0958333328125 0 0.12291666718750001
11 0.1734375 0 0.109375 0.0041666671875 0.1125 0.3791666671875 0.1203125 0.41875 0.125 0.41875 0.1265625 0.40416666718750005 0.140625 0.40208333281249997 0.1984375 0.4125 0.1921875 0.5125 0.2046875 0.575 0.221875 0.55 0.221875 0.3895833328125 0.2125 0.3708333328125 0.21875 0.35 0.2140625 0.3229166671875 0.21875 0.2479166671875 0.215625 0.0625 0.2140625 0.04375 0.1890625 0.025 0.18125 0.014583332812499999 0.18125 0 0.1734375 0
7 0.215625 0.1395833328125 0.215625 0.1583333328125 0.2265625 0.1520833328125 0.2234375 0.1395833328125 0.215625 0.1395833328125
7 0 0.0479166671875 0.00625 0.0395833328125 0.0015625 0.0229166671875 0 0.0229166671875 0 0.0479166671875
7 0.1109375 0.0375 0.10625 0.0375 0.1015625 0.04375 0.1046875 0.054166667187499996 0.1109375 0.054166667187499996 0.1109375 0.0375
10 0.5109375 0.55625 0.521875 0.55625 0.5359375 0.55 0.5328125 0.45416666718750004 0.5484375 0.3541666671875 0.509375 0.2854166671875 0.503125 0.2854166671875 0.49375 0.30416666718749996 0.496875 0.32083333281250004 0.5125 0.3333333328125 0.5109375 0.55625
10 0.29375 0.3229166671875 0.2765625 0.3395833328125 0.2953125 0.35625 0.296875 0.4895833328125 0.309375 0.5479166671875 0.309375 0.5729166671875 0.2984375 0.5916666671875 0.3078125 0.59375 0.309375 0.6041666671875 0.3296875 0.6041666671875 0.340625 0.6 0.3421875 0.5375 0.334375 0.4770833328125 0.3515625 0.40416666718750005 0.3453125 0.35 0.3609375 0.3416666671875 0.3625 0.3270833328125 0.3515625 0.275 0.3375 0.2541666671875 0.321875 0.2 0.3125 0.1916666671875 0.303125 0.1916666671875 0.2890625 0.20833333281250002 0.2921875 0.23541666718749998 0.3015625 0.2541666671875 0.29375 0.3229166671875
3 0.09589966562499999 0.49505044531250003 0.07246216562499999 0.5075504453125 0.069337165625 0.6013004453125 0.077149665625 0.5950504453125001 0.077149665625 0.5471337796875 0.078712165625 0.5263004453125 0.078712165625 0.5158837796875 0.094337165625 0.5054671125 0.10996216562500001 0.5033837796875 0.125587165625 0.5096337796875 0.129176528125 0.5621136171875001 0.128712165625 0.6013004453125 0.1326995234375 0.5206205500000001 0.144337165625 0.6138004453125 0.141212165625 0.5054671125 0.184962165625 0.5054671125 0.192774665625 0.5388004453125 0.20315944843749997 0.6059553484375 0.2084439421875 0.6098697875 0.192774665625 0.5117171125 0.195899665625 0.4096337796875 0.152149665625 0.4033837796875 0.141212165625 0.4033837796875 0.131837165625 0.42838377968749997 0.128712165625 0.46171711249999997 0.12714966562500002 0.4888004453125 0.09589966562499999 0.49505044531250003
15 0 0.9979166671874999 0.9984375 0.9979166671874999 0.9984375 0.6479166671875001 0.9859375 0.61875 0.9828125 0.625 0.978125 0.61875 0.9828125 0.6104166671875 0.9765625 0.6020833328124999 0.98125 0.59375 0.975 0.5625 0.909375 0.55625 0.903125 0.5666666671875 0.8984375 0.5604166671875 0.871875 0.56875 0.86875 0.5604166671875 0.8546875 0.5604166671875 0.8453125 0.5416666671875 0.7671875 0.54375 0.765625 0.6208333328125 0.7359375 0.63125 0.7296875 0.6083333328125 0.73125 0.5479166671875 0.725 0.5395833328124999 0.6953125 0.5375 0.68515625 0.5375 0.6703125 0.5395833328124999 0.6546875 0.55625 0.571875 0.5583333328125 0.540625 0.5645833328125 0.528125 0.5770833328125 0.4609375 0.5708333328124999 0.4078125 0.5770833328125 0.3875 0.5916666671875 0.3515625 0.5854166671875001 0.34375 0.6208333328125 0.3328125 0.6166666671875001 0.3265625 0.625 0.28125 0.6041666671875 0.21875 0.59375 0.1953125 0.59375 0.184375 0.6020833328124999 0.15 0.5958333328125 0.1453125 0.6229166671875 0.1390625 0.6208333328125 0.1375 0.6083333328125 0.0984375 0.6104166671875 0.071875 0.6270833328125 0.0515625 0.61875 0.046875 0.625 0 0.6208333328125 0 0.9979166671874999
10 0.0796875 0.51875 0.075 0.6041666671875 0.0921875 0.59375 0.0796875 0.5229166671875001 0.0796875 0.51875
10 0 0.35 0.0296875 0.3645833328125 0.046875 0.3875 0.0234375 0.4875 0.034375 0.5875 0.0171875 0.60625 0.0515625 0.6083333328125 0.0609375 0.6020833328124999 0.0609375 0.5791666671875 0.053125 0.5729166671875 0.053125 0.51875 0.0671875 0.5583333328125 0.0703125 0.50625 0.1125 0.42083333281249996 0.1140625 0.3916666671875 0.09375 0.35625 0.025 0.2916666671875 0.0015625 0.2416666671875 0 0.2416666671875 0 0.35
10 0.3984375 0.39791666718749996 0.40625 0.41041666718750003 0.4 0.4270833328125 0.40625 0.43333333281249997 0.4359375 0.4270833328125 0.440625 0.3625 0.428125 0.3166666671875 0.4203125 0.3166666671875 0.4140625 0.3270833328125 0.4140625 0.3479166671875 0.3984375 0.3708333328125 0.3984375 0.39791666718749996
10 0.334375 0.48125 0.3375 0.49791666718750005 0.35 0.4625 0.3625 0.47291666718750003 0.371875 0.5625 0.375 0.5708333328124999 0.3890625 0.5708333328124999 0.3984375 0.5625 0.3875 0.55 0.371875 0.43125 0.378125 0.40833333281249995 0.371875 0.325 0.35625 0.2770833328125 0.353125 0.2770833328125 0.3625 0.3375 0.346875 0.3479166671875 0.353125 0.40416666718750005 0.334375 0.48125
14 0.2375 0.4270833328125 0.240625 0.49583333281249997 0.2328125 0.5375 0.20625 0.5791666671875 0.2078125 0.5875 0.2390625 0.5833333328125 0.2546875 0.59375 0.30625 0.5729166671875 0.30625 0.5375 0.29375 0.46875 0.2921875 0.3583333328125 0.2703125 0.3541666671875 0.2671875 0.3541666671875 0.215625 0.3604166671875 0.2140625 0.3708333328125 0.23125 0.4 0.2375 0.4270833328125
14 0.48125 0.45208333281249996 0.4828125 0.5479166671875 0.478125 0.5583333328125 0.5109375 0.54375 0.5046875 0.48125 0.509375 0.4145833328125 0.5046875 0.4 0.4953125 0.4 0.459375 0.40416666718750005 0.4671875 0.4270833328125 0.4875 0.43958333281249995 0.48125 0.45208333281249996
4 0.3578125 0.5666666671875 0.3734375 0.55625 0.371875 0.525 0.3640625 0.4791666671875 0.35 0.45 0.3453125 0.45 0.340625 0.4916666671875 0.34375 0.54375 0.3453125 0.5583333328125 0.3578125 0.5666666671875
4 0.478125 0.44166666718750003 0.4640625 0.45208333281249996 0.4328125 0.4375 0.378125 0.43541666718750005 0.3765625 0.43541666718750005 0.39375 0.5583333328125 0.4671875 0.55625 0.48125 0.5458333328125 0.478125 0.44166666718750003
5 0.496875 0.3125 0.4953125 0.3125 0.496875 0.3875 0.5078125 0.3875 0.5125 0.3375 0.496875 0.3125
11 0.8578125 0 0.8609375 0.5416666671875 0.8671875 0.5416666671875 0.871875 0.5541666671875001 0.8890625 0.5541666671875001 0.8984375 0.5375 0.896875 0.07083333281250001 0.8890625 0.0166666671875 0.8953125 0.0125 0.8921875 0.0041666671875 0.875 0 0.86640625 0 0.8578125 0
12 0.99375 0.6166666671875001 0.9984375 0.6166666671875001 0.9953125 0.3229166671875 0.978125 0.3395833328125 0.9765625 0.35208333281250004 0.9796875 0.5625 0.99375 0.6166666671875001
11 0.1140625 0.45416666718750004 0.115625 0.49583333281249997 0.1296875 0.48125 0.121875 0.45416666718750004 0.1140625 0.45416666718750004
11 0.1296875 0.56875 0.1296875 0.5291666671875 0.121875 0.5083333328124999 0.11875 0.5083333328124999 0.1140625 0.5166666671875 0.115625 0.5583333328125 0.1265625 0.5604166671875 0.1296875 0.56875
11 0.1703125 0.5895833328125 0.178125 0.5895833328125 0.1796875 0.575 0.1921875 0.5708333328124999 0.1859375 0.5520833328125 0.1859375 0.5083333328124999 0.146875 0.5083333328124999 0.1453125 0.50625 0.1390625 0.5104166671875 0.14375 0.56875 0.165625 0.5708333328124999 0.1703125 0.5895833328125
10 0.690625 0.43333333281249997 0.7 0.4270833328125 0.6984375 0.3958333328125 0.7078125 0.36875 0.715625 0.3958333328125 0.715625 0.4291666671875 0.734375 0.5 0.7359375 0.6166666671875001 0.7515625 0.6229166671875 0.7609375 0.6166666671875001 0.75625 0.5645833328125 0.7828125 0.41875 0.78125 0.36875 0.7734375 0.3125 0.7625 0.3020833328125 0.7640625 0.2833333328125 0.7703125 0.2854166671875 0.7703125 0.2958333328125 0.775 0.28958333281250004 0.78125 0.2979166671875 0.80625 0.36875 0.809375 0.40208333281249997 0.8203125 0.39375 0.8203125 0.38333333281250004 0.7984375 0.3125 0.7921875 0.2645833328125 0.7734375 0.2375 0.765625 0.19375 0.7375 0.18125 0.734375 0.18125 0.7171875 0.2166666671875 0.7 0.29375 0.6859375 0.425 0.690625 0.43333333281249997
0 0.7390625 0.36666666718749996 0.746875 0.3604166671875 0.7671875 0.36875 0.7703125 0.3604166671875 0.7625 0.35625 0.7703125 0.35208333281250004 0.775 0.3291666671875 0.771875 0.3145833328125 0.7609375 0.3104166671875 0.759375 0.2854166671875 0.778125 0.2854166671875 0.778125 0.27291666718749996 0.759375 0.2520833328125 0.775 0.24583333281250003 0.734375 0.2479166671875 0.73125 0.2416666671875 0.728125 0.2416666671875 0.7078125 0.2708333328125 0.7109375 0.3333333328125 0.70625 0.3604166671875 0.7390625 0.36666666718749996