7 0.0400390625 0.296875 0.052734375 0.2981770828125 0.05859375 0.29296875 0.0537109375 0.2838541671875 0.03515625 0.28515625 0.0400390625 0.296875
7 0.0869140625 0.2916666671875 0.12109375 0.29296875 0.125 0.2825520828125 0.1181640625 0.2760416671875 0.076171875 0.27734375 0.0869140625 0.2916666671875
12 0.7177734375 0.2942708328125 0.5732421875 0.40625 0.568359375 0.4153645828125 0.568359375 0.47265625 0.5625 0.4778645828125 0.568359375 0.48828125 0.5625 0.49609375 0.5625 0.5169270828125 0.53515625 0.5221354171875 0.5400390625 0.5338541671875 0.7138671875 0.6171875 0.890625 0.6158854171875 1 0.6106770828125 0.9990234375 0.2864583328125 0.8740234375 0.2838541671875 0.7177734375 0.2942708328125
15 0.9775390625 0.6770833328125 0.9716796875 0.6588541671875 0.8818359375 0.6744791671875 0.7236328125 0.6744791671875 0.7021484375 0.6666666671875 0.6669921875 0.6354166671875 0.5634765625 0.5729166671875 0.5322265625 0.546875 0.5224609375 0.5260416671875 0.4853515625 0.5286458328125 0.4677734375 0.5182291671875 0.3369140625 0.5286458328125 0.3310546875 0.5416666671875 0.2978515625 0.5338541671875 0.2099609375 0.5494791671875 0.1708984375 0.546875 0.1357421875 0.5651041671875 0.0400390625 0.5598958328125 0 0.56640625 0.0009765625 0.9947916671874999 0.2412109375 0.9973958328125001 0.2607421875 0.9895833328125001 0.2724609375 0.9973958328125001 1 0.99609375 0.9990234375 0.6536458328125 0.99609375 0.6731770828125 0.9892578125 0.6796875 0.9775390625 0.6770833328125
7 0.609375 0.11328125 0.609375 0.1263020828125 0.6220703125 0.1354166671875 0.66015625 0.1341145828125 0.68359375 0.12109375 0.6767578125 0.09895833281250001 0.6357421875 0.09375 0.609375 0.11328125
5 0.484375 0.3111979171875 0.2724609375 0.3046875 0.267578125 0.3111979171875 0.267578125 0.3684895828125 0.2919921875 0.375 0.294921875 0.3893229171875 0.31640625 0.4127604171875 0.31640625 0.4778645828125 0.333984375 0.4934895828125 0.3388671875 0.5208333328125 0.376953125 0.51953125 0.4326171875 0.5104166671875 0.4794921875 0.5130208328125 0.484375 0.5065104171875 0.484375 0.3111979171875
10 0.283203125 0.3971354171875 0.29296875 0.4127604171875 0.302734375 0.5221354171875 0.3125 0.5247395828125 0.31640625 0.41796875 0.3037109375 0.3984375 0.2861328125 0.3880208328125 0.283203125 0.3971354171875
7 0.3486328125 0.3541666671875 0.35546875 0.35546875 0.357421875 0.34765625 0.3427734375 0.3255208328125 0.330078125 0.32421875 0.3486328125 0.3541666671875
7 0.0009765625 0.2760416671875 0.015625 0.2747395828125 0.021484375 0.26953125 0.0166015625 0.2604166671875 0 0.2565104171875 0.0009765625 0.2760416671875
7 0.0185546875 0.2526041671875 0.0390625 0.25390625 0.048828125 0.24869791718749998 0.0458984375 0.23697916718749998 0.0078125 0.23567708281250002 0.0185546875 0.2526041671875
7 0.4072265625 0.3255208328125 0.4296875 0.32421875 0.43359375 0.3190104171875 0.4267578125 0.3072916671875 0.39453125 0.3111979171875 0.4072265625 0.3255208328125
7 0.1005859375 0.2604166671875 0.119140625 0.26171875 0.12109375 0.25390625 0.1142578125 0.24739583281250002 0.095703125 0.24869791718749998 0.1005859375 0.2604166671875
7 0.9267578125 0.1015625 0.892578125 0.1184895828125 0.8994140625 0.1354166671875 0.9375 0.13671875 0.9619140625 0.1302083328125 0.970703125 0.1158854171875 0.9560546875 0.1041666671875 0.9267578125 0.1015625
7 0.3388671875 0.09375 0.32421875 0.1080729171875 0.3291015625 0.1223958328125 0.3427734375 0.1302083328125 0.38671875 0.1341145828125 0.404296875 0.12109375 0.40234375 0.1080729171875 0.3916015625 0.09895833281250001 0.3388671875 0.09375
7 0.6591796875 0.2838541671875 0.669921875 0.2825520828125 0.673828125 0.26953125 0.6689453125 0.2630208328125 0.65234375 0.2669270828125 0.6591796875 0.2838541671875
14 0.068359375 0.5065104171875 0.060546875 0.5455729171875 0.0673828125 0.5572916671875 0.10546875 0.5559895828125 0.09765625 0.4153645828125 0.0537109375 0.4114583328125 0.068359375 0.45703125 0.068359375 0.5065104171875
10 0.12890625 0.3424479171875 0.1240234375 0.3333333328125 0.1142578125 0.3333333328125 0.095703125 0.3763020828125 0.1015625 0.5247395828125 0.1103515625 0.5572916671875 0.13671875 0.55859375 0.146484375 0.5559895828125 0.134765625 0.5403645828125 0.13671875 0.39453125 0.12890625 0.3424479171875
10 0.537109375 0.39453125 0.5390625 0.41015625 0.5234375 0.43359375 0.53125 0.5221354171875 0.52734375 0.4388020828125 0.552734375 0.41796875 0.5419921875 0.3880208328125 0.537109375 0.39453125
10 0.2080078125 0.5 0.212890625 0.4934895828125 0.212890625 0.48046875 0.23046875 0.4544270828125 0.2314453125 0.4270833328125 0.2099609375 0.4192708328125 0.19921875 0.4283854171875 0.19140625 0.4778645828125 0.1728515625 0.4817708328125 0.15625 0.49609375 0.15625 0.5377604171875 0.1650390625 0.5104166671875 0.1787109375 0.5260416671875 0.1806640625 0.5 0.2080078125 0.5
14 0.2548828125 0.4348958328125 0.2412109375 0.4322916671875 0.224609375 0.47265625 0.21484375 0.48046875 0.2109375 0.51953125 0.197265625 0.5377604171875 0.20703125 0.5403645828125 0.26171875 0.53515625 0.24609375 0.5013020828125 0.24609375 0.46484375 0.2548828125 0.4348958328125