5 0.36484375 0.40859375 0.0796875 0.22890625
5 0.2765625 0.40703125 0.0875 0.23515625
12 0.7734375 0.49765625 0.446875 0.9953125
15 0.434375 0.75703125 0.865625 0.47734375
7 0.2828125 0.25625 0.05 0.05859375
7 0.40078125 0.13046875 0.0234375 0.01875
7 0.75078125 0.26875 0.0578125 0.05
7 0.221875 0.50234375 0.040625 0.05859375
10 0.52421875 0.44140625 0.0515625 0.20859375
10 0.18046875 0.41796875 0.0546875 0.25625
10 0.4296875 0.43984375 0.04375 0.19609375
10 0.45625 0.43046875 0.0375 0.21484375
10 0.06953125 0.42734375 0.0609375 0.26640625
10 0.015625 0.42578125 0.03125 0.28515625
10 0.5984375 0.43046875 0.04375 0.21484375