11 0.20625 0.34609375 0.0875 0.57109375
11 0.33359375 0.478125 0.1546875 0.31875
5 0.76875 0.42578125 0.084375 0.22734375
15 0.49921875 0.76328125 0.9953125 0.46484375
7 0.12890625 0.065625 0.0796875 0.04765625
7 0.746875 0.28125 0.025 0.05
7 0.4296875 0.2125 0.05625 0.02890625
7 0.31640625 0.13203125 0.0515625 0.03125
7 0.29921875 0.1875 0.0453125 0.025
7 0.36796875 0.23125 0.0234375 0.01640625
7 0.81328125 0.26796875 0.0265625 0.02265625
7 0.42734375 0.14609375 0.0296875 0.02109375
7 0.9 0.14375 0.025 0.02109375
10 0.3828125 0.41015625 0.084375 0.3625
10 0.6421875 0.42890625 0.071875 0.31640625
10 0.690625 0.43515625 0.04375 0.24609375
10 0.140625 0.41171875 0.05625 0.28515625