7 0.39375 0.1416666671875 0.4359375 0.1416666671875 0.44375 0.13125 0.44375 0.1166666671875 0.428125 0.1020833328125 0.425 0.07291666718749999 0.4125 0.058333332812500006 0.4109375 0.0458333328125 0.409375 0.0458333328125 0.40625 0.0979166671875 0.371875 0.10833333281249999 0.3703125 0.1270833328125 0.39375 0.1416666671875
7 0.4421875 0.13333333281249998 0.4390625 0.11041666718750001 0.4140625 0.1020833328125 0.40625 0.1020833328125 0.3734375 0.10833333281249999 0.3703125 0.1270833328125 0.4078125 0.14375 0.4421875 0.13333333281249998
11 0.1109375 0.45 0.109375 0.2916666671875 0.090625 0.2854166671875 0.0859375 0.2854166671875 0.08125 0.30625 0.08125 0.44166666718750003 0.1 0.45416666718750004 0.1109375 0.45
7 0.178125 0.28125 0.1578125 0.2770833328125 0.15 0.2770833328125 0.1375 0.2854166671875 0.1484375 0.29375 0.1796875 0.28958333281250004 0.178125 0.28125
7 0.7125 0.1291666671875 0.7125 0.10625 0.69375 0.0979166671875 0.6859375 0.0979166671875 0.6453125 0.11041666718750001 0.6421875 0.13333333281249998 0.6640625 0.1416666671875 0.7125 0.1291666671875
7 0.7140625 0.125 0.709375 0.1041666671875 0.6859375 0.1 0.684375 0.0979166671875 0.64375 0.1125 0.6421875 0.13333333281249998 0.6875 0.1395833328125 0.7140625 0.125
15 0 0.9979166671874999 0.9984375 0.9979166671874999 0.996875 0.6229166671875 0.9796875 0.625 0.9734375 0.65 0.9609375 0.6479166671875001 0.9546875 0.6229166671875 0.9234375 0.6291666671875 0.91875 0.6229166671875 0.9078125 0.6291666671875 0.8859375 0.625 0.8734375 0.6375 0.8578125 0.6375 0.884375 0.64375 0.846875 0.65 0.8171875 0.64375 0.7828125 0.6520833328125 0.7671875 0.64375 0.7390625 0.65 0.7046875 0.6145833328125 0.6921875 0.6166666671875001 0.5890625 0.5520833328125 0.5734375 0.55 0.575 0.54375 0.5578125 0.5375 0.55 0.5229166671875001 0.53125 0.53125 0.515625 0.5166666671875 0.506640625 0.5166666671875 0.3484375 0.53125 0.3390625 0.5583333328125 0.325 0.5666666671875 0.315625 0.55625 0.31875 0.5375 0.2953125 0.5395833328124999 0.2953125 0.5458333328125 0.2578125 0.5416666671875 0.225 0.56875 0.21875 0.5666666671875 0.21875 0.55625 0.2125 0.5604166671875 0.2015625 0.5520833328125 0.08125 0.55625 0.071875 0.575 0.059375 0.5625 0.0484375 0.5625 0.034375 0.5708333328124999 0.0359375 0.5833333328125 0.028125 0.5916666671875 0 0.5916666671875 0 0.9979166671874999
14 0.0609375 0.475 0.0640625 0.5604166671875 0.071875 0.5583333328125 0.071875 0.4791666671875 0.0765625 0.47083333281249995 0.1421875 0.4625 0.1375 0.45416666718750004 0.0921875 0.45416666718750004 0.0796875 0.44375 0.034375 0.4458333328125 0.0328125 0.44375 0.0328125 0.47291666718750003 0.034375 0.46666666718750005 0.05625 0.46458333281249997 0.0609375 0.475
11 0.1109375 0.46458333281249997 0.10260416718750001 0.46458333281249997 0.0796875 0.47083333281249995 0.08125 0.5479166671875 0.1140625 0.5416666671875 0.1109375 0.46458333281249997
7 0.959375 0.1395833328125 0.9984375 0.12291666718750001 0.9921875 0.11041666718750001 0.9671875 0.10625 0.965625 0.1041666671875 0.9296875 0.11041666718750001 0.91875 0.1270833328125 0.9265625 0.1375 0.959375 0.1395833328125
10 0.009375 0.58125 0.028125 0.58125 0.0328125 0.5208333328125 0.025 0.35625 0.0359375 0.28125 0.0140625 0.2479166671875 0.01875 0.2208333328125 0.0140625 0.2 0.00625 0.19583333281249998 0.003125 0.19583333281249998 0 0.4291666671875 0.0140625 0.5104166671875 0.0078125 0.575 0.009375 0.58125
7 0.0296875 0.1854166671875 0.01875 0.18125 0.0125 0.18125 0.0046875 0.1875 0.00625 0.19583333281249998 0.028125 0.1979166671875 0.0296875 0.1854166671875
7 0.0828125 0.2666666671875 0.078125 0.2625 0.0703125 0.2625 0.05 0.2666666671875 0.0546875 0.275 0.0796875 0.2770833328125 0.0828125 0.2666666671875
7 0.1109375 0.2541666671875 0.109375 0.24375 0.09375 0.23958333281250002 0.0875 0.23958333281250002 0.078125 0.2416666671875 0.0765625 0.25 0.0890625 0.25833333281250004 0.1109375 0.2541666671875
7 0.178125 0.25625 0.16875 0.2520833328125 0.165625 0.2520833328125 0.1578125 0.25625 0.1609375 0.2645833328125 0.178125 0.2645833328125 0.178125 0.25625
7 0.696875 0.0770833328125 0.696875 0.0895833328125 0.7015625 0.0770833328125 0.7 0.014583332812499999 0.6953125 0.014583332812499999 0.6890625 0.05208333281250001 0.6953125 0.060416667187499995 0.6890625 0.07083333281250001 0.696875 0.0770833328125
7 0.7140625 0 0.7328125 0.00625 0.771875 0 0.763616071875 0 0.7140625 0
10 0.5640625 0.44375 0.575 0.4270833328125 0.5609375 0.3916666671875 0.559375 0.3916666671875 0.5390625 0.43125 0.55625 0.51875 0.5625 0.5145833328125 0.5640625 0.44375
5 0.325 0.3229166671875 0.340625 0.31875 0.3625 0.3708333328125 0.3609375 0.3791666671875 0.3765625 0.38125 0.39375 0.40625 0.4 0.425 0.390625 0.4458333328125 0.390625 0.47083333281249995 0.3984375 0.5125 0.51875 0.5083333328124999 0.5234375 0.43333333281249997 0.5203125 0.30625 0.3578125 0.30416666718749996 0.3490625 0.30416666718749996 0.3140625 0.30416666718749996 0.3140625 0.3645833328125 0.3234375 0.35625 0.325 0.3229166671875
10 0.334375 0.55625 0.3375 0.49583333281249997 0.3578125 0.5229166671875001 0.365625 0.525 0.3671875 0.51875 0.35625 0.4895833328125 0.365625 0.41875 0.3625 0.3854166671875 0.3390625 0.32083333281250004 0.328125 0.32083333281250004 0.3140625 0.4 0.3265625 0.5354166671875 0.321875 0.5583333328125 0.334375 0.55625
10 0.3921875 0.5166666671875 0.3875 0.4458333328125 0.3984375 0.42291666718750004 0.3734375 0.38125 0.36875 0.38125 0.3703125 0.5166666671875 0.378125 0.5166666671875 0.3796875 0.48333333281249996 0.3921875 0.5166666671875
10 0.203125 0.54375 0.2109375 0.5270833328125 0.215625 0.5458333328125 0.2421875 0.5458333328125 0.2453125 0.5395833328124999 0.2296875 0.5291666671875 0.2265625 0.425 0.21875 0.4145833328125 0.215625 0.3916666671875 0.2203125 0.3791666671875 0.2078125 0.3395833328125 0.2 0.3395833328125 0.1828125 0.38125 0.2015625 0.525 0.1984375 0.5416666671875 0.203125 0.54375
10 0.1375 0.46875 0.128125 0.46875 0.1171875 0.47083333281249995 0.125 0.5375 0.134375 0.5291666671875 0.1375 0.46875
14 0.178125 0.5479166671875 0.1921875 0.5416666671875 0.178125 0.4895833328125 0.1859375 0.42291666718750004 0.175 0.4125 0.1421875 0.41041666718750003 0.140625 0.41041666718750003 0.13125 0.4145833328125 0.14375 0.4583333328125 0.1359375 0.54375 0.178125 0.5479166671875
10 0.2515625 0.43958333281249995 0.2515625 0.46666666718750005 0.23125 0.48125 0.234375 0.49791666718750005 0.25 0.49791666718750005 0.246875 0.5375 0.2625 0.5208333328125 0.271875 0.475 0.29375 0.4458333328125 0.2953125 0.43125 0.2828125 0.40208333281249997 0.275 0.40208333281249997 0.2796875 0.4270833328125 0.2703125 0.4291666671875 0.2625 0.42083333281249996 0.2515625 0.43958333281249995
14 0.2984375 0.49791666718750005 0.303125 0.43333333281249997 0.2984375 0.43333333281249997 0.2734375 0.475 0.259375 0.53125 0.3125 0.5291666671875 0.2984375 0.49791666718750005
11 0.21875 0.3708333328125 0.2375 0.38125 0.2390625 0.40208333281249997 0.2265625 0.3916666671875 0.2296875 0.40625 0.2375 0.40833333281249995 0.2265625 0.44166666718750003 0.23125 0.4583333328125 0.246875 0.4604166671875 0.25 0.2854166671875 0.2421875 0.2770833328125 0.2421875 0.2375 0.21875 0.23333333281250002 0.2109375 0.23333333281250002 0.2015625 0.23541666718749998 0.2 0.33125 0.2140625 0.34375 0.21875 0.3708333328125
10 0.1375 0.45416666718750004 0.128125 0.4125 0.1375 0.40625 0.1421875 0.3875 0.153125 0.40416666718750005 0.153125 0.3895833328125 0.1453125 0.3770833328125 0.1359375 0.3791666671875 0.1359375 0.35208333281250004 0.13125 0.3479166671875 0.1234375 0.3479166671875 0.1125 0.38333333281250004 0.1125 0.44375 0.115625 0.45208333281249996 0.1375 0.45416666718750004
10 0.1796875 0.3895833328125 0.1703125 0.3583333328125 0.1640625 0.3583333328125 0.15625 0.3875 0.1578125 0.40625 0.1765625 0.40833333281249995 0.1796875 0.3895833328125
10 0.309375 0.39791666718749996 0.303125 0.39791666718749996 0.2953125 0.41875 0.2984375 0.4291666671875 0.3140625 0.4291666671875 0.309375 0.39791666718749996
12 0.565625 0.44375 0.5640625 0.5270833328125 0.6109375 0.5666666671875 0.696875 0.6145833328125 0.7078125 0.6125 0.7296875 0.63125 0.7359375 0.6458333328125 0.753125 0.6375 0.771875 0.6458333328125 0.865625 0.64375 0.903125 0.6375 0.90625 0.6291666671875 0.8953125 0.6229166671875 0.9109375 0.61875 0.9265625 0.6270833328125 0.953125 0.625 0.9578125 0.6458333328125 0.9734375 0.6479166671875001 0.978125 0.625 0.9984375 0.625 0.9984375 0.30625 0.8109375 0.30416666718749996 0.803125 0.30416666718749996 0.7359375 0.3104166671875 0.5984375 0.42083333281249996 0.5765625 0.4270833328125 0.565625 0.44375