15 0.6 0.5833333328125 0.5 0.6104166671875 0.3640625 0.6166666671875001 0.309375 0.6333333328124999 0.284375 0.6333333328124999 0.2671875 0.6270833328125 0.2609375 0.6166666671875001 0.2484375 0.6270833328125 0.2046875 0.6291666671875 0.1921875 0.6375 0.184375 0.6729166671875 0.15 0.675 0.1421875 0.6645833328124999 0.1390625 0.6708333328125 0.1265625 0.6645833328124999 0.121875 0.6729166671875 0.0640625 0.6729166671875 0.0578125 0.6833333328125 0.003125 0.69375 0 0.9979166671874999 0.9984375 0.9979166671874999 0.9984375 0.5604166671875 0.8890625 0.5583333328125 0.8828125 0.5583333328125 0.8640625 0.5833333328125 0.8609375 0.575 0.85625 0.58125 0.6 0.5833333328125
5 0.5 0.1916666671875 0.503125 0.2166666671875 0.5140625 0.23958333281250002 0.515625 0.3479166671875 0.534375 0.35 0.5484375 0.3645833328125 0.5375 0.3916666671875 0.540625 0.425 0.5484375 0.4270833328125 0.571875 0.46666666718750005 0.5921875 0.46875 0.6046875 0.48333333281249996 0.6078125 0.5458333328125 0.603125 0.5645833328125 0.8484375 0.5708333328124999 0.8765625 0.55 0.9984375 0.55625 0.9984375 0.00625 0.984375 0.00625 0.5890625 0.0666666671875 0.484375 0.0916666671875 0.484375 0.18125 0.5 0.1916666671875
7 0.675 0.1854166671875 0.64375 0.1354166671875 0.6375 0.1354166671875 0.6390625 0.15625 0.6625 0.1916666671875 0.671875 0.19375 0.675 0.1854166671875
7 0.684375 0.2 0.675 0.2 0.678125 0.2166666671875 0.6921875 0.225 0.69375 0.2125 0.684375 0.2
11 0 0 0 0.1729166671875 0.0046875 0.175 0.0125 0.175 0.015625 0.1604166671875 0.01875 0 0.009375 0 0 0
7 0.0203125 0.058333332812500006 0.015625 0.07083333281250001 0.03125 0.0791666671875 0.0296875 0.058333332812500006 0.0203125 0.058333332812500006
10 0.19375 0.2645833328125 0.2015625 0.2979166671875 0.19375 0.3708333328125 0.20625 0.4 0.2046875 0.5041666671875 0.2125 0.5979166671875 0.2203125 0.6125 0.2421875 0.60625 0.234375 0.59375 0.228125 0.5208333328125 0.2453125 0.4270833328125 0.26875 0.4916666671875 0.2875 0.6166666671875001 0.3296875 0.6145833328125 0.340625 0.60625 0.3125 0.5854166671875001 0.3 0.5291666671875 0.2859375 0.375 0.290625 0.3708333328125 0.2984375 0.38333333281250004 0.2984375 0.44375 0.3328125 0.45208333281249996 0.3296875 0.40208333281249997 0.3140625 0.36875 0.296875 0.3020833328125 0.284375 0.21458333281250003 0.2625 0.19583333281249998 0.265625 0.16458333281249998 0.253125 0.1395833328125 0.240625 0.1395833328125 0.23125 0.16458333281249998 0.234375 0.1833333328125 0.19375 0.225 0.19375 0.2645833328125
10 0.225 0.1708333328125 0.215625 0.16875 0.2125 0.16875 0.196875 0.1875 0.1953125 0.2208333328125 0.2328125 0.1854166671875 0.225 0.1708333328125
14 0 0.6625 0.0078125 0.6791666671875001 0.0203125 0.6791666671875001 0.103125 0.65625 0.1625 0.6541666671875 0.18125 0.6604166671875 0.184375 0.6416666671875 0.1546875 0.6020833328124999 0.1359375 0.55625 0.1234375 0.47291666718750003 0.125 0.3895833328125 0.1421875 0.36666666718749996 0.1453125 0.3145833328125 0.16875 0.275 0.16875 0.2625 0.134375 0.2416666671875 0.05625 0.22916666718749998 0.0481770828125 0.22916666718749998 0 0.23125 0.0162259390625 0.4278236234375 0.010671284375 0.5351628609375 0 0.6625
4 0.165625 0.5583333328125 0.1734375 0.5666666671875 0.1828125 0.54375 0.184375 0.45208333281249996 0.1796875 0.43125 0.171875 0.43125 0.15625 0.43125 0.15625 0.55 0.159375 0.5625 0.165625 0.5583333328125
10 0.2421875 0.4916666671875 0.2359375 0.4895833328125 0.234375 0.575 0.2421875 0.5666666671875 0.2515625 0.48125 0.246875 0.46875 0.2421875 0.4916666671875
10 0.1859375 0.42291666718750004 0.1828125 0.5604166671875 0.1890625 0.6041666671875 0.2109375 0.5979166671875 0.215625 0.5875 0.209375 0.5770833328125 0.2046875 0.5208333328125 0.20625 0.3854166671875 0.196875 0.38333333281250004 0.19375 0.3708333328125 0.203125 0.28958333281250004 0.19375 0.2625 0.1921875 0.2270833328125 0.1921875 0.225 0.1703125 0.25 0.16875 0.28125 0.1734375 0.3895833328125 0.1859375 0.42291666718750004
5 0.9875 0.5625 0.984375 0.5666666671875 0.9984375 0.5666666671875 0.990625 0.5625 0.9875 0.5625
10 0.471875 0.25 0.471875 0.2854166671875 0.4421875 0.2916666671875 0.4390625 0.30416666718749996 0.46875 0.3125 0.4703125 0.4791666671875 0.490625 0.5458333328125 0.490625 0.5666666671875 0.478125 0.5729166671875 0.4625 0.5958333328125 0.5046875 0.6 0.51875 0.5916666671875 0.503125 0.45208333281249996 0.5109375 0.4 0.5109375 0.2770833328125 0.5 0.22916666718749998 0.478125 0.21875 0.4609375 0.1875 0.4484375 0.1875 0.4390625 0.20625 0.4390625 0.225 0.453125 0.24375 0.471875 0.25
10 0.3609375 0.33541666718749996 0.3609375 0.3604166671875 0.3765625 0.36875 0.378125 0.39791666718749996 0.415625 0.3958333328125 0.4234375 0.3333333328125 0.440625 0.3458333328125 0.4421875 0.3604166671875 0.4625 0.3625 0.4640625 0.35625 0.440625 0.3416666671875 0.4375 0.31875 0.4203125 0.2916666671875 0.421875 0.2541666671875 0.4125 0.2416666671875 0.403125 0.2416666671875 0.3953125 0.2604166671875 0.3953125 0.2854166671875 0.371875 0.2979166671875 0.3609375 0.33541666718749996
4 0.303125 0.5291666671875 0.3171875 0.5833333328125 0.325 0.5895833328125 0.4078125 0.5770833328125 0.4578125 0.58125 0.475 0.5729166671875 0.48125 0.5395833328124999 0.4671875 0.475 0.465625 0.4145833328125 0.4546875 0.4166666671875 0.459375 0.42291666718750004 0.446875 0.4291666671875 0.4140625 0.42083333281249996 0.40625 0.40625 0.3421875 0.40208333281249997 0.340625 0.4 0.3328125 0.40625 0.3328125 0.45416666718750004 0.296875 0.45416666718750004 0.303125 0.5291666671875
14 0.5578125 0.5875 0.534375 0.5354166671875 0.525 0.48333333281249996 0.528125 0.41041666718750003 0.54375 0.3604166671875 0.51875 0.35625 0.5140625 0.35625 0.503125 0.44375 0.515625 0.5708333328124999 0.5203125 0.58125 0.5578125 0.5875
11 0.0140625 0.5041666671875 0.0140625 0.43541666718750005 0.000014453124999999999 0.3438442109375 0.0015625 0.5770833328125 0.0140625 0.5041666671875