11 0.1125 0.4625 0.16875 0.35859375
5 0.81484375 0.43359375 0.0359375 0.15859375
12 0.9140625 0.46796875 0.16875 0.23125
15 0.4984375 0.75 0.996875 0.49140625
7 0.1671875 0.03984375 0.0625 0.0375
7 0.9546875 0.08203125 0.0875 0.05234375
7 0.62890625 0.334375 0.0171875 0.02734375
7 0.2640625 0.16953125 0.0625 0.03125
7 0.17890625 0.2 0.0421875 0.02109375
7 0.4234375 0.29765625 0.0375 0.01640625
7 0.66015625 0.11640625 0.0765625 0.04140625
7 0.371875 0.26640625 0.03125 0.01640625
7 0.28984375 0.24140625 0.0359375 0.02109375
7 0.3125 0.21484375 0.025 0.01640625
7 0.34921875 0.28671875 0.0203125 0.01484375
7 0.1828125 0.17421875 0.028125 0.01875
7 0.4359375 0.27109375 0.01875 0.0125
10 0.315625 0.403125 0.075 0.34765625
10 0.21015625 0.41953125 0.0640625 0.31875
10 0.4234375 0.44609375 0.046875 0.1875
10 0.5671875 0.453125 0.03125 0.15625