7 0 0.14375 0.025 0.1520833328125 0.0484375 0.1458333328125 0.0453125 0.13333333281249998 0.0296875 0.1270833328125 0.0208333328125 0.1270833328125 0 0.1291666671875 0 0.14375
7 0.090625 0.2625 0.08125 0.2625 0.065625 0.2708333328125 0.08125 0.28125 0.1078125 0.275 0.090625 0.2625
7 0.10625 0.2166666671875 0.0828125 0.2104166671875 0.0703125 0.2104166671875 0.0546875 0.2208333328125 0.0796875 0.23333333281250002 0.109375 0.2270833328125 0.10625 0.2166666671875
5 0.346875 0.3958333328125 0.3640625 0.39375 0.3671875 0.43958333281249995 0.3875 0.45625 0.384375 0.48125 0.3953125 0.48125 0.390625 0.43125 0.3984375 0.40208333281249997 0.4078125 0.3958333328125 0.4265625 0.43333333281249997 0.415625 0.45416666718750004 0.4171875 0.5104166671875 0.5171875 0.5041666671875 0.5171875 0.33541666718749996 0.35625 0.33541666718749996 0.353125 0.33541666718749996 0.3453125 0.35 0.340625 0.3916666671875 0.34375 0.4375 0.346875 0.3958333328125
15 0 0.9979166671874999 0.821875 0.9979166671874999 0.8109375 0.96875 0.6859375 0.7895833328124999 0.66875 0.76875 0.653125 0.7625 0.6578125 0.7458333328125 0.6515625 0.7333333328125 0.6484375 0.5833333328125 0.5953125 0.5583333328125 0.5734375 0.5395833328124999 0.55625 0.5375 0.55 0.5208333328125 0.471875 0.5125 0.46875 0.5125 0.3515625 0.5270833328125 0.3453125 0.54375 0.359375 0.5833333328125 0.3953125 0.60625 0.3875 0.61875 0.3609375 0.6291666671875 0.3328125 0.625 0.33125 0.5875 0.3171875 0.5520833328125 0.3140625 0.6208333328125 0.3578125 0.65625 0.3546875 0.6708333328125 0.334375 0.6791666671875001 0.2828125 0.6833333328125 0.2578125 0.66875 0.2125 0.6770833328125 0.20625 0.6583333328125 0.215625 0.6416666671875 0.215625 0.5875 0.2078125 0.5375 0.1890625 0.54375 0.184375 0.5583333328125 0.1703125 0.5583333328125 0.16875 0.55 0.1625 0.5604166671875 0.0953125 0.5583333328125 0.1015625 0.5770833328125 0.096875 0.5875 0.059375 0.5833333328125 0.053125 0.7166666671875 0.03125 0.7166666671875 0.0296875 0.6395833328125 0.01875 0.6416666671875 0.0125 0.65625 0 0.65625 0 0.9979166671874999
4 0.384375 0.5125 0.3796875 0.48333333281249996 0.371875 0.48541666718750004 0.3703125 0.47083333281249995 0.34375 0.46666666718750005 0.340625 0.46666666718750005 0.3421875 0.5145833328125 0.3671875 0.5208333328125 0.371875 0.49791666718750005 0.384375 0.5125
10 0.4140625 0.45416666718750004 0.425 0.43958333281249995 0.4078125 0.39791666718749996 0.403125 0.39791666718749996 0.3921875 0.43125 0.3984375 0.5145833328125 0.4125 0.5083333328124999 0.4140625 0.45416666718750004
7 0.396875 0.3458333328125 0.39375 0.3458333328125 0.39375 0.35625 0.40625 0.36875 0.4078125 0.3604166671875 0.396875 0.3458333328125
10 0.253125 0 0.2484375 0.0375 0.2203125 0.07083333281250001 0.2 0.1166666671875 0.2015625 0.2125 0.2078125 0.2520833328125 0.21875 0.27291666718749996 0.215625 0.30416666718749996 0.2296875 0.41041666718750003 0.228125 0.4604166671875 0.2171875 0.5083333328124999 0.21875 0.6395833328125 0.2109375 0.65625 0.215625 0.6729166671875 0.2203125 0.6625 0.2625 0.6604166671875 0.2703125 0.6729166671875 0.3171875 0.675 0.35 0.66875 0.3546875 0.6604166671875 0.31875 0.6333333328124999 0.3109375 0.6229166671875 0.3078125 0.6 0.3125 0.48541666718750004 0.3203125 0.47291666718750003 0.328125 0.39791666718749996 0.34375 0.3416666671875 0.34375 0.20833333281250002 0.3328125 0.1458333328125 0.33125 0.0916666671875 0.325 0.07083333281250001 0.2921875 0.0333333328125 0.3015625 0.0229166671875 0.296875 0 0.288125 0 0.253125 0
10 0.140625 0.3625 0.1421875 0.3854166671875 0.15 0.39375 0.1546875 0.5333333328125 0.146875 0.5479166671875 0.1515625 0.5541666671875001 0.1640625 0.5520833328125 0.16875 0.49791666718750005 0.175 0.5104166671875 0.1734375 0.5541666671875001 0.1828125 0.5520833328125 0.1859375 0.5208333328125 0.1828125 0.39791666718749996 0.1890625 0.3416666671875 0.178125 0.3291666671875 0.178125 0.30416666718749996 0.16875 0.29375 0.1671875 0.29375 0.159375 0.30416666718749996 0.1609375 0.3270833328125 0.1484375 0.3375 0.140625 0.3625
7 0.2 0.3125 0.1953125 0.3229166671875 0.2171875 0.3270833328125 0.2140625 0.3125 0.2 0.3125
7 0.146875 0.3020833328125 0.1359375 0.3020833328125 0.121875 0.30625 0.1453125 0.3145833328125 0.15 0.3104166671875 0.146875 0.3020833328125
7 0.1515625 0.2875 0.1546875 0.2979166671875 0.1671875 0.29375 0.165625 0.2875 0.1515625 0.2875
16 0.878125 0 0.8734375 0.0354166671875 0.8484375 0.054166667187499996 0.809375 0.1208333328125 0.7421875 0.19583333281249998 0.7390625 0.2166666671875 0.7203125 0.2208333328125 0.671875 0.2833333328125 0.6703125 0.66875 0.6578125 0.6729166671875 0.65625 0.7270833328124999 0.834375 0.9979166671874999 0.9984375 0.9979166671874999 0.9984375 0 0.9375 0 0.934375 0.0083333328125 0.9296875 0 0.8828125 0 0.878125 0
7 0.6875 0.1041666671875 0.734375 0.0958333328125 0.7484375 0.08333333281250001 0.75 0.07291666718749999 0.74375 0.058333332812500006 0.73125 0.05208333281250001 0.7234375 0.05208333281250001 0.6796875 0.058333332812500006 0.6625 0.0875 0.66875 0.0979166671875 0.6875 0.1041666671875
7 0.68125 0.1895833328125 0.68125 0.1729166671875 0.6671875 0.16458333281249998 0.65703125 0.16458333281249998 0.6265625 0.1729166671875 0.6234375 0.19375 0.65 0.1979166671875 0.68125 0.1895833328125
7 0.446875 0.1979166671875 0.45625 0.1875 0.4515625 0.175 0.425 0.1708333328125 0.4140625 0.1708333328125 0.396875 0.1729166671875 0.39375 0.1895833328125 0.409375 0.1979166671875 0.446875 0.1979166671875
10 0.54375 0.41875 0.540625 0.41875 0.55625 0.5208333328125 0.55625 0.4583333328125 0.5640625 0.4375 0.54375 0.41875
14 0 0.6520833328125 0.0125 0.6520833328125 0.0234375 0.625 0.0140625 0.6020833328124999 0.01875 0.5791666671875 0.0125 0.49791666718750005 0.0125 0.46875 0.021875 0.45625 0.03125 0.47083333281249995 0.0328125 0.7 0.0359375 0.7104166671875001 0.0484375 0.7125 0.053125 0.6979166671875 0.0546875 0.3895833328125 0.046875 0.3770833328125 0.0859375 0.3708333328125 0.08125 0.34375 0.0015625 0.3333333328125 0 0.3333333328125 0 0.42083333281249996 0.009375 0.42291666718750004 0 0.45625 0 0.6520833328125
14 0.0984375 0.575 0.0765625 0.53125 0.0703125 0.4770833328125 0.0734375 0.43541666718750005 0.0828125 0.39791666718749996 0.0921875 0.3854166671875 0.090625 0.375 0.08125 0.375 0.0546875 0.39791666718749996 0.0546875 0.5729166671875 0.0953125 0.58125 0.0984375 0.575
14 0.09375 0.5145833328125 0.0828125 0.5395833328124999 0.0890625 0.5541666671875001 0.134375 0.5541666671875001 0.1484375 0.54375 0.1359375 0.5166666671875 0.13125 0.4791666671875 0.1328125 0.45208333281249996 0.1453125 0.4145833328125 0.11875 0.40833333281249995 0.109375 0.40833333281249995 0.08125 0.4145833328125 0.0921875 0.43958333281249995 0.096875 0.4791666671875 0.09375 0.5145833328125
14 0.028125 0.5770833328125 0.03125 0.5645833328125 0.0296875 0.45416666718750004 0.025 0.45416666718750004 0.0171875 0.4625 0.015625 0.4895833328125 0.0203125 0.5791666671875 0.028125 0.5770833328125
12 0.646875 0.575 0.6578125 0.5770833328125 0.6671875 0.56875 0.665625 0.3875 0.6578125 0.3875 0.56875 0.44166666718750003 0.559375 0.45416666718750004 0.559375 0.5270833328125 0.646875 0.575
7 0.4359375 0.1 0.4421875 0.0895833328125 0.4375 0.06875 0.4125 0.058333332812500006 0.40234375 0.058333332812500006 0.371875 0.0645833328125 0.359375 0.0916666671875 0.4015625 0.10625 0.4359375 0.1
1 0.0296875 0.33125 0.040625 0.30416666718749996 0.0390625 0.2125 0.0359375 0.20416666718749998 0.0140625 0.19583333281249998 0.00625 0.19583333281249998 0.003125 0.2854166671875 0.0234375 0.3083333328125 0.015625 0.3291666671875 0.0296875 0.33125