11 0.0875 0.36875 0.0625 0.42890625
5 0.51640625 0.428125 0.0671875 0.18515625
12 0.8875 0.47421875 0.21875 0.29375
15 0.4984375 0.75546875 0.996875 0.48125
7 0.5015625 0.30234375 0.021875 0.0375
7 0.00703125 0.11015625 0.0140625 0.02890625
7 0.978125 0.33125 0.028125 0.025
7 0.12890625 0.16484375 0.0484375 0.025
7 0.3484375 0.40546875 0.021875 0.02734375
7 0.11796875 0.20390625 0.0140625 0.01640625
7 0.1609375 0.23984375 0.025 0.01640625
7 0.2234375 0.22890625 0.05625 0.025
7 0.22890625 0.18046875 0.0296875 0.01875
7 0.00859375 0.046875 0.0171875 0.02734375
14 0.190625 0.47421875 0.125 0.23984375
10 0.25234375 0.41640625 0.0828125 0.29609375
10 0.18984375 0.33046875 0.0453125 0.06015625
10 0.0171875 0.421875 0.034375 0.26015625
10 0.4109375 0.43828125 0.040625 0.21875
10 0.4390625 0.43984375 0.040625 0.2125