10 0.1265625 0.45 0.1375 0.43958333281249995 0.14375 0.4479166671875 0.140625 0.4625 0.1515625 0.5020833328125 0.1515625 0.5333333328125 0.1609375 0.5354166671875 0.165625 0.41041666718750003 0.153125 0.38333333281250004 0.15 0.38333333281250004 0.140625 0.3958333328125 0.1390625 0.43541666718750005 0.13125 0.4375 0.1265625 0.45
5 0.1640625 0.4145833328125 0.1640625 0.4875 0.18125 0.48333333281249996 0.18125 0.3583333328125 0.146875 0.35625 0.1453125 0.3541666671875 0.1453125 0.3854166671875 0.153125 0.38333333281250004 0.159375 0.3916666671875 0.1640625 0.4145833328125
12 0.4609375 0.40416666718750005 0.4390625 0.41875 0.4359375 0.43333333281249997 0.425 0.44166666718750003 0.4359375 0.46458333281249997 0.4234375 0.47291666718750003 0.4328125 0.4770833328125 0.4234375 0.4895833328125 0.4328125 0.4916666671875 0.428125 0.5041666671875 0.434375 0.54375 0.4578125 0.56875 0.465625 0.5645833328125 0.471875 0.575 0.4703125 0.5979166671875 0.48125 0.5916666671875 0.475 0.5833333328125 0.478125 0.5770833328125 0.5015625 0.6020833328124999 0.5171875 0.6041666671875 0.5203125 0.6229166671875 0.5359375 0.6145833328125 0.55625 0.6291666671875 0.565625 0.6416666671875 0.5609375 0.6458333328125 0.5828125 0.6479166671875001 0.6140625 0.6666666671875 0.628125 0.6833333328125 0.625 0.7083333328125 0.6296875 0.7229166671875 0.634375 0.7145833328125 0.6453125 0.7166666671875 0.65 0.7020833328125 0.6609375 0.7020833328125 0.75625 0.7708333328125 0.7671875 0.7979166671875 0.7609375 0.8166666671874999 0.7859375 0.8333333328125001 0.7890625 0.8291666671875 0.7671875 0.8083333328125001 0.7703125 0.7791666671875 0.8078125 0.7770833328125 0.83125 0.7916666671875 0.8578125 0.7916666671875 0.875 0.7854166671875 0.8765625 0.7645833328125 0.8890625 0.76875 0.8984375 0.78125 0.89375 0.7854166671875 0.903125 0.7875 0.9078125 0.7770833328125 0.928125 0.7875 0.925 0.775 0.9296875 0.7729166671875001 0.9359375 0.7854166671875 0.95 0.7875 0.9484375 0.7729166671875001 0.9546875 0.7645833328125 0.9984375 0.7604166671875 0.9984375 0.0666666671875 0.7828125 0.054166667187499996 0.774609375 0.054166667187499996 0.75 0.054166667187499996 0.740625 0.0625 0.5 0.3458333328125 0.4609375 0.40416666718750005
15 0 0.9979166671874999 0.9984375 0.9979166671874999 0.9984375 0.7916666671875 0.890625 0.79375 0.8734375 0.8020833328125001 0.83125 0.8020833328125001 0.8140625 0.7916666671875 0.8046875 0.8104166671874999 0.80625 0.8354166671875 0.7875 0.8395833328125001 0.78125 0.8520833328125 0.7796875 0.8395833328125001 0.7640625 0.8375 0.75 0.8208333328125 0.7578125 0.8104166671874999 0.75625 0.7833333328125 0.7390625 0.7645833328125 0.6765625 0.71875 0.65625 0.7145833328125 0.653125 0.7270833328124999 0.64375 0.7270833328124999 0.6453125 0.74375 0.6546875 0.7458333328125 0.640625 0.7583333328124999 0.634375 0.7416666671875001 0.6375 0.75625 0.6296875 0.7666666671875 0.6265625 0.7395833328125 0.6171875 0.7395833328125 0.596875 0.7125 0.5796875 0.7104166671875001 0.58125 0.6979166671875 0.5640625 0.6958333328124999 0.559375 0.6875 0.5671875 0.68125 0.5453125 0.6729166671875 0.5546875 0.6708333328125 0.553125 0.6645833328124999 0.53125 0.6625 0.5015625 0.6354166671875 0.496875 0.6229166671875 0.46875 0.6125 0.465625 0.6 0.4375 0.5770833328125 0.434375 0.5625 0.421875 0.5583333328125 0.4171875 0.5354166671875 0.375 0.5395833328124999 0.3546875 0.5291666671875 0.3515625 0.5291666671875 0 0.5666666671875 0 0.9979166671874999
7 0.2265625 0.325 0.203125 0.3 0.2 0.3 0.196875 0.3104166671875 0.2171875 0.33541666718749996 0.2265625 0.3375 0.2265625 0.325
7 0.184375 0.060416667187499995 0.2265625 0.07291666718749999 0.2515625 0.07291666718749999 0.2671875 0.060416667187499995 0.2609375 0.03125 0.2125 0.0166666671875 0.1984375 0.0166666671875 0.184375 0.01875 0.171875 0.03125 0.171875 0.0458333328125 0.184375 0.060416667187499995
7 0.55 0.0916666671875 0.590625 0.0791666671875 0.590625 0.05 0.56875 0.0354166671875 0.5609375 0.0354166671875 0.521875 0.0416666671875 0.5078125 0.060416667187499995 0.509375 0.0770833328125 0.55 0.0916666671875
7 0.30625 0.23333333281250002 0.3046875 0.2479166671875 0.3203125 0.24583333281250003 0.31875 0.23333333281250002 0.30625 0.23333333281250002
7 0.5859375 0.3166666671875 0.5765625 0.30625 0.575 0.30625 0.5546875 0.325 0.5546875 0.3416666671875 0.56875 0.3375 0.5859375 0.3166666671875
10 0.3921875 0.53125 0.4 0.46875 0.3984375 0.43125 0.3890625 0.3958333328125 0.384375 0.3958333328125 0.3703125 0.4458333328125 0.36875 0.50625 0.3796875 0.5333333328125 0.3921875 0.53125
14 0.0171875 0.55625 0.0890625 0.5520833328125 0.071875 0.5145833328125 0.0671875 0.48125 0.0796875 0.425 0.0625 0.42083333281249996 0.0546875 0.42083333281249996 0.0375 0.4625 0.0328125 0.5125 0.0125 0.5479166671875 0.0171875 0.55625
4 0.090625 0.54375 0.1453125 0.5354166671875 0.1453125 0.4770833328125 0.1203125 0.4604166671875 0.078125 0.4583333328125 0.0765625 0.44166666718750003 0.075 0.44166666718750003 0.06875 0.4604166671875 0.06875 0.49375 0.0765625 0.525 0.090625 0.54375
10 0 0.4916666671875 0.0109375 0.49791666718750005 0.015625 0.49583333281249997 0.0140625 0.48541666718750004 0.0359375 0.4625 0.040625 0.4375 0.0484375 0.4291666671875 0.0484375 0.41875 0.04375 0.42291666718750004 0.0328125 0.40208333281249997 0.0296875 0.40208333281249997 0.0125 0.42291666718750004 0.009375 0.45 0 0.4604166671875 0 0.4916666671875
10 0.115625 0.4375 0.103125 0.38333333281250004 0.0984375 0.38333333281250004 0.09375 0.40208333281249997 0.0828125 0.4125 0.0796875 0.45208333281249996 0.115625 0.4375
10 0.0625 0.3625 0.0578125 0.3625 0.040625 0.3958333328125 0.053125 0.41875 0.0796875 0.41875 0.0625 0.3625
5 0.3125 0.5208333328125 0.3125 0.46666666718750005 0.3171875 0.46875 0.31875 0.5145833328125 0.365625 0.5104166671875 0.36875 0.44375 0.38125 0.3958333328125 0.375 0.3458333328125 0.3671875 0.3375 0.3625 0.3375 0.3171875 0.3604166671875 0.25625 0.3604166671875 0.2609375 0.5229166671875001 0.3125 0.5208333328125