5 0.7296875 0.42265625 0.103125 0.19609375
12 0.109375 0.51484375 0.21875 0.70859375
15 0.49921875 0.75546875 0.9953125 0.48125
7 0.98828125 0.02421875 0.0203125 0.04765625
7 0.27109375 0.109375 0.0515625 0.03125
7 0.6640625 0.04140625 0.09375 0.0625
7 0.64453125 0.35390625 0.0171875 0.025
7 0.33828125 0.2625 0.0453125 0.02109375
7 0.9515625 0.15 0.078125 0.04609375
7 0.3328125 0.20703125 0.053125 0.02734375
7 0.36875 0.24140625 0.021875 0.01640625
7 0.4578125 0.31328125 0.034375 0.01484375
7 0.415625 0.284375 0.025 0.01484375
10 0.46171875 0.45234375 0.0390625 0.16640625
10 0.38671875 0.41484375 0.0609375 0.28359375
10 0.60703125 0.46171875 0.0265625 0.13515625
10 0.575 0.4625 0.04375 0.13359375
10 0.29140625 0.42109375 0.0734375 0.27109375
10 0.5875 0.459375 0.021875 0.13984375