11 0.61640625 0.26953125 0.0390625 0.5390625
11 0.23125 0.46796875 0.14375 0.29765625
11 0.6953125 0.43515625 0.0375 0.21640625
18 0.48984375 0.325 0.2296875 0.35
15 0.49921875 0.75625 0.9984375 0.47890625
7 0.4609375 0.12421875 0.075 0.03984375
7 0.2296875 0.12421875 0.040625 0.03125
7 0.72265625 0.11796875 0.0765625 0.03984375
7 0.99296875 0.11484375 0.0109375 0.0375
10 0.14765625 0.36015625 0.1390625 0.54609375
10 0.6703125 0.44296875 0.053125 0.21484375
10 0.33359375 0.42890625 0.0703125 0.28359375
10 0.75 0.36015625 0.034375 0.05390625