7 0.6453125 0.0875 0.6625 0.0916666671875 0.7203125 0.0770833328125 0.725 0.06875 0.721875 0.04375 0.7015625 0.0333333328125 0.6921875 0.0333333328125 0.6484375 0.0416666671875 0.6375 0.054166667187499996 0.634375 0.075 0.6453125 0.0875
7 0.0029296875 0.265625 0.037109375 0.2669270828125 0.04296875 0.25390625 0.0341796875 0.24739583281250002 0 0.24869791718749998 0.0029296875 0.265625
7 0 0.2104166671875 0.0375 0.20833333281250002 0.0375 0.19375 0.0171875 0.1854166671875 0.00859375 0.1854166671875 0 0.1854166671875 0 0.2104166671875
5 0.296875 0.41796875 0.302734375 0.4440104171875 0.3447265625 0.4479166671875 0.349609375 0.4231770828125 0.3642578125 0.4010416671875 0.376953125 0.4388020828125 0.3671875 0.4622395828125 0.369140625 0.5143229171875 0.3740234375 0.5234375 0.3828125 0.5221354171875 0.482421875 0.5143229171875 0.4833984375 0.3359375 0.296875 0.3346354171875 0.296875 0.41796875
10 0.365625 0.5229166671875001 0.3640625 0.46666666718750005 0.3765625 0.44166666718750003 0.3640625 0.41875 0.3640625 0.4 0.3609375 0.4 0.346875 0.43125 0.3453125 0.4770833328125 0.3515625 0.5125 0.365625 0.5229166671875001
7 0.35625 0.34375 0.353125 0.34375 0.3515625 0.35625 0.365625 0.3708333328125 0.36875 0.3625 0.35625 0.34375
7 0.396875 0.075 0.3984375 0.0458333328125 0.3640625 0.0270833328125 0.35625 0.0270833328125 0.3234375 0.0333333328125 0.3140625 0.0666666671875 0.359375 0.08333333281250001 0.396875 0.075
16 1 0.0013020828125 0.8134765625 0.0026041671875 0.689453125 0.1809895828125 0.6875 0.7877604171875 0.66796875 0.7981770828125 0.666015625 0.86328125 0.70703125 0.9466145828125001 0.7392578125 0.9947916671874999 1 0.99609375 1 0.0013020828125
7 0.684375 0.3958333328125 0.678125 0.3916666671875 0.6671875 0.3916666671875 0.6546875 0.40208333281249997 0.6609375 0.4125 0.68125 0.41041666718750003 0.684375 0.3958333328125
10 0.5328125 0.44375 0.5171875 0.4145833328125 0.5125 0.4145833328125 0.50625 0.46666666718750005 0.5171875 0.5354166671875 0.5203125 0.46458333281249997 0.5328125 0.44375
10 0.0484375 0 0.046875 0.08333333281250001 0.0546875 0.1854166671875 0.040625 0.2208333328125 0.040625 0.24375 0.0640625 0.3229166671875 0.0671875 0.39791666718749996 0.05 0.5645833328125 0.059375 0.6958333328124999 0.0484375 0.73125 0.075 0.7395833328125 0.10625 0.7270833328124999 0.11875 0.7083333328125 0.121875 0.7145833328125 0.1125 0.7458333328125 0.1203125 0.7520833328125 0.2078125 0.7479166671875 0.2453125 0.7270833328124999 0.240625 0.7145833328125 0.21875 0.7104166671875001 0.1890625 0.6875 0.1703125 0.6416666671875 0.1734375 0.55625 0.1921875 0.4625 0.190625 0.38333333281250004 0.2015625 0.3125 0.2015625 0.2625 0.190625 0.2375 0.1953125 0.23125 0.1859375 0.2166666671875 0.175 0.15 0.1828125 0.1458333328125 0.175 0.1416666671875 0.1671875 0.0979166671875 0.1671875 0.08541666718749999 0.1734375 0.0791666671875 0.1765625 0.08541666718749999 0.175 0 0.16708984375 0 0.0484375 0
15 0.6669921875 0.78125 0.6787109375 0.78125 0.685546875 0.7669270828125 0.685546875 0.6080729171875 0.6796875 0.60546875 0.6748046875 0.5833333328125 0.6572265625 0.5833333328125 0.6455078125 0.5989583328125 0.6396484375 0.5911458328125 0.6357421875 0.6015625 0.6279296875 0.6015625 0.5283203125 0.5416666671875 0.5166015625 0.5416666671875 0.5126953125 0.5286458328125 0.4912109375 0.53125 0.4794921875 0.5234375 0.4287109375 0.5208333328125 0.2978515625 0.5416666671875 0.2666015625 0.5390625 0.265625 0.57421875 0.279296875 0.6236979171875 0.3125 0.6549479171875 0.3076171875 0.6744791671875 0.2724609375 0.6770833328125 0.244140625 0.66796875 0.2421875 0.6158854171875 0.21875 0.5481770828125 0.1865234375 0.5520833328125 0.177734375 0.6236979171875 0.205078125 0.6653645828125 0.205078125 0.6940104171875 0.2119140625 0.703125 0.2412109375 0.7109375 0.248046875 0.73046875 0.2314453125 0.7473958328125 0.2099609375 0.7526041671875 0.1220703125 0.7604166671875 0.1044921875 0.7395833328125 0.048828125 0.74609375 0.044921875 0.72265625 0.0546875 0.6888020828125 0.048828125 0.5794270828125 0.0400390625 0.5703125 0 0.5716145828125 0.0009765625 0.9973958328125001 0.724609375 0.99609375 0.724609375 0.9830729171874999 0.6640625 0.87109375 0.662109375 0.7903645828125 0.6669921875 0.78125
7 0.3515625 0.1627604171875 0.3515625 0.17578125 0.3583984375 0.1822916671875 0.3984375 0.1888020828125 0.4130859375 0.1848958328125 0.41796875 0.16796875 0.3955078125 0.15625 0.3515625 0.1627604171875
7 0.58984375 0.1731770828125 0.5947265625 0.1901041671875 0.6328125 0.19140625 0.654296875 0.1809895828125 0.6494140625 0.1614583328125 0.6142578125 0.15625 0.58984375 0.1731770828125
14 0 0.56640625 0.048828125 0.56640625 0.052734375 0.4544270828125 0.064453125 0.41015625 0.0556640625 0.4036458328125 0.0009765625 0.4036458328125 0 0.42578125 0.009765625 0.4596354171875 0.009765625 0.5143229171875 0 0.54296875 0 0.56640625