11 0.52578125 0.275 0.0484375 0.55
18 0.36015625 0.26796875 0.2890625 0.43984375
12 0.10625 0.44765625 0.1625 0.33359375
15 0.49921875 0.75703125 0.9953125 0.47734375
7 0.66015625 0.01640625 0.0953125 0.0328125
7 0.321875 0.009375 0.09375 0.01875
7 0.94140625 0.02890625 0.0171875 0.03359375
10 0.578125 0.41171875 0.09375 0.30234375
10 0.20859375 0.42578125 0.0546875 0.25234375
10 0.03359375 0.32109375 0.0671875 0.62890625
10 0.7265625 0.47578125 0.03125 0.13515625
10 0.27578125 0.428125 0.0828125 0.25625