11 0.21015625 0.39453125 0.0515625 0.35234375
5 0.5546875 0.43671875 0.0625 0.17265625
12 0.8921875 0.48125 0.209375 0.28359375
15 0.49921875 0.75546875 0.9953125 0.48125
7 0.03828125 0.03203125 0.0765625 0.05234375
7 0.925 0.02734375 0.103125 0.05390625
7 0.09453125 0.16015625 0.0609375 0.03359375
7 0.53984375 0.31796875 0.0203125 0.03515625
7 0.58046875 0.04375 0.0921875 0.05859375
7 0.2171875 0.20546875 0.040625 0.02265625
7 0.11953125 0.11796875 0.0328125 0.02265625
7 0.29296875 0.25703125 0.0484375 0.02265625
7 0.18125 0.23515625 0.021875 0.01640625
7 0.30234375 0.21875 0.0234375 0.01640625
7 0.2375 0.265625 0.01875 0.01484375
10 0.03671875 0.334375 0.0734375 0.60234375
10 0.1359375 0.440625 0.040625 0.23515625
10 0.3390625 0.434375 0.0625 0.24765625
10 0.5 0.44609375 0.040625 0.18359375
10 0.28828125 0.35859375 0.0421875 0.05390625
10 0.46875 0.44765625 0.034375 0.19609375